#! FIELDS time e sigma_e height logweight
#! SET action OPES_METAD_kernels
#! SET biasfactor       2.698418390276557
#! SET epsilon     0.01374333274381851
#! SET kernel_cutoff       2.928208142815685
#! SET compression_threshold                       1
                   1000      2.701937690461893    0.06053155025577301    0.06672079877255445     -2.698418390276557
                   2000      2.719779993545489    0.05394129769653153      1.091651175921576   -0.01875679632845911
                   3000      2.606921157099822    0.05179873945026228     0.3102771309510433     -1.317268158236828
                   4000      2.681854138197301    0.04891469877455973      1.430332746558938      0.153640484632952
                   5000      2.676707903785017    0.04675504912035931      1.600704476663066     0.2210215205127358
                   6000      2.685486101112362    0.04503855820683642      1.717537035063084     0.2540657179408403
                   7000      2.578445404355605    0.04417203816593338      0.499680474008912     -1.000039030830459
                   8000       2.41514042479421    0.04399500613345457     0.0917993594944652     -2.698418390276557
                   9000       2.64624068633112    0.04285245759943487      2.015525635164352     0.3642984572268216
                  10000      2.478552015567499    0.04259799701938299     0.1785614590138835     -2.065359757198397
                  11000       2.52977649176645    0.04198692476637599     0.5115923976493695     -1.027213376831891
                  12000      2.767649431897274    0.04105534967306355      1.170593306719832     -0.221912693873235
                  13000      2.728799319143159    0.04040258033259412      2.432944210055846     0.4936512233470938
                  14000      2.660744605426476    0.03978730793212051      2.620698175726178     0.5526441645907237
                  15000      2.631947794077577    0.03910643272141076      2.363656368733839     0.4321521398488886
                  16000      2.503868682711345    0.03879541382538392      0.510308728524799     -1.108781909321362
                  17000      2.656872132774781     0.0382562684581913      2.719813516616358     0.5505261837733223
                  18000      2.464547258846986    0.03802398844767083     0.4417673852379276     -1.273099139906638
                  19000      2.605551163384731    0.03746662384005738      2.072749929242514     0.2579821373869416
                  20000      2.318608237676424    0.03740892239183057     0.1134052629940206     -2.649222797511042
                  21000       2.24607549374155    0.03734739929304175     0.1220843734445673     -2.577124171448791
                  22000      2.405462085786821    0.03720157539362353     0.3081388259768217      -1.65519831641625
                  23000      2.552373353600474    0.03677563367326638      1.269423401365298    -0.2509462820932734
                  24000      2.499285060017688     0.0364255271759172      1.013125167629507    -0.4860349583652222
                  25000      2.542206493930839    0.03601100815383874      1.564807877192312   -0.06275683417793065
                  26000      2.475930016466686    0.03567913186215347      1.129119689612107    -0.3983402926472549
                  27000       2.26738389358108    0.03559716289807612     0.2174783997452328     -2.047734366315392
                  28000      2.678280200697071    0.03535156915233169      3.272538010406317     0.6565640520006316
                  29000      2.664130801073777    0.03512894430747285      3.536580410848037     0.7278411272232862
                  30000      2.004545455871695    0.03509255167150167     0.1150874812926755     -2.698418390276557
                  31000      2.701592028309067    0.03483502022379314      3.472087298385586     0.7010345868456438
                  32000      2.339121062190484    0.03476739996548116     0.2425235330185537     -1.962320927035353
                  33000      2.400184585845878     0.0346546111045203     0.4278245256841763      -1.39795592301765
                  34000      2.696877259655037    0.03444690167643465      3.829756738195935     0.7878757807136847
                  35000      2.472036816950714    0.03421804848498231      1.160098842434798    -0.4130861133931575
                  36000      2.333778769501531    0.03413304970238411     0.3627096473513294     -1.578231082158984
                  37000      2.441652719079224    0.03393865975696865      0.985141501960321    -0.5847597831093557
                  38000      2.555663908525539    0.03368539984877755      1.573637662368371    -0.1238901359518444
                  39000      2.655122275736831    0.03350857282516118      3.949358421304924     0.7910098898340231
                  40000      2.567753122526726    0.03326249692510624      1.814826999023592   0.006076127469901794
                  41000       2.64827770234613    0.03307819305291119      3.931490948469934     0.7735484130270278
                  42000       2.54767360829479    0.03284986672221593      1.887643316166378    0.03293225389125656
                  43000       2.60445529153762    0.03261293675694465      2.711664976014238     0.3879273089974213
                  44000      2.496026985953062    0.03242153650839799      1.577061170341563    -0.1599585569095943
                  45000      2.604040446362124    0.03220327407804274      2.844050390519492     0.4229527945710832
                  46000      2.436795617477715    0.03207076207833081      1.022831347230398    -0.6038251734219494
                  47000      2.492399259155296    0.03188962048737041      1.718266601598208   -0.09074798905387699
                  48000      2.493448047043611    0.03170604279077916      1.895658454784325   0.001728972533435728
                  49000      2.707544611387906     0.0315232686249914      3.256755487003871     0.5371128478263346
                  50000      2.729717872599217    0.03133768179708202      2.562292758649368     0.2913791690291479
                  51000       2.45631085243177    0.03119131167169515      1.521479447732423    -0.2345217958831108
                  52000      2.721471300257842     0.0310187291713231      2.990109649946227     0.4355566855976297
                  53000      2.660596384570728    0.03087460945814093      3.786424564020045      0.667011770539845
                  54000      1.920131325397095    0.03085888912721985     0.1327915232473812     -2.683894588054294
                  55000      2.101378320460319    0.03084336832221141     0.1313764920964445     -2.695110892535764
                  56000      2.611249952919187    0.03068454222122666      3.237294590698684     0.5041524329821176
                  57000      2.661777447774159    0.03057763188389513      4.435153927919877      0.815486517945327
                  58000      2.683154899601595    0.03047207952571765      4.540939631795759     0.8356002347416163
                  59000      2.643987813908008    0.03035382169942918      4.372097537119553     0.7938207478219319
                  60000      2.674863838312154    0.03025749494063333       4.84612324643586     0.8935784128807135
                  61000      2.727613931376493    0.03011179107488841      3.198921167610195     0.4733858807303232
                  62000      1.629862449024382    0.03009958450608451     0.1341783765549916     -2.698418390276557
                  63000      2.047276833890298    0.03008452136284917     0.1668334651045432     -2.481092942228997
                  64000      1.802171975513787    0.03007235471384923     0.1342998718403068     -2.698418390276557
                  65000      1.792376929289186     0.0300552081428664     0.1915276172621171     -2.344031865647486
                  66000      1.734542588222547    0.03004149833667355     0.1524968078866358     -2.572376473562978
                  67000      1.894256979758084    0.03002541973834566     0.1800886954170153     -2.406606011863001
                  68000      1.862664992890794    0.03000689015703961     0.2091197316663417     -2.257765847292589
                  69000      1.964071589995932    0.02998956725175824     0.1955942886868307     -2.325207720066903
                  70000      1.997981781053948    0.02996681959211514      0.260510574757283     -2.039365630775273
                  71000      2.530963788150756    0.02983309253519129      2.545925961425008     0.2357681222727674
                  72000      2.298835047758008    0.02980036904552251     0.3962809349834915     -1.625455672188419
                  73000      2.615885105849669    0.02969889645948571      4.627487668226344     0.8287794272229767
                  74000      2.477586131727339    0.02957425653719396      2.460600607472388     0.1929651786317673
                  75000      2.700428667295522    0.02952133657955917      5.623028204920507      1.017639058859571
                  76000      2.340404048328756    0.02948419943952224     0.5119199069847197     -1.380077152437185
                  77000      2.677137605302262    0.02946063245393396      6.252746556115949      1.121731133005247
                  78000      2.698768485683337    0.02940446998899881      5.928710939195891      1.066608950824723
                  79000      2.540985706377831    0.02929152386397615      2.455178421500963     0.1811530594183207
                  80000      2.430519124782791      0.029212724243365      1.413647667505862    -0.3735668240040714
                  81000      2.505567208242419    0.02910100166716797      2.620635513690217     0.2398448837517684
                  82000      2.293493684629241    0.02906944655617592     0.5010633661134416     -1.415679592774543
                  83000      2.496330872128369    0.02895821034493969      2.814117448367329     0.3061579008854102
                  84000      2.472919008309632    0.02885060215933199      2.727002039905146     0.2709891544912842
                  85000      2.502365259706187    0.02874144302461804      3.151158433919793     0.4117656688246806
                  86000      2.608312732518529    0.02863560112708148      3.899598803646238     0.6211798531264751
                  87000      2.615525763834084        0.0285374295961      4.397661144882661     0.7379448241806028
                  88000      2.202033848909443    0.02852740352752866     0.1729174253006095     -2.498420518471366
                  89000      2.498816552085084    0.02842460907864051      3.431082515929699     0.4857865382873849
                  90000      2.415616958224129    0.02836585820391946      1.238545226822003    -0.5352208294680211
                  91000      2.652934994422386    0.02831222770120526      5.960596976551608      1.034119863269564
                  92000      2.525817800751318    0.02821495051986428      3.219955875206436     0.4148750916259193
                  93000      2.581447239262084    0.02811906820990061      3.353237036552307     0.4520295268230671
                  94000      2.457281117897658    0.02803002921583591      2.740642327516958     0.2471241642875614
                  95000      2.487423251208568    0.02793750199873511      3.732301097221021     0.5526503412810074
                  96000      2.730547090792756    0.02784779356123243      4.031264287189997     0.6264892208689438
                  97000      2.608656876890276    0.02776416385366589       4.55959703853661     0.7466358077765929
                  98000      2.289769169654422    0.02773891828307502     0.5683168782085131     -1.336584274588607
                  99000      2.558823359877316    0.02765350477257951      3.158527765047131      0.375513934496901
                 100000      2.170501038688922    0.02764506863473432     0.1837165006055521      -2.46925866685672
                 101000      2.356903847403052    0.02761914746202697     0.6015731771319942     -1.284042374631973
                 102000      2.730997998176928     0.0275369595012405       4.32219954260859     0.6849489480415166
                 103000      2.491610704104799    0.02745431203183276      4.029497857284382     0.6118204471915604
                 104000      1.894931349486586    0.02744201001550431     0.2864714578604615     -2.032385882067063
                 105000      1.888624097279245    0.02742678651892126     0.3590239637608572     -1.807190557496722
                 106000      1.775486571256615    0.02741583536819098     0.2550460256064143     -2.149535040157826
                 107000      2.511722893136533    0.02733547872440801      4.075359327813113     0.6187998046210029
                 108000      2.695836134510367    0.02728610708296514      6.050697221288893      1.012206620967373
                 109000      2.681300512863113    0.02724315196311036       6.37463232690539      1.062784038369292
                 110000      2.696356346475653      0.027196184019321      6.319695472507849      1.052403130098568
                 111000      2.686417850748122    0.02715420525782775       6.60393774148855      1.094853460573956
                 112000      2.551988554744166    0.02708020066514372      3.229037948100795     0.3766425398646403
                 113000      2.430195440481167    0.02702678176435013      1.819056819454414    -0.1991981349528389
                 114000      2.354760198575687     0.0270041667701988     0.6511087922509423     -1.227431918445422
                 115000      2.651535023263707    0.02694961801615451      6.047997762241658     0.9993518301122876
                 116000      2.543402021120236    0.02687773253399194      3.457883244277361     0.4376102174863695
                 117000      2.723791374027229      0.026810784305632      5.120652531529416     0.8277415223126443
                 118000      2.645219960427954     0.0267542588738353      5.917218947420972      0.970215674807331
                 119000      2.647057990494911    0.02670155080866286      6.176370311790794      1.011107854954465
                 120000      2.610716898879535    0.02663339721498367      4.702521859784113     0.7359203311667397
                 121000      2.595530774835328    0.02656510313337649      4.247122075611419     0.6314954748573337
                 122000      2.664874264084978    0.02652431645530927      6.842810181226469      1.106915844587008
                 123000      2.628112363492717    0.02646575358359667      5.736818461293431       0.92841179903573
                 124000      2.434209094002321    0.02641921725811196      1.950745008445104    -0.1520415352122815
                 125000      2.662889848770517    0.02637869189387084      6.932004597406107      1.114361031865161
                 126000        2.2552827814407    0.02636736043516202     0.3947892538105907      -1.75162085524846
                 127000      2.606922124660575    0.02630440933686841      4.969036518037951     0.7786179800688975
                 128000      2.660258243307265    0.02626419312209158      7.012722178501623      1.121587924616258
                 129000      2.523591782562486    0.02620356148864695      3.565901319749467     0.4429676205135089
                 130000      2.320293087138468    0.02618566257828583      0.684123344614158     -1.208749580309885
                 131000      2.292876377781723    0.02616791948289716     0.6800520795847343     -1.215396245040756
                 132000      2.398994380634199    0.02614178900052532      1.054610385935672    -0.7776380208856517
                 133000      2.445358673045352    0.02609287380913373      2.417484771647951    0.05004532980369561
                 134000      2.527467674481514     0.0260340458712778      3.660641311448192     0.4626989295673098
                 135000      2.475066167718363    0.02597687903445457      3.487236004465754      0.411971758898562
                 136000      2.563548245282275    0.02592047883200694      3.484376751954902     0.4089779734519198
                 137000      2.674370975176098    0.02588322190942375       7.06054196906735      1.113772208559222
                 138000      2.528114205879123    0.02582657830353631       3.86366074140752     0.5086746789043859
                 139000      2.717983521360471     0.0257713493051373      5.212618087731085      0.806001062192267
                 140000      2.769407546115375    0.02573849538581702      1.581599439488569    -0.3879201776030856
                 141000      2.707176211875283    0.02569048922990261      6.143809805757209     0.9672213315833211
                 142000      2.102489214190153     0.0256856873876836     0.1987448536398615     -2.464144055857381
                 143000      2.043428617058096    0.02567996686217627     0.2380626771141915     -2.283854664576559
                 144000      2.745202242872332    0.02562782610688938      3.467886332408853     0.3928794385125507
                 145000      2.640572005274468    0.02558207120792615      6.298973111323273     0.9879338223771835
                 146000      2.559930884518244    0.02553079109868436      3.555660635945892     0.4140815344602838
                 147000      2.711300904313356    0.02548215854257495       5.85660036456464     0.9112032727407842
                 148000       2.67856235613843    0.02544584208763642      7.118051145624702      1.104841764150595
                 149000      2.661780580925594    0.02540941480182481      7.157705734930382      1.108964706155715
                 150000      2.666715653706696    0.02537485863676646      7.357916073019594      1.135191054555141
                 151000      2.694724287278031    0.02533506762154744      6.943993389970758      1.075721971250685
                 152000      1.978103337984371    0.02532966634321501     0.2576379491450779      -2.21856824818346
                 153000      1.530902044371804    0.02532629006742574     0.1594672323997712     -2.698418390276557
                 154000      2.187658394235933    0.02532157903498956     0.2242407380857186     -2.357722684371477
                 155000      1.905395016827446    0.02531465636593395     0.3338400800445402      -1.96005423414819
                 156000      2.185585311038237    0.02530907498077782     0.2675129910452135     -2.181768685082153
                 157000      2.768262945054463    0.02527877656629076      1.735569555645145    -0.3130437557596008
                 158000      2.401734230152412    0.02525721368417136      1.154517378546982    -0.7215503542637086
                 159000      1.820304971587437    0.02525221747396456     0.2414807359196296     -2.286396167125597
                 160000      1.932178718429769    0.02524558782341792     0.3236772166668815     -1.993701666062959
                 161000      2.002753618366512    0.02523901254131516     0.3213292500107837     -2.001242628638979
                 162000       2.09589603974067    0.02523398982819667     0.2436293625037214     -2.278259888496438
                 163000      2.205208054140367    0.02522750039155612     0.3176788563065946       -2.0131241696531
                 164000      1.783959770262273     0.0252213811536595     0.2992964774173626     -2.072973102560411
                 165000      2.547738596564034    0.02517401581074386      3.759922648517799     0.4558661666929625
                 166000      2.457520110985316    0.02513263356996654      2.867037827000063     0.1831019624374855
                 167000      2.487026202805716    0.02508619106363279      3.774153920176221     0.4561492061715805
                 168000      1.771825727291322    0.02507972280898206     0.3281411901061991     -1.986596204369354
                 169000      2.054800656261363    0.02507398560538919     0.2901646926072508     -2.109820295270271
                 170000      2.058989891768589    0.02506740353366157     0.3349243628955041     -1.966626779128023
                 171000      2.030104489757403    0.02505991457685602       0.38363696278076     -1.831133604505633
                 172000      1.915966288934188    0.02505192801735531     0.4109684329534283      -1.76263264379403
                 173000      1.897538589759576     0.0250428285922132     0.4722134462954055     -1.624081238310421
                 174000      2.103275866690677    0.02503687770802631      0.303492532043822     -2.066392990837619
                 175000      1.978025409124827    0.02502952449947162     0.3786162769422327     -1.845520502862646
                 176000      1.998943342460594    0.02502084280084387     0.4513489319409175     -1.670149926271283
                 177000      1.759503673227877    0.02501412343281541     0.3457287209669018     -1.937004814453781
                 178000      1.762686497193012    0.02500610475160742     0.4164206404607897     -1.751283951739015
                 179000      1.840520485168583    0.02500045082685377     0.2898789139246243     -2.113742685828253
                 180000       1.96635581149402    0.02499186216925083     0.4488142301759602     -1.676940521685423
                 181000      1.567177734909961    0.02498836091809373     0.1777456560692577     -2.603336058064722
                 182000      2.007393829585979    0.02497807180559037     0.5448733475761554     -1.483548151126043
                 183000      1.949297411317758    0.02496863515594007     0.4980064828890678     -1.573866302970599
                 184000      2.041831209720472    0.02495898685949742     0.5108377636938701     -1.548813837177003
                 185000      1.634568186727757    0.02495520139719998      0.193700614607058     -2.518703824508274
                 186000      1.782649469079903     0.0249457802143702     0.4994170671975183     -1.571953610328079
                 187000      1.852079800289387    0.02493872560369985     0.3690855587032901     -1.874649517178051
                 188000      1.675485181953828    0.02493504870996551     0.1887511641819774     -2.545395892768749
                 189000      2.567939384491493    0.02489010974217456      3.924788243171649     0.4874383622293277
                 190000      2.690042169938065    0.02486447832258282        7.8098333854766      1.174479279472034
                 191000       2.40580957134195    0.02484019477869036      1.498982112572598    -0.4770951777130354
                 192000      2.733063825368562    0.02479519344275737      4.911254165711679     0.7078345994606885
                 193000      2.446610827158316    0.02475779956897238      2.824739819089828     0.1532122721679334
                 194000      2.352284430406728    0.02474474331450589     0.7555064824506803      -1.16609840405984
                 195000      1.930379189694742    0.02473494557499539     0.5553754227584876     -1.474238474382147
                 196000      1.905733141776649    0.02472425047395621      0.611296034462334     -1.378733928699127
                 197000      1.897309435253463    0.02471284714064369     0.6565460308018114     -1.307783798889569
                 198000      1.719724210168017    0.02470795694850659     0.2700529403026942     -2.196356490809891
                 199000      2.020585483995383    0.02469714640262505     0.6218653562004914     -1.362688534327223
                 200000      2.545802177621124    0.02465421065837647      4.155496709110994     0.5350351075378185
                 201000      2.743010642052333    0.02461172347778131      4.156733701908099     0.5336079293899739
                 202000      2.755553504608376    0.02457346034377242      3.201198392528982     0.2708476878911231
                 203000       2.63078635050493    0.02453560451211233      6.259223232130095     0.9398368388704131
                 204000      2.643600783670667    0.02450381483801577      7.098927174362252      1.064427921309194
                 205000      2.653804314911691    0.02447743165303286      7.703092272857432      1.145028815903652
                 206000      2.628960457395624    0.02444115705811228      6.523195090704485     0.9772882142564471
                 207000      2.474563762080346    0.02440288042250983      3.614815129977356     0.3853973278136251
                 208000      2.516409072089298    0.02436319816696521      4.145914375828562     0.5208525212084681
                 209000      2.355854773222799    0.02435098919058487     0.8008327760653625     -1.123875212341457
