#! FIELDS time e sigma_e height
#! SET action OPES_METAD_state
#! SET biasfactor       2.698418390276557
#! SET epsilon     0.01374333274381851
#! SET kernel_cutoff       2.928208142815685
#! SET compression_threshold                       1
#! SET zed      0.1398835984988859
#! SET sum_weights       237.1054942383618
#! SET sum_weights2       467.1951219653852
#! SET counter  210
                      0      2.664048102050989    0.03390512847535849      173.5154357249558
                      0       2.61267161773937    0.03120952120531153      64.95121642084055
                      0      2.427631845243469    0.03216059463067557      17.22292324840627
                      0      2.542305607230876    0.03288080612575157      62.50679896162618
                      0      2.710906544245608    0.03224147020420443      89.88597397843846
                      0       2.48477284446234    0.03310219982570512      55.95423314444111
                      0      2.341420664389402    0.03317155633449249      5.119983857845252
                      0      2.281782082060133     0.0330519539036017       2.48378435090708
                      0      1.989355489693692    0.03083605314027665      2.973812330527917
                      0      1.901464127174568    0.02729697713576332      3.443239664843235
                      0      2.100763930961287    0.02636551504622987     0.8772432402838494
                      0       1.63264245112849    0.02727671776961523     0.3278789911620496
                      0      2.039116767641947    0.02876570231739807      2.546325280396611
                      0      1.775840780229188    0.02865802944170156       2.46987761085761
                      0      1.725072113843399    0.02768601124984738       0.42254974818933
                      0      1.850769755629131    0.02756714498876187      0.868084204294256
                      0      2.191392534996067    0.02885662824969808      1.166066511343688
                      0      2.752437849117896    0.02706191022978557      14.14298742197965
                      0      1.530902044371804    0.02532629006742574     0.1594672323997712
                      0      1.820304971587437    0.02525221747396456     0.2414807359196296
                      0      1.937643847619121    0.02644684111956811      1.377059122314437
                      0      1.567177734909961    0.02498836091809373     0.1777456560692577
                      0      1.675485181953828    0.02493504870996551     0.1887511641819774
