#! FIELDS time e sigma_e height logweight
#! SET action OPES_METAD_kernels
#! SET biasfactor       2.698418390276557
#! SET epsilon     0.01374333274381851
#! SET kernel_cutoff       2.928208142815685
#! SET compression_threshold                       1
                   1000      2.663511182010311    0.06053155025577301    0.06672079877255445     -2.698418390276557
                   2000      2.686019218395966    0.05393343275280228      1.074294337865647   -0.03492998674769559
                   3000      2.538453877061611    0.05295108764762382     0.1189850243422492     -2.253733589007353
                   4000      2.493462349294171    0.05080498513308333     0.3469603893544622     -1.224894737178665
                   5000      1.889433595015366    0.05029004538306139    0.08030840603231014     -2.698418390276557
                   6000      2.622182763429593    0.04782757978825977      1.353497881010866    0.07595015841087364
                   7000      2.447396407997938    0.04625407612122105     0.5594289173185694    -0.8410337758919886
                   8000      2.280285981220508    0.04596432895200274    0.08786625359468507     -2.698418390276557
                   9000      2.353514523891364    0.04504402463885185     0.3424789316507084     -1.358249361992744
                  10000      2.076800191615982    0.04478307133079858    0.09018393031093115     -2.698418390276557
                  11000      2.119912220834736    0.04406311351976784     0.2940355231431924     -1.532776249818452
                  12000      2.433632277340408    0.04288195080537993      1.410992012782353   0.008399460210005422
                  13000       2.52685503826557    0.04178314746199226      1.260925668404902    -0.1300053660534123
                  14000      2.649551158153304    0.04121144609914936       2.06934226866375     0.3516022856685208
                  15000      2.501001281917177    0.04045336069865962      1.947210416844716     0.2722029535063931
                  16000      2.546068622259992    0.03979851725036185      2.167060790758773     0.3628568694764576
                  17000      2.532212817874593    0.03948003334378926      2.951164344581461     0.6636502824763856
                  18000      2.525230815092919    0.03919395385700341      3.401688250754204     0.7984497870608506
                  19000      2.681083379799567    0.03854146189224045      1.779956175146548     0.1339787751587838
                  20000      2.746499903552004    0.03812005120445826     0.9073711667848199    -0.5508078280895978
                  21000      2.675690599569189    0.03756789026530931      2.405760648396821     0.4096712724896062
                  22000      2.661512644674569    0.03710195507952157      2.855871203631859      0.568702050256941
                  23000      2.624137656099419     0.0366399193474573      2.709325041374794      0.503493318012861
                  24000      2.696618799590652    0.03621427992085034      2.835367844322328     0.5372806316237773
                  25000      2.782783011292536    0.03600552529037581     0.6587874981105009    -0.9280264128733979
                  26000      2.660496704851349    0.03574058968052825      3.805047317002277      0.818270873265016
                  27000      2.745804187713337    0.03538761581778665       1.69843785350121   0.001726279955772677
                  28000      2.595382705292059    0.03502076417782735      2.539157454656202     0.3934289008174742
                  29000      1.953220307416532    0.03498097265920267     0.1428260263666738     -2.485668275079889
                  30000      2.437229741090154    0.03472189988376432      1.234899698309706     -0.335984202934353
                  31000      2.199888889984145    0.03467469873996139     0.1786826509394362     -2.270478230531749
                  32000      2.649436381387912    0.03447344174307396      4.104805844167934     0.8580031051995614
                  33000       2.69436701465902    0.03421130793178646      3.739625641011843     0.7571971789073471
                  34000      2.721846583757379    0.03391402480599075      3.022567151139734     0.5355905980457601
                  35000      2.490409813987001    0.03363698381026262      2.239648982079595     0.2276007572090051
                  36000      2.751894658333663    0.03337514704146149      2.184807380290998     0.1949946294136856
                  37000      2.668100885022571    0.03320016751729472      4.403749576824801     0.8906667139682836
                  38000      2.663913528636804    0.03303439862224614      4.626270013108515     0.9349557695315824
                  39000      2.781000802783312      0.032856095965908       1.40338562149003    -0.2633196464677804
                  40000      2.559241345167932    0.03262780409713113      2.373975626800576     0.2553862784768622
                  41000      2.514359593290724    0.03240033379629496      2.843972893279565     0.4290261435778169
                  42000      2.647936082792183    0.03223414637965749      4.515211190801361     0.8861337361715024
                  43000       2.66210800201961    0.03209384260397071      4.951045038089563     0.9739183034274043
                  44000      2.643477141047764    0.03193659918731313      4.813899033404878     0.9409154654651617
                  45000      2.602346413482146     0.0317359024243371      3.196397704590022      0.525128504774651
                  46000      2.622823152323427    0.03155761795658148      4.255771278605867     0.8057464639123252
                  47000      2.638690016042475     0.0314064553453494      4.879398180934471      0.937690782490434
                  48000      2.590075711247255    0.03122594444245172      3.128155707429205     0.4873483397217192
                  49000       2.70639103736114    0.03105058951177638      3.628342886692054     0.6300492708667738
                  50000      2.529995149332871    0.03089118960148339      2.588464286620654     0.2871912151843999
                  51000      2.185623619230414    0.03086938202397696     0.2328896556201759     -2.121770261188685
                  52000      2.671515983495941    0.03073509674715539      4.995235772251646     0.9395452685549133
                  53000      2.521656588672142    0.03058393152475215      2.691530435451672     0.3162401621892997
                  54000       2.47511515926922    0.03045942747951695      1.942561444778851   -0.01394157618217958
                  55000      1.826557228270023    0.03044681737115886     0.1470885042147073     -2.595083897246067
                  56000      1.781668367121281    0.03043347058557566     0.1561946769410021     -2.535453674008102
                  57000      1.924047366099765    0.03041641354778515     0.2014130357208984     -2.281759755445358
                  58000       2.71276249332176    0.03026711825766132      3.845910430614496     0.6627277129366471
                  59000      2.460752176239999    0.03015209423083528      1.894553764750688    -0.0491068506067252
                  60000       2.39370152988569    0.03010139220190761     0.6863798315170012     -1.066097253209942
                  61000      2.514155716876094    0.02996235361690813      3.062413522353562     0.4248004898564629
                  62000      2.704124032268874    0.02983135684867295      4.337551249204933      0.768525481895277
                  63000      2.722881578526207     0.0296973788567642      3.697200312775585     0.6042900867173823
                  64000      2.594701303273253    0.02956726384814594      3.377697237018535     0.5095174225045442
                  65000      2.455588232482079    0.02946737487555984      1.920130973640282   -0.05866744814620437
                  66000      2.385754441781557    0.02942318156597974     0.6979834997051872     -1.072121525822585
                  67000      2.252512756460073    0.02941013339612997     0.1919224937185487     -2.363668940929621
                  68000      2.569721641204655    0.02928983520698887      3.026504292680483     0.3903042270598457
                  69000      2.596807409073805    0.02917002526183344      3.829727181387751     0.6215906563199763
                  70000      2.652040675847579    0.02907841693561587      5.351380755893924     0.9530062635323264
                  71000      2.510795659198302    0.02896615342495865      3.079542793557295      0.396564605184711
                  72000      2.688543846532574    0.02886866259311171      5.060509952859501     0.8898793646551786
                  73000      2.661608881415041    0.02878615583816207      5.649391745207198     0.9970978929301849
                  74000      2.700109694788803    0.02868623405103509      4.885610282091736     0.8483670031805034
                  75000      2.705661440047805    0.02858619047247602      4.783154083408344     0.8236793673645281
                  76000      2.643541125493558    0.02849718460598416      5.374740177915972     0.9371709682709107
                  77000      2.736523306045146    0.02839718318502237      3.337541313361424     0.4571797965850783
                  78000      2.731529905263221    0.02829722291849074      3.782524407281057     0.5788107268679201
                  79000      2.026689412550679    0.02828868541079901     0.1730103957399907     -2.506286241630591
                  80000      2.731275298774978    0.02819111250972715      4.140460581695732     0.6654692400858739
                  81000       2.45966576900305     0.0281170530016982      2.053992011197453   -0.03818307945371693
                  82000      2.677584124831983    0.02804754878487338      6.010740252688633      1.033104589706358
                  83000      2.315668563796724    0.02803589666670185     0.2562462827185754      -2.12247510442578
                  84000      2.528824562662971    0.02794650260370024      3.234567009149498     0.4098425723829142
                  85000      2.362081254071746    0.02792372215609217     0.5314800841800801     -1.396957531038303
                  86000       2.48364352142988    0.02784093608511099      2.818665389719058      0.268426403292879
                  87000      2.526108782172257    0.02775366890935284      3.440033946007607     0.4645048215427187
                  88000      2.487622565428776    0.02767022230374774      3.152294739944414     0.3741429421412801
                  89000      2.668281874071436    0.02761056135104274      6.260040153305843      1.058040394310259
                  90000      1.797952419218466    0.02760177657636316     0.2143214139173849     -2.316742879403734
                  91000      2.015621331970655    0.02759282430450762     0.2188578212811475     -2.296121790162235
                  92000       2.68471262942942    0.02753138702247443       6.22403755572264      1.049400958756762
                  93000      2.396179319305378    0.02750009806035211     0.8577237445357222    -0.9336281991301356
                  94000      2.618392714843406    0.02741874822167686      4.648356693462072     0.7533962167359263
                  95000       2.51615272990461    0.02733941095742897      3.500058117071507       0.46676429699362
                  96000        2.4907657373016    0.02726249166988978      3.342380715299339     0.4178506058405934
                  97000      2.472500192830318    0.02718948836785755      3.037412897674105      0.319492011914681
                  98000      2.446250828253607    0.02712756598353148      2.285632039641032    0.03284843351560486
                  99000      2.622412958525408    0.02705382227158314      4.896948840539942      0.792096062591445
                 100000      2.716591380261983    0.02698113638186572      4.904475780675532     0.7909416199131565
                 101000      2.733461685096632    0.02690732738169976      4.161430198992067     0.6239128936879622
                 102000      2.696624371046525    0.02684608721605896      5.883598652260313     0.9679441109882447
                 103000      2.585011925922707    0.02677717580176871       3.40438775786782      0.418270429888477
                 104000      2.333377806325896     0.0267638714958711     0.4166887898820427      -1.68270730573938
                 105000      2.411271189942534    0.02672929875356322      1.206601853870541    -0.6207762433849664
                 106000      2.671911705867541    0.02667550167409309      6.288708692279986      1.028156795981584
                 107000      2.290875876560628    0.02666698264575941     0.2703652377182117     -2.118899868882687
                 108000       2.57754321652598    0.02660158800657816      3.313330980104173     0.3845803730490202
                 109000      2.434581585648026     0.0265535467942668      1.956274029159439    -0.1441395757112016
                 110000      2.690584625799142    0.02649969361995509      6.198643608008083      1.007119104406954
                 111000      2.391308738454365    0.02647159824197468      1.031744538613981    -0.7870210721204024
                 112000      2.706457684380754    0.02641360911474458      5.822436468194205     0.9412536231640174
                 113000      2.283212922784636    0.02640464487850315     0.3077565981554972     -1.999250699340368
                 114000      2.406372884954372     0.0263703044666327      1.353734734978903    -0.5192387728072143
                 115000      2.503314805650509    0.02630849819926873      3.460887960846703     0.4170726424424028
                 116000      2.471061106083622    0.02624978468319566      3.139190420757737     0.3172781631296687
                 117000       2.17941855768361    0.02624231605386372     0.2643299157471373     -2.157528612970061
                 118000      2.598225641940035    0.02618035950300407      3.909362937394718     0.5340393592463694
                 119000      2.386739511388969    0.02615252349593759      1.117767720700715    -0.7190652856565479
                 120000      2.529266043432365    0.02609355064752808       3.48739880460424     0.4164997500701928
                 121000      2.526497300860449    0.02603457621477204      3.651213803460696     0.4601406079460967
                 122000      2.573785100750235    0.02597751274618793      3.429475141888826     0.3952939367966836
                 123000      2.305509855469354    0.02596764536088959     0.3773625165359826     -1.812042179551931
                 124000      2.523577897833499    0.02590967360943715      3.837508239379445     0.5050950951646539
                 125000      2.678515477498861    0.02586395605108698      6.367719383410894      1.009747159864186
                 126000      2.324978881197223    0.02585174613671401     0.4906963987545254     -1.553896089649418
                 127000      2.384718783604312    0.02582542017135492      1.155114356502198    -0.6987859283715652
                 128000      2.746784233946832    0.02577107695190766      3.451097512611073     0.3936005525364183
                 129000      2.608457014392263    0.02571493514316294      4.373145086367598      0.628209844507028
                 130000      2.591745994360904    0.02565989791505493      4.021883425678359     0.5423351253515333
                 131000      2.548022145944671    0.02560679338883532      3.634842610236541     0.4390789324374866
                 132000      2.475274247067092    0.02555601981204747      3.308023123216592     0.3428791029849179
                 133000      2.641363723339445    0.02550688842859342      5.652121965207391     0.8766350316303785
                 134000      2.149295602527385    0.02550048731599384     0.2745168044932929     -2.148389801160721
                 135000      2.508171083931762    0.02544832278140076       3.96448294850166     0.5196807187784734
                 136000      2.597326620527641    0.02539628026434017      4.314543397050318     0.6022496561272628
                 137000      2.489078824534607    0.02534587803375134      3.797497096281524     0.4726137432230409
                 138000      2.520908142006344    0.02529525686179956      4.145278279131582     0.5582422625504142
                 139000      2.487222843978769    0.02524566782708606      3.935167993219972     0.5042635805836386
                 140000      2.695096710490395     0.0252020176607957      6.006654911819719     0.9254475015381817
                 141000      2.314932026222699    0.02519169576683016     0.4940941287511914      -1.57285939098964
                 142000      2.745712378702019    0.02514482631396792      3.529556542316051     0.3914798376469387
                 143000      2.634658489785026    0.02509837656993481      5.394520326409355     0.8138422873250455
                 144000      2.645690322173233    0.02505508457193143      5.903697904969734      0.902311139766777
                 145000       1.91501780494323    0.02505035005668943     0.2295751159664208     -2.344981760817374
                 146000      1.880844310197207    0.02504563070082994     0.2290244603100264      -2.34757164057643
                 147000      1.703668745711643    0.02504228365575219     0.1612998081011508     -2.698269303392271
                 148000      1.645099276193282    0.02503890041575577      0.163179091060276     -2.686820893226424
                 149000      1.828467042919591    0.02503394941887275     0.2411088782425592     -2.296618352387402
                 150000      2.083984584408208    0.02502876378139676     0.2531195445366453     -2.248212241276288
                 151000      1.640046332590478    0.02502468167238571     0.1981756098904231     -2.493083680214943
                 152000      1.948288526221122     0.0250193552170263     0.2606660875768301     -2.219209876897458
                 153000      1.984597235567476    0.02501428812685206     0.2478461500743247     -2.269844463463255
                 154000      1.976300986927004    0.02500812861591164     0.3035311004229757     -2.067414846734688
                 155000      2.104049848002855    0.02500132010416661     0.3372292306547623     -1.962408304790789
                 156000      1.657865117861326     0.0249965362237807     0.2344076455453848     -2.326300902298534
                 157000      2.523888451867288    0.02494977505403292      4.617474775898874     0.6523682144225321
                 158000      2.534851123848752    0.02490351165142642      4.571170419067533     0.6404335428034074
                 159000       2.33415963812014    0.02489083026569422     0.6726815669522875     -1.276328304911827
                 160000      2.502456432463648    0.02484540317460336      4.814391590429484     0.6899378704342632
                 161000      2.486760569389903    0.02480027792038407      4.559683997709203     0.6337636197301871
                 162000      2.702618409865921    0.02476323546603124      6.426512185367629     0.9754475128391998
                 163000      2.669135943109922    0.02473172106390983      7.043362815202562      1.065827839797834
                 164000      2.741373405342746    0.02468803552163736      4.276313318804243     0.5650654365063555
                 165000      2.480577327362033    0.02464468567000423      4.392451275827884     0.5901041719771544
                 166000      2.586387091796945    0.02460188613025853      4.306135574015562      0.568519433093731
                 167000      2.734302112606837    0.02455951128215875      4.921362009137947     0.7003399652431002
                 168000      2.568114433045294    0.02451793945037264      4.105558414776703     0.5174022763337821
                 169000      2.362702463805297    0.02450263586044986     0.9430558939328533    -0.9541935899595463
                 170000      2.349586507784958    0.02448790243149651     0.9066825458550095    -0.9941282396292338
                 171000      2.472377162841711    0.02444692496058537      4.168700056659283     0.5297641275045102
                 172000      2.658235280105498    0.02441525146872849      6.865235016299115      1.027333707619901
                 173000      2.647183901550288    0.02438189461135418      6.665663039274085     0.9964656999601561
                 174000      2.694415410722775    0.02435023469643779      6.897892116965438      1.029412800354137
                 175000      2.626148313553748    0.02431240491637279      5.845535454846382     0.8623203480237013
                 176000      2.641225269600213    0.02427877379045344      6.616417490919713     0.9848119587824417
                 177000      2.010356721848241    0.02427408573550366     0.2920752652018073     -2.135678963942245
                 178000      2.498010274635438    0.02423481674759528      4.817266434578335     0.6656523829973214
                 179000       2.54983991620736     0.0241963876587351      4.258193171689816     0.5407037217067089
                 180000      2.711981376757056    0.02416120450602847      6.210047729146654     0.9165722467525229
                 181000      2.726945062726484    0.02412377840111926      5.495903385831751      0.792856423266258
                 182000      2.486247529552708    0.02408597385697354      4.672770667057278      0.629037297556139
                 183000      2.590261991726505    0.02404854124082039      4.643010859789391     0.6210928252173635
                 184000      2.694898127192344    0.02401837771280953      6.949995770321471      1.023215764121463
                 185000      2.455472173030655    0.02398485663673618      3.393713637958254     0.3050028857379186
                 186000      2.538583035788478    0.02394840574215914      4.600299102382535     0.6076785169680813
                 187000      2.539333440945131    0.02391221780050182      4.710265905969527     0.6297893331911228
                 188000      2.686216777598536    0.02388414605559173      7.172165447141763      1.049077955607694
                 189000      2.398778991218548    0.02386807563205467      1.264707575381601    -0.6869618140531444
                 190000      2.134422270944945     0.0238631018440828     0.3543695442579078     -1.959426152165055
                 191000       2.28149535564157    0.02385727537928998     0.4184057694712817     -1.793558921014737
                 192000       2.40699765243434     0.0238393796568806      1.447658111618485    -0.5530585861432322
                 193000      2.438339869569794    0.02381220655690879      2.544740269105682   0.009882356952700365
                 194000      2.352241290524356    0.02379969341160806     0.9658743123656577    -0.9593934281504103
                 195000      1.551899659891784    0.02379729895553053     0.1697131002788699     -2.698418390276557
                 196000      2.306575820068917     0.0237886267705052     0.6476870987938536     -1.359484534026796
                 197000      1.953452868472098    0.02378398657727567     0.3354900032439577     -2.017495160490496
                 198000      1.673187505771774    0.02378048541168598     0.2510819769240309     -2.307455050447346
                 199000      2.057048661675225    0.02377651209307024     0.2862092848833243      -2.17667832612959
                 200000      2.669174789365668      0.023753356348127      7.724209210858859      1.117738728212502
                 201000       2.66898793251076     0.0237308576401178      7.847933640519101       1.13268191580633
                 202000      2.601460551037809    0.02369664018134835      5.206805541338467     0.7209552392292813
                 203000      2.662120270779685    0.02367384835691286      7.845419807107504      1.129956329269677
                 204000      2.490396712451096    0.02364003909202572      5.057820506606754     0.6895329445424017
                 205000       2.35742161336939    0.02362651704863121      1.135464552621648    -0.8049330125472156
                 206000      2.502276841728588    0.02359327477921382      5.366270754087666     0.7467503502869246
                 207000      2.638613360482977    0.02356496209870475      6.946534059683934       1.00365922851783
                 208000      2.250146179200466    0.02356083036321492     0.3256159319222044     -2.056795674526993
                 209000      2.434913278805865      0.023535495352073      2.621934078455578    0.02807740319661179
                 210000      1.956055073588585    0.02353064980088584     0.3868758020673165     -1.885692306367311
                 211000      2.339318723564521      0.023518198375083      1.071982943956243    -0.8670598897909757
                 212000       2.61442007079503    0.02348684431167792      5.986868765692947     0.8516644174732866
                 213000      2.216873653352681    0.02348322204337721      0.290439457938691     -2.174418482477695
                 214000      2.636988067413613    0.02345709311270716      7.257980288135368      1.042929957992862
                 215000      2.663838540974777    0.02343786092427271      8.308119905416635      1.177241479260184
                 216000      2.667047705558798    0.02341931698117566      8.449258062479094      1.193295265867208
                 217000      2.721126037671934    0.02338897083007615      6.226590525277238     0.8867489327649497
                 218000      2.691128549375826     0.0233669850397149       8.03133680883324       1.14033055907134
                 219000      2.715206381902345    0.02333888760849739      6.876501351211302     0.9838864012657699
                 220000      2.512859419259956      0.023307885058257      5.434685053626934     0.7472487266971467
                 221000      2.737159315446872    0.02327708016750701      5.211192728011248     0.7039333905022246
                 222000      2.723832454670608    0.02324821203907293      6.483684405059696     0.9211725951199053
                 223000      2.510622562591924    0.02321796005648382      5.537554151762558     0.7621344717465207
                 224000      2.301251831438618    0.02321048170287932     0.6977036234382711     -1.309701462687714
                 225000      2.458605465259994    0.02318245103649123      3.896513669297443     0.4091332317703539
                 226000      2.439304505378724    0.02315846859144386      2.927207178044088       0.12206475220946
                 227000      2.715815720961209    0.02313239540806865      7.099701551691352      1.006942219671533
                 228000      2.644831769622802    0.02310899037711409      7.693314467499555      1.086228874141198
                 229000      2.643893157396171    0.02308594062630223      7.776301360211915      1.095960060697131
                 230000       2.67765740012524    0.02306720691848422      8.549976704613959      1.189995991119111
                 231000      2.670904288625017    0.02304930817515015      8.723514544915275      1.209313393538932
                 232000       1.71154068774041    0.02304700634164096     0.2196406376083772     -2.472571211538019
                 233000      1.627756541961626    0.02304433179237755     0.2562183939168943     -2.318649829193218
                 234000      2.665335191478192    0.02302832486514647      9.047029296668731      1.244816861202104
                 235000      2.712647340932715    0.02300381833192789      7.543553070832894      1.062008954939346
                 236000      2.628555621772062    0.02297804360883767      7.175441887479076      1.010858918913403
                 237000      2.536207451544056    0.02294994142135942      5.048759644376516     0.6581134199790067
                 238000      2.591201709979037    0.02292207499197216      5.016691912519395      0.650526592372633
                 239000      2.527491090486361    0.02289420075323475      5.434908825754257     0.7293818190923087
                 240000      2.248021194999299    0.02289053273316259     0.3764685055397466     -1.940542040774358
                 241000      2.297273423813868    0.02288382664221584     0.7114827447112019     -1.304318275079736
                 242000      2.493348435671668    0.02285622945090206      5.437913027374453     0.7282744942223252
                 243000      2.710168669775922    0.02283300024140321      7.680159380794141      1.072502605955638
                 244000      2.409587211090969    0.02281869408614368      1.716368803255214    -0.4265535478647187
                 245000      2.721251971704687    0.02279354902923396      7.041472819595313     0.9839503520077099
                 246000      2.681338473226879    0.02277639352460621       8.92413000136361      1.220138909718452
                 247000      2.656718721089231    0.02275871549101558      8.875809528019625      1.213933153943985
                 248000      2.688893660744618    0.02274088279843411      8.887936718134599      1.214514679128013
                 249000      2.567485284740472    0.02271575609175921      4.326797879806949      0.493541971206918
                 250000       2.24855170229215    0.02271205786825377     0.4092391962747421      -1.86490405705863
                 251000        2.4566523840651    0.02268874883909999      3.718804843078566     0.3409269314592837
                 252000      2.502062109822937    0.02266256674080252      5.428543787859223      0.718040877791027
                 253000      2.269393443316405    0.02265775110641623     0.5476951191997789     -1.575879055310937
                 254000      2.422108212808031     0.0226418520406573      2.124182272374246    -0.2211575930004151
                 255000      2.404006718454181    0.02262867438694827      1.685872812761409    -0.4528432625158539
                 256000      2.444649458213524    0.02260746504296473      3.258489888959731     0.2051994649625087
                 257000      2.442502949984879    0.02258643454598624      3.241373592733698      0.199002110849267
                 258000       2.73530131990588    0.02256091077600336      5.631711087120554     0.7502875539579286
                 259000       2.41080766374701    0.02254609397561077      2.002606583561231     -0.284333103643214
                 260000      2.693837345311648    0.02252711445625315       8.48217347411264      1.158341831270989
                 261000        2.6301468240593    0.02250330864913997      6.984727216412636     0.9630437264281452
                 262000      2.655810655606317     0.0224849348163353      8.636092877810379      1.174451226332288
                 263000      2.607948950143145    0.02246009126865395       5.67295229911434     0.7531051205921111
                 264000       2.64025415548535    0.02243894983748312      7.909011441350948       1.08445651681162
                 265000      2.552197885123174    0.02241572083665419      4.414233177306861     0.5002521067377659
                 266000      2.469657524120866    0.02239257947689731      4.443343991700048     0.5057923126547811
                 267000      2.681512240516275    0.02237546830138335      8.888599258590277      1.198390104788778
                 268000      2.548328363037627    0.02235236974492011       4.58083317427199     0.5344686794336362
                 269000      2.552468907391615    0.02232944497801525      4.563250531056583     0.5295968532182191
                 270000      2.521458879103253    0.02230573529106054      5.361182183540439     0.6896837785111102
                 271000      2.568119397453252    0.02228339580297525      4.402851824254155     0.4917497289252102
                 272000      2.352710655731389     0.0222754700189763          1.06985004048    -0.9233399987802661
                 273000      2.542681395547811     0.0222523703805079      5.033082367908595     0.6241365679004932
                 274000      2.469402927253118    0.02223025416440549      4.453268468289321     0.5007479129156188
                 275000      2.604179153620558    0.02220710589399661      5.491139019272066     0.7092034663913525
                 276000      1.899579228623594    0.02220485008072122      0.289326939160062     -2.234231778012165
                 277000      1.797984933581667    0.02220284519096155     0.2565095337211736     -2.354713566359302
                 278000      2.166480664928303    0.02220022734607723       0.33751465130193      -2.08038839092883
                 279000      1.942733589098754    0.02219732854217412     0.3752153173366568     -1.974627854748242
                 280000      1.865865714216503    0.02219523003498688     0.2692121192410256     -2.306722822475189
                 281000       1.75035229025929    0.02219352605022359     0.2176905693600763     -2.519224566342365
                 282000      1.905389500083568    0.02219078938030713     0.3540454308158225     -2.032997290659407
                 283000      1.963821929290532    0.02218756879752846     0.4193580589531345     -1.863842562268599
                 284000      1.755701027069316    0.02218560174839563     0.2524811515173692     -2.371319734157337
                 285000       1.95227092911112     0.0221819862392862     0.4736249481573159     -1.742403552497434
                 286000      1.664557690620099    0.02217960947440383     0.3069200344791362     -2.176339226893729
                 287000      2.058859805246314    0.02217720270464666     0.3110640097952777     -2.163036274871716
                 288000      1.953494736022945    0.02217329549778427     0.5146649199660803     -1.659695133840199
                 289000      1.813139087911342    0.02217101415275972       0.29481176503746     -2.216977006190385
                 290000      1.940960568291853    0.02216695086354396     0.5370210673807514     -1.617460036020133
                 291000      2.477179429639571    0.02214448889273469      5.054334332884761      0.623490253768622
                 292000      1.960755786163792    0.02214014978476476      0.580003911324292     -1.541672301420138
                 293000      1.818575139703326    0.02213765098500844     0.3266908721371449      -2.11580563916029
                 294000       2.68713615857344    0.02212138786176212      8.859843556340284      1.183729462021282
                 295000      2.696266381310744    0.02210399199079237      8.593096020814492      1.152372755631953
                 296000      2.556052166079819    0.02208222770749695      4.821799505201106     0.5735757463631703
                 297000      1.910027136667113    0.02207908579523601     0.4248158139887646     -1.855813328715092
                 298000      1.765317545761552    0.02207687681262623     0.2954310123793475     -2.219133729558889
                 299000      2.050684899616018    0.02207441522370441     0.3303947558450483     -2.107392416116333
                 300000       2.42170220874693     0.0220598777469737      2.390999419402136    -0.1288726446039453
                 301000      2.040637903896372    0.02205726735260663     0.3524377946699807     -2.043583570801908
                 302000       1.98633947790118    0.02205400189139143     0.4447999667172903     -1.810981095995789
                 303000      1.734350272667331    0.02205196973851385     0.2727596500099809     -2.300106908247403
                 304000      2.356171639880926    0.02204386161694356      1.184748009618678    -0.8317802819415437
                 305000       2.45864639526299    0.02202325210977231      4.319094637324613     0.4608000526751219
                 306000      2.178050501429377    0.02202046052047945     0.3813029481958256     -1.966533597599558
                 307000      2.398899832508855    0.02200891064612396      1.810601455264344    -0.4092380756908732
                 308000      2.695107043881078    0.02199316839179445      8.909938067765459      1.183554605857302
                 309000      2.774246451180038    0.02198158524172085      1.841426043021872    -0.3935991990131634
                 310000      2.682984145295193    0.02196778331794549      9.384449635350377       1.23428644853244
                 311000      2.717331488528742    0.02194810070963242       7.63594954707844      1.027203344117182
                 312000      2.327428775132591    0.02194156614699237     0.9723630792265241     -1.033987732712485
                 313000      2.643577829904696    0.02192392153257824      8.381384111864131      1.119246855225719
                 314000      2.524409565245337    0.02190263815604843      5.555465021538088     0.7070446629276826
                 315000       2.33267521902336    0.02189560688822763      1.073375601784011    -0.9372500935764011
                 316000      2.534278419079645    0.02187451478165597      5.497822410665097     0.6953297768712311
                 317000      2.488690458862632     0.0218535986966776      5.402313306354021     0.6768482977376694
                 318000      2.451098711723711    0.02183487976769826      3.979963952543963     0.3704368804031909
                 319000      2.670566870074723    0.02182173763653849      9.533174152438235      1.243339781772157
                 320000      2.621450348814037     0.0218012995129961      6.701072772630417     0.8898926453819944
                 321000       2.57514372847701    0.02178155916836722      4.699952973015427     0.5342716428060613
                 322000      2.547864973183603    0.02176131308881392      5.239653793377986     0.6420446282842588
                 323000      2.482652097326647    0.02174114175764047      5.289358958429692     0.6505588954889803
                 324000      2.522040221002226    0.02172084697312199      5.774611933240985     0.7373989836054284
                 325000      2.370572429207273    0.02171256861482456      1.378833165041143    -0.6952156615808182
                 326000      2.542832932348551    0.02169252952735322      5.509395763488331     0.6890783329931328
                 327000      2.641270976104529    0.02167537141746768      8.243659138008429      1.091276411549744
                 328000      2.693998086164605    0.02166035689998649      8.980933175110314      1.176242950557276
                 329000      2.667493406014673    0.02164738015765871      9.572562156392763      1.239440773592969
                 330000      2.476504187531606    0.02162803601680393      5.125645833315363     0.6139024079239401
                 331000      2.791451183864592    0.02162314465804181     0.8015321586125386     -1.241810493947229
                 332000      2.412811243829464    0.02161149714887984      2.178878651453571    -0.2423087493341684
                 333000      2.545846859478422    0.02159207797485961      5.455710956068444     0.6746448666494329
                 334000       2.33565427226472    0.02158545583840088      1.128767424000735    -0.9011985529670768
                 335000      2.772475454440243    0.02157491629471813      1.945507081701146    -0.3572905515175444
                 336000      2.715810080372589     0.0215568705526142      7.638983440635733      1.009614559479544
                 337000      2.627720780225417    0.02153827809796946      7.217474694772826     0.9519922930250297
                 338000       2.56970075112838    0.02151978263539456      4.891986474654646     0.5622265254673185
                 339000      2.649760757760541    0.02150493974170801      8.941225172157594      1.164610725611332
                 340000      2.456938094342515    0.02148749761127609      4.323608088178871     0.4372169565816586
                 341000      2.473435521962029    0.02146903618141063       5.11790168435069     0.6050116850241739
                 342000      2.624264366061926    0.02145070404909137      7.088927046366302     0.9299469011310191
                 343000      2.681554501099716    0.02143772275430686      9.495128622891858      1.221586444075477
                 344000      2.293877615612321    0.02143357874512915     0.7196985464709099     -1.358308609808496
                 345000      2.728194479435075    0.02141498425144254      6.468207202408391     0.8366452896526695
                 346000      2.703139131902416    0.02139953021480035      8.646903802921752      1.126225721993874
                 347000      2.702316234090414    0.02138441997347343       8.78579410542366      1.141454166920211
                 348000      2.729646192054946    0.02136609260687411      6.555602468485322     0.8477806683560329
                 349000      2.681541439158081    0.02135361535588282      9.679326493330516      1.236868822361238
                 350000      2.684260018850747     0.0213411578837967      9.714447432131406      1.239907144434147
                 351000      2.618851397037448    0.02132305543194459      6.631523437761653     0.8572788970039626
                 352000      2.630847124571031    0.02130589499083679       7.65337737584681     0.9997862697859548
                 353000      2.698360965603327    0.02129187378863458      9.201770933783768      1.183376883761496
                 354000      2.625317117628793     0.0212744085200858       7.28289281785564     0.9486884585798298
                 355000      2.681072769269632    0.02126226789277412      9.851191227447627      1.250181863837096
                 356000      2.508021529528122    0.02124474103709905      5.555643474793782     0.6765790753424288
                 357000      2.729966635246298    0.02122708689456591      6.601252636111152      0.848192911992651
                 358000      2.571881129014837    0.02121054572641133      4.761956350010514     0.5208125174068985
                 359000      2.690174940964436    0.02119795120606418      9.685022531499072      1.230140596851199
                 360000      2.548391552372868    0.02118102374281898       5.23287936837013      0.613722787164217
                 361000      2.213964172858574    0.02117919110249444     0.3428108374067264      -2.11190189273688
                 362000      2.019885688448034    0.02117734689830108     0.3451783694959792     -2.105106476899825
                 363000      1.830933694643344    0.02117559010179706     0.3285022121723221     -2.154707161136648
                 364000      1.947171993805261    0.02117256133239428      0.578367977987171     -1.589183468380472
                 365000      1.905071612730814    0.02117034435074688     0.4180452131203215     -1.913908898177176
                 366000      2.145775679194111    0.02116836258382754     0.3724759876232092     -2.029419532127394
                 367000      2.529793548234493    0.02115128911984962      5.589757129054011     0.6782921315325798
                 368000      1.801878366754163    0.02114931443132707     0.3732698465514837     -2.028190743551504
                 369000      2.530307355860649    0.02113228622476125      5.667960126231176      0.691286748512728
                 370000      2.706412564490475    0.02111792686502245      8.908552338667551      1.142789484260603
                 371000       2.40078877008677    0.02110969026554147       1.78143265722678    -0.4671944686884685
                 372000      2.587870804535036     0.0210933726455414      5.056517208182719     0.5752922838290299
                 373000      2.451681980567653    0.02107884393017215      3.951385023614603     0.3279914742683426
                 374000      2.294463852786838    0.02107518188621062     0.7297289039645641     -1.361330606190897
                 375000      2.678612392390422    0.02106356795818997      9.920800155552723       1.24783392773735
                 376000      2.702865256231293    0.02105003470568211      9.212114439048701      1.173077051335548
                 377000      2.483164181196253    0.02103388668587607      5.193294802404236     0.5991585591136582
                 378000      2.380210541609341    0.02102701624185381      1.490700953668127    -0.6492900155683995
                 379000      2.510499857412958    0.02101058450165437      5.695176449923983     0.6903013521367752
                 380000      2.539075744521367    0.02099428252881807      5.609429768088148     0.6743546466504754
                 381000      2.708596486884635    0.02098022124858305      8.870125919238404      1.131924578682489
                 382000      2.500338292665816    0.02096402900494663      5.677342163028982     0.6849466964525208
                 383000      2.299705144681632    0.02096021982884317     0.7966245063678061     -1.279090059809211
                 384000       2.43699235134648    0.02094801448530681      3.193857399862932       0.10892870822526
                 385000      2.555743850679588    0.02093229575798785      5.244870207308514     0.6041991512113485
                 386000      2.416417215713993     0.0209227004339064      2.319205565708154    -0.2122851490551472
                 387000      2.625449048585835    0.02090673574757765      7.100752992118704     0.9059276630510384
                 388000      2.642140963952807    0.02089222740503746        8.4405665327705      1.078082064173884
                 389000      2.760494026867599    0.02088101875880672      2.910903183095216    0.01295939595826207
                 390000      2.529894738350907    0.02086520547697334      5.834961319788613     0.7076060364159646
                 391000      2.701732724916768     0.0208522885022174      9.238110851760325      1.166456551775167
                 392000      1.658306779588782    0.02085077483127634     0.3159463840955049     -2.209136202871012
                 393000      2.171404633859483    0.02084883809779224     0.4073663703507759     -1.955088667854793
                 394000      1.721679811005702    0.02084751895757366     0.2746444720781045      -2.34938746244493
                 395000      1.966440171431877    0.02084493120423135     0.5510756219240823     -1.653116985618632
                 396000      2.251645391044702    0.02084280731597007     0.4488122353612153      -1.85848630910323
                 397000      2.603567000060049    0.02082729493945338      5.615662364413979     0.6674793655528906
                 398000      2.704187882202239    0.02081391794387469      8.958951133282213      1.133930491750331
                 399000      2.671870994176658    0.02080197834622051      9.644236018021896      1.207063965823266
                 400000      2.721187057867304    0.02078687008805735      7.650326551514434     0.9747253127990827
                 401000      2.281803381309248    0.02078379901186207      0.677203490824109     -1.449954246616546
                 402000      2.787692035314048    0.02077974948845092     0.9109842710586252     -1.153595279488937
                 403000      2.589846270020897    0.02076505092419186       5.02643309641021     0.5536373738634283
                 404000      2.714760333598774    0.02075086366897002      8.358592910544678      1.061533406984104
                 405000      2.710001507592394    0.02073739343012049      8.817950561471987      1.114383434661089
                 406000      2.681272752882203    0.02072589460535308      9.808143315012263      1.220252294525031
                 407000      2.475343515759242    0.02071167629999478      4.842096437446629     0.5137008266633657
                 408000      2.648194041810428    0.02069807139533335      8.684263865268447      1.097208601177618
                 409000      2.700580008442211    0.02068581408142894      9.447300437400921      1.180832625735909
                 410000      2.522568292014073    0.02067101699215472      5.683609641335637     0.6719745427467776
                 411000      2.665772429040504    0.02065923074249837      9.661327249344849      1.201948701826907
                 412000      2.733000915156948    0.02064427589771669      6.439017119920369      0.795469429860578
                 413000       2.54172293631695    0.02062981016779952      5.483180460714107     0.6340778717135782
                 414000      2.682857613266866    0.02061870978929669      9.952021444560042      1.229630034363467
                 415000      2.292293766734441    0.02061547801809504      0.767968992005985     -1.332308330096317
                 416000      1.897234565891715    0.02061377017227367     0.3942614269251097     -1.999126324380189
                 417000      2.030580289212455    0.02061221684898632      0.357702880657083     -2.096513190762972
                 418000       2.51535240209053    0.02059772779153094      5.730693998023635     0.6766728460839553
                 419000      2.168576773228883    0.02059591779830219     0.4209078621080382     -1.934592995297069
                 420000      2.439886974333677    0.02058509034028602      3.227954653293853      0.102071184019245
                 421000      2.601512913670029    0.02057090338299785      5.456574414121258     0.6263542541595999
                 422000      2.501570286882687    0.02055667833449625      5.589115420483719     0.6496623371466625
                 423000      2.574773002210096    0.02054331438533023      4.756051666120255     0.4876088338656945
                 424000      2.249690142808983    0.02054131745511572     0.4736924422692956     -1.819103242685649
                 425000      2.477083458355324    0.02052777881778789      4.956263024076417     0.5280865051397177
                 426000      2.458948462933125    0.02051518137564634      4.281279783087972     0.3810725843942442
                 427000      2.499425436361864     0.0205011366138264      5.662851081340428     0.6600632569690502
                 428000      2.521693784595365    0.02048700206440376      5.937251573945631     0.7066924054993362
                 429000      2.303079634416552    0.02048357700264566     0.8514865131732396     -1.235492736878313
                 430000      2.370751752680037    0.02047845135933274       1.32633430499791    -0.7925524067590338
                 431000      2.195175734394774     0.0204766812550247     0.4262318093351474     -1.927829750618136
                 432000      2.382439161446335    0.02047085347208531       1.53793258868438    -0.6449034299995352
                 433000      2.429443947908279    0.02046133674811138      2.827834521702799    -0.0362962370526012
                 434000      2.523359656971436    0.02044733688329705      5.999269241921874     0.7151457548286179
                 435000      2.564571582671121    0.02043412390941411         4.992367733025     0.5307719746353413
                 436000      2.355383767823631    0.02042937899444892      1.235439530674533    -0.8659437485547847
                 437000       2.63397559264053    0.02041568098178325      7.598262680477468     0.9498783454124384
                 438000      2.520360099981118    0.02040184783327229      6.058136101321656     0.7226830933196075
                 439000      2.463219682117248    0.02038935361353603      4.536639733473007     0.4328549119082743
                 440000      2.427425837702146    0.02038012899669465      2.803294032063627   -0.04898903913412963
                 441000      2.623823688809368    0.02036636236383319      6.934202711360552     0.8560061551963771
                 442000      2.689878385402956    0.02035557562399729      9.733713710296291      1.194605798243779
                 443000      1.969313358348493    0.02035341242036896     0.5473465333835265     -1.683769138793097
                 444000       1.91661003626921    0.02035152365135802     0.4754480039610036     -1.824686534049287
                 445000      1.765657453485757    0.02035024178771272     0.3188975020805908     -2.224137306864629
                 446000      2.666233218729265    0.02033930079688287      9.647176380887295      1.184875721557068
                 447000      2.066069892251118    0.02033790126290102     0.3512006958542653     -2.128255795534957
                 448000        2.6944035820059    0.02032706542966863      9.708250342203947      1.190584782943398
                 449000      2.724648619752521    0.02031366727480647      7.472397810957984     0.9281653017872845
                 450000      2.491911761896286    0.02030052079268014      5.575544668108224     0.6346919891977806
                 451000      2.663793702036651    0.02028955658619391       9.60733546919999      1.178288655631087
                 452000       2.44457212410123    0.02027890630280014      3.658174531324816     0.2122009462614716
                 453000      2.705324995097753    0.02026747535263664      9.297043495006305      1.144369285408426
                 454000      2.658236674413102    0.02025619936564637      9.394581313702901      1.154249393064369
                 455000      2.692618500268894    0.02024580150500651      9.914897944203652      1.207641345595923
                 456000      1.852607717053915    0.02024461446302263     0.3093321874092774      -2.25979529585128
                 457000      2.115174238340464    0.02024323841352469     0.3600741084507914     -2.107969141843194
                 458000      1.893058241025933     0.0202416427904694       0.41957010496688     -1.955127207061801
                 459000      2.019532789478859    0.02024022275115162     0.3721813736938193       -2.0750466922082
                 460000      2.367269514189473    0.02023540220392262       1.36806325960878    -0.7735148469109734
                 461000      1.980067928005534     0.0202334709105539     0.5124248261187875     -1.755607612786808
                 462000      1.928814455037193     0.0202314128810376     0.5477936262482722     -1.688964730000542
                 463000      2.062504418329224    0.02022995414304366     0.3835717783230291     -2.045408687090639
                 464000      1.988505038161553    0.02022810165185924     0.4913296025352702     -1.797911841854091
                 465000      1.980159272757374    0.02022598157878559     0.5657958801899143     -1.656898469042082
                 466000      1.840017514238753    0.02022466227159541     0.3463519930404356     -2.147741498096924
                 467000      2.124210010059245    0.02022316982318743     0.3933372357023679     -2.020603523153548
                 468000      1.639738107647809    0.02022199287367693     0.3082795520663386     -2.264322065039972
                 469000      1.938529520768954    0.02021974691573542     0.6019240722362611     -1.595308832720729
                 470000      2.718319740073478    0.02020711583364825      8.111121266765812      1.004926365023798
                 471000      2.461985507699111    0.02019558494323909      4.415613110456569     0.3962661454093762
                 472000      2.285131284871805     0.0201928787934959     0.7396586729288167     -1.390581006938068
                 473000      2.688509383934931    0.02018248937083772      9.830256570009006      1.195935837943863
                 474000      2.686899998633943    0.02017223940381591      9.917866487440662      1.204300636381814
                 475000      2.538959519528864    0.02015974014341493      5.498443173134453     0.6138079839258769
                 476000      2.537533002815942    0.02014721418771985      5.604101237883157       0.63222015650272
                 477000      2.469790701112602     0.0201355273456987      4.730719777060668     0.4622185859042615
                 478000      2.515509142984831    0.02012292599116126      5.887889211035557      0.680412764621057
                 479000      2.311635869179722    0.02011980060379617     0.8878047680909004     -1.211643543303049
                 480000       2.78923669817063    0.02011718696650994      0.734047723871083     -1.401951273146324
                 481000      2.540474587413803    0.02010480715002181       5.62120016802375     0.6331595800764925
                 482000      2.490649976968638    0.02009258329768618      5.462037464261653     0.6038280766863326
                 483000      2.372983605721261    0.02008782296581691      1.424957060278461    -0.7400890732092238
                 484000      2.487478784527291    0.02007567861460795      5.436939956099874     0.5983808955358676
                 485000      2.692812248549521    0.02006546421309496      9.772941833487048      1.184273106276474
                 486000      2.618550854527586    0.02005299354999244      6.220809188586125     0.7319338775422436
                 487000        2.6642122512896    0.02004239450058823      9.500613377314592      1.154861555469283
                 488000      2.697360842245076    0.02003207104765892      9.686767568448635       1.17375076538115
                 489000      2.733686464523013    0.02001973687964871       6.21287975461114     0.7289985857612526
                 490000      2.714169745735264    0.02000822103790192      8.685664231892691       1.06347255589299
                 491000       2.68359735322739    0.01999849531481002       10.0423312722089      1.208121759979035
                 492000      2.724089996143385    0.01998633434724862      7.660049559723814     0.9367226488197543
                 493000      2.609209506092825    0.01997446946032685      5.631246988866663     0.6284412765495292
                 494000      2.279340825046465    0.01997202184549286     0.7264072588240222     -1.419656634648867
                 495000      2.435264719680503    0.01996352359220903      3.083055628242507    0.02548341804100922
                 496000      2.760735897505518    0.01995574984183424      2.737955744443247   -0.09361568451380615
                 497000      2.549196132483227    0.01994425777019224      5.267454020923786     0.5601438464493105
                 498000      2.393732017560112     0.0199390730070402      1.673917885604386    -0.5864963698252679
                 499000      2.430810204355069    0.01993099013763287      2.912933250490811   -0.03290818510498979
                 500000      2.477621440528096    0.01991973023736016        5.0942590008005     0.5254803670936904
                 501000       2.69688983211732    0.01990993432859246      9.855070469106048      1.184860348608667
                 502000      2.490484295448503    0.01989842862947025       5.50199900586257     0.6014076848631843
                 503000      2.507383512600077    0.01988673861168559      5.872499647228532     0.6659889234205453
                 504000      2.739443929389147    0.01987528192338795      5.549027520129418     0.6087549738491848
                 505000      2.569844344492151    0.01986489893448854      4.453738594708689     0.3883536165203522
                 506000      2.638053194607521    0.01985311508718679      7.341458216367951     0.8875538539179215
                 507000      2.735459979227594    0.01984154879796081      5.949505146072704     0.6767416483726568
                 508000      2.730974308820811     0.0198297995393571      6.930904216534441     0.8288315545668389
                 509000      2.691093926369299    0.01982050088729621      10.05415997320385      1.200358714714155
                 510000      2.594962993543272     0.0198097999448334      4.922105171975439     0.4855685192137048
                 511000       2.73973802647452    0.01979850564066022      5.734294064683629      0.637726550470927
                 512000      2.668752775742623    0.01978832403778779      9.354383746750253      1.126592589823277
                 513000      2.715004140241725    0.01977740417975469      8.579649354148717      1.039588565617591
                 514000      2.591510910503119    0.01976715400119247      4.635582122677641     0.4234388931124632
                 515000      2.678696175719108    0.01975743888848978      9.686961252335715      1.159966291261918
                 516000       1.82686527524994    0.01975627904329241     0.3611457987561096     -2.129346722674169
                 517000       2.07391656011632    0.01975510808531699     0.3648036302456253     -2.119328536584837
                 518000      2.019318730339651    0.01975387114190669     0.3860758638154711     -2.062716473343114
                 519000      1.918732925501296    0.01975221699536811     0.5217043018277135     -1.761733147444396
                 520000      1.851425084850192    0.01975109636704495     0.3490470812751261     -2.163684022671505
                 521000      1.994070985675792    0.01974957844410637     0.4774656511880903     -1.850475472038382
                 522000      1.619247595442945    0.01974870315071195     0.2712337613686887     -2.416030978127376
                 523000      2.081682748913119    0.01974747567656858     0.3836244894758187     -2.069409989721261
                 524000      1.864359334733339    0.01974629700560841     0.3680511622539787     -2.110911904453579
                 525000      1.853621239384468    0.01974504756498484     0.3909212899412536     -2.050690902282176
                 526000      1.881572553367804    0.01974369508696568     0.4243384139685955     -1.968734353891755
                 527000      1.972535211463977    0.01974176160064383     0.6156075344433984     -1.596753929949739
                 528000      2.384228725362826    0.01973714574535501      1.586942776149235    -0.6500327480879564
                 529000       2.68011893840463    0.01972825372069148      10.21733154552507      1.211792694522652
                 530000      2.619159930472654    0.01971700327338315       6.30576584407232     0.7286012397702564
                 531000      2.683694962076678    0.01970825643422592      10.30507470595564      1.219329557859195
                 532000      2.547926823548327    0.01969761247341796      5.321528348255958     0.5579134175367908
                 533000      2.631379094825796    0.01968637422436272      7.195111751190267     0.8589840424775156
                 534000      2.657197129188449    0.01967642491408056       9.34656136287345      1.120085159010257
                 535000      2.694305250386076    0.01966761786811338      10.24315350438029      1.211238489634893
                 536000      2.706145946727645    0.01965817519684589      9.777285632725944      1.164210632982823
                 537000      1.957939820727196    0.01965620104384126     0.6542363346211777     -1.540238323820188
                 538000      2.073159155872451    0.01965490248503459     0.4232134762445993     -1.975896319958701
                 539000      2.226716985206123    0.01965375567020677     0.3724791392667837     -2.103650358613768
                 540000      2.043060113104685    0.01965241643402725     0.4371714194835203     -1.943574154263348
                 541000      1.921504136755011    0.01965064353842267     0.5853159558461675     -1.651837956481953
                 542000       1.98051503910259    0.01964874374102734     0.6295551412649333     -1.579072991701405
                 543000      2.137596558007371    0.01964748282414563     0.4113080520457951     -2.004808159539706
                 544000      2.569173410176576    0.01963751079481931       4.80722120062931     0.4532161952742003
                 545000      2.459627977300313    0.01962796788631645      4.435531042548648     0.3722582675005437
                 546000      2.659792377522749    0.01961861017473339      9.763325831787057      1.160767156069088
                 547000      2.421879567935596    0.01961210372684397      2.544133947204677    -0.1844073532044215
                 548000      2.681520563166348    0.01960403892630879      10.67284135419262      1.249093374056704
                 549000      2.731594502524923    0.01959310919328303      7.151243633175731     0.8481196467181734
                 550000      2.403062356608898     0.0195877390688965      2.030513436022366    -0.4111520642151277
                 551000      2.576077592225774    0.01957782376043931       4.95884293839864     0.4812253576326069
                 552000      2.538579936140906    0.01956723378045938      5.978365608414066     0.6676590801698579
                 553000      2.652730513425749    0.01955794003603518      9.715634986966966      1.152773223900281
                 554000      2.630325968615641    0.01954723996021451      7.681183303346415     0.9172631469846634
                 555000      2.746999564878329    0.01953739261428556      5.033851318841198     0.4941709980064995
                 556000      2.710518866336549    0.01952860413334881      10.09109808188346      1.189189364339243
                 557000       2.67760451825136    0.01952123262669839      11.06066045644994      1.280552873713039
                 558000      2.654281606837204    0.01951219016640528      9.894895760793542      1.168713889235553
                 559000      2.675636323245436    0.01950487697220612      11.12545904341276      1.285556062746574
                 560000      2.652440081285333    0.01949578187031539      9.854887897823335      1.163821130988014
                 561000      2.639957837046597    0.01948570165167846      8.716169246950349      1.040516220612573
                 562000      2.511495104391595    0.01947540136156253      6.083684576411873     0.6804181666702951
                 563000      2.650197624265392    0.01946629249277671      9.798848074518766      1.156604652849075
                 564000       2.61982945009819    0.01945582337301146      6.961525448174106     0.8142004891613827
                 565000       2.67232310036388    0.01944862251514102      11.20976926144325      1.290217337084025
                 566000      2.547309417333586    0.01943868363962854      5.653442197904046     0.6051851187215823
                 567000      2.665602139608815    0.01943117163169968      11.01618635734574      1.271899677741858
                 568000      2.670107280851536    0.01942400799977522      11.25832835989135      1.293273417926495
                 569000      2.506077799843163    0.01941396003991849      6.019466954409278     0.6666465443743111
                 570000      2.697778080627834    0.01940630570565587      10.93912545470948      1.263599341052242
                 571000      2.673430471565585    0.01939933507014423      11.40476832855246      1.304925770907466
                 572000      2.521410887887922    0.01938930512408908      6.180547834954236     0.6917839835452558
                 573000       2.28015938112596     0.0193872945646197     0.7534817048771312      -1.41277717145564
                 574000      2.401820467753137    0.01938252000018463      1.962872922851558     -0.455563756238455
                 575000      2.339897314913203    0.01937969423777926      1.087211428700285     -1.046502637239206
                 576000      2.669687652082963    0.01937265221798769      11.34892437530261      1.298640800569898
                 577000      2.336572495038844    0.01936984447452042      1.085930409440439     -1.048189974275392
                 578000      2.693271786533031    0.01936261730194184      11.24078953254408      1.288548786812343
                 579000      2.248292789318524    0.01936128100073124      0.497835904522841     -1.828554080417272
                 580000      2.088584680578122    0.01936011542304689     0.4323579238391246     -1.969631024829213
