#! FIELDS time e sigma_e height
#! SET action OPES_METAD_state
#! SET biasfactor       2.698418390276557
#! SET epsilon     0.01374333274381851
#! SET kernel_cutoff       2.928208142815685
#! SET compression_threshold                       1
#! SET zed       0.129554295633529
#! SET sum_weights       898.5885687438466
#! SET sum_weights2       2121.914868305517
#! SET counter  581
                      0      2.666066235908949    0.02805043488922497      759.1750725777646
                      0      2.520960036395761    0.02779370614955421      281.6748760427934
                      0      1.910300488533863    0.02571136255131667      5.170647834889772
                      0      2.474965430512372     0.0271105284419502      189.0785560557746
                      0      2.291785945078725    0.02518553953681081      11.53094829632881
                      0      2.395331917049183    0.02755096883942655      40.54440249971626
                      0      2.123659400630174    0.03278317398682868      3.140649961218895
                      0      2.710537411163551    0.02724520475235612      588.1111506777188
                      0       2.61081781738773    0.02901137557481527      255.0167154931864
                      0      1.952582480107258    0.02381563272013286      6.411350149141701
                      0      2.186067099241568    0.02927043079798703      3.282476158943884
                      0      2.764906497239259     0.0261035279406139      18.31959314613496
                      0      1.813875159620561    0.02759574035297984      2.699643501691348
                      0      2.020321993463158    0.02331725485615545      2.145081969885298
                      0      2.343184550219688    0.02672647299482652      16.99352282192715
                      0      1.719874280770206    0.02511342884423217     0.9283445677976134
                      0       1.65153532329879    0.02697021790160114      2.034208687977989
                      0      1.980773025984803    0.02204912954038466      4.835702386338511
                      0      2.437395836179558    0.02337270118103315      51.29151363941973
                      0      1.551899659891784    0.02379729895553053     0.1697131002788699
                      0      2.060979594653538    0.02463473408771107      3.623691334820489
                      0      2.249388435553354     0.0215405873272913      2.531664215890045
                      0      2.556419922398736    0.02424143552951645      124.4942816748038
                      0      1.854337833619015    0.02196727988717804      2.032915833161097
                      0      1.760174726241565    0.02254050641713661      1.084500235337384
                      0      1.619247595442945    0.01974870315071195     0.2712337613686887
                      0      1.881572553367804    0.01974369508696568     0.4243384139685955
                      0      2.226716985206123    0.01965375567020677     0.3724791392667837
                      0      2.088584680578122    0.01936011542304689     0.4323579238391246
