#! FIELDS time e sigma_e height logweight
#! SET action OPES_METAD_kernels
#! SET biasfactor       5.011348439085033
#! SET epsilon    0.001910020759284688
#! SET kernel_cutoff       3.538542402811424
#! SET compression_threshold                       1
                   1000       2.69146868192923    0.06321896844457647   0.006322704301097473     -5.011348439085033
                   2000      2.498714647704369     0.0626311624932774    0.02322942719721361     -3.719416994965975
                   3000      2.667323358199982    0.05587683169938124     0.5521314006043726    -0.6651639441938713
                   4000      2.438667779095942    0.05465890674963438     0.1026958688389806      -2.36921577122145
                   5000      2.542805246186223    0.05165075756436362     0.3822102313838337     -1.111624177319079
                   6000      2.690089400725658    0.04927166882523391       1.46165860702963     0.1825765079177753
                   7000      2.493143155607634    0.04735851210660962     0.5810806540145769    -0.7794637012702714
                   8000      2.704397725343206    0.04589665279565066      1.802990004034853     0.3214940284752571
                   9000      2.277011531377731    0.04587235813018999    0.00871363191229545     -5.011348439085033
                  10000      2.513985199087355    0.04434642481687397      0.989433990035355     -0.312934696227559
                  11000      1.827969778814766    0.04432596318143649   0.009017623419920807     -5.011348439085033
