#! FIELDS time e sigma_e height
#! SET action OPES_METAD_state
#! SET biasfactor       4.240371756148875
#! SET epsilon    0.003891431002318289
#! SET kernel_cutoff        3.33135957893421
#! SET compression_threshold                       1
#! SET zed      0.1468955471080666
#! SET sum_weights       325.5350993035916
#! SET sum_weights2       833.9611537401746
#! SET counter  291
                      0      2.663526005346382    0.03249966538759033      253.6538241897341
                      0      1.862252593961223    0.03328994227784025      2.169237889644262
                      0      2.440687826200261    0.03584160873615082      33.21847060313981
                      0      2.170434431823738    0.04095702125833628     0.9258856918387084
                      0      1.597857061387232    0.03514746854129584     0.5502732411207941
                      0      2.067748409803611    0.03162343318059144      1.019658836166022
                      0      1.765983246489522    0.03090993631604179     0.9591107328511677
                      0      2.552900479217346    0.03281867859034212      89.65403655713928
                      0      2.492773091921085    0.03158560790457664      64.44205063069573
                      0      2.003930947590638    0.03096208263864024      5.751166183835977
                      0      2.356483975548118     0.0340972391219028      14.06196905227107
                      0        2.7051410505154    0.02981840822542534      126.2267023402074
                      0      1.806806135638044    0.02914092302653941      2.210173529685934
                      0      2.229935729653564    0.02743651176205753      1.525400260210067
                      0      2.736410359673168    0.02759737884483906      34.78322096144348
                      0      1.665662254553771    0.02826824853891204     0.4498000819725901
                      0      2.626398940882513    0.03193483734006893       38.8078200181926
                      0      1.920521928590135    0.02858309059335516      1.756543702913708
                      0      2.293572171509676    0.02731468213167898      2.519370500753785
                      0      1.701295165858881    0.02890427709562641     0.1105040724275931
                      0      1.963791978463381    0.02649400933096757      2.218606882303702
                      0      2.398949784328256    0.02736983631487156      10.41369500351623
                      0      2.778259939578951    0.02593399855736802      3.160523487276192
                      0      2.103068059049978    0.02737670661781677     0.5438341891734033
                      0      2.262203172495408    0.02466067716087328     0.2446595941763772
                      0      1.542258718766443    0.02409352275738847    0.05626842230045007
