#! FIELDS time e sigma_e height
#! SET action OPES_METAD_state
#! SET biasfactor       2.698418390276557
#! SET epsilon     0.01374333274381851
#! SET kernel_cutoff       2.928208142815685
#! SET compression_threshold                       1
#! SET zed      0.1422280066448381
#! SET sum_weights        426.277421600569
#! SET sum_weights2       872.3446009944381
#! SET counter  327
                      0      2.623059570819764    0.02957699873480212      145.8583174529459
                      0       2.67960532266371    0.03180527384699552      338.2389514620644
                      0      2.501313664373978    0.03180051958983159      134.6320714832295
                      0      2.386016069826454    0.03072355878839862      20.62202236651767
                      0      2.452456958089328    0.03025806701796127      50.58899449482639
                      0      1.785190619401612    0.02726963400001856      1.903922728081564
                      0      1.974480586494807    0.03118145979195084      5.835108487221591
                      0      2.268123954310431    0.02888417032808201      1.150344253697289
                      0      2.726270715502976    0.02769107034001955       142.140163760385
                      0      2.129299919128479     0.0286850667130161      1.452929772305066
                      0      2.560747452779841    0.02918551081389717      134.8815893780663
                      0      2.083553337620406     0.0259187342409014      1.354578109282028
                      0      1.885375014085032    0.02632359890937667      5.437020661359628
                      0      1.744498747448659    0.02582232898234524      1.052701725813132
                      0      2.232322335693853    0.02631526641916798      1.095741828179195
                      0       1.92336102200473    0.02336105571913142      2.707740683689068
                      0      1.840518540145247    0.02397677729131279      1.291531291034681
                      0      1.701769751674293    0.02564660752430943     0.6683836366644349
                      0      1.626795304312738    0.02498510265052601     0.1616448585581925
                      0      1.661024242186944    0.02484720651965476      0.434803378085456
                      0      2.319056979525832    0.02498884918187437       4.71799164445642
                      0      2.764904196800615    0.02431136017057784      5.289737603023319
                      0       2.03380879165637    0.02569543269362712      1.575056899342275
                      0      2.419276564171763    0.02192170593813301      2.205840050489642
