#! FIELDS time e sigma_e height
#! SET action OPES_METAD_state
#! SET biasfactor       4.240371756148875
#! SET epsilon    0.003891431002318289
#! SET kernel_cutoff        3.33135957893421
#! SET compression_threshold                       1
#! SET zed      0.1196774360738497
#! SET sum_weights       333.3990493874925
#! SET sum_weights2       866.0414803223463
#! SET counter  311
                      0      2.693627232396656    0.03317628352215176      211.7170796888169
                      0      2.497816831293163    0.03683756730898585      124.3870479927785
                      0      2.421063650629351    0.02990438772875074      28.12877984726438
                      0      2.281559720106973     0.0336618987513059      3.116294265891776
                      0      2.380055783155021     0.0323705849672738      9.682195550974736
                      0       2.56263009854726    0.03081823178277889      101.9315106569901
                      0      2.017090714099929    0.03162735247577034      3.459832467405201
                      0      2.642853861920142    0.03143627145312407      128.5828421431839
                      0      2.186183437569969    0.02837634601141109      2.047031952214097
                      0      1.927140984242599    0.03096865970684169      4.341136862332406
                      0      1.749261921235004    0.03386567142435128      1.480742674122908
                      0      1.544787074467789    0.03134894826294788     0.1738786264751491
                      0      1.690816139397479    0.03102434042140615      1.200234858915354
                      0        2.7516094251387    0.03204574547871446      19.14836226440972
                      0      1.868864840913303    0.03217527820517656       5.57737813564734
                      0      2.229615270579735    0.03030668677080931      1.383172292245336
                      0      2.086044810500011    0.02972496848415622      2.861203773269691
                      0      2.137326871390005    0.02701072906384972      1.015256319482689
                      0      1.626272526529693     0.0287779608525212     0.1897317573759615
                      0      2.323198945251918    0.02699181679151506      2.503486303585028
                      0       1.81223119407722    0.02844112570073963      1.007472049705274
                      0      1.967622326879685     0.0288164811330742      2.097101116758811
                      0      2.785814261999592    0.02673788616933506      1.413644802178301
                      0      1.499004302961289    0.02764370414678635    0.08940212400998844
                      0      2.050929482742332    0.02674171055400591     0.7811542727662658
                      0      1.586310817469996    0.02496323135337479     0.2072279534018159
                      0      2.609655205758484    0.02645826433124414      53.94731124041952
                      0      1.304064213235685    0.02449159900430346    0.03528288224509254
