#! FIELDS time e sigma_e height logweight
#! SET action OPES_METAD_kernels
#! SET biasfactor       5.011348439085033
#! SET epsilon    0.001910020759284688
#! SET kernel_cutoff       3.538542402811424
#! SET compression_threshold                       1
                   1000      2.655228099700561    0.06321896844457647   0.006322704301097473     -5.011348439085033
                   2000      2.446529319358214    0.06290517029706577    0.01217850634700724     -4.360798859041199
                   3000      2.537522168011306    0.05547587756339242     0.7004167170118725    -0.4344760854983223
                   4000      2.670993946379195    0.05330440070598595     0.2275062459061994     -1.598903256053585
                   5000      2.461051951806137    0.04972919482029505     0.9256529441209428    -0.2650082856057399
                   6000      2.270028105793804    0.04967935983670455   0.008045893606707634     -5.011348439085033
                   7000      2.662670653699811    0.04737430119842843     0.6811127977423653    -0.6202920004545678
                   8000      2.303423631497965    0.04716561066529867    0.04615548869925464     -3.316418916156064
                   9000      2.690936009886568    0.04545369766407905       1.31621638784215  -0.002889140324748584
                  10000      2.656905714234525    0.04481876890940732      2.160080909504037     0.4784281174332204
                  11000      2.482289678040247     0.0434537256385752      1.105251483799974    -0.2225750725398871
                  12000      2.349288084144971    0.04322849962456939     0.1262880187351216     -2.397034688619401
                  13000      2.325591032325889    0.04286507134865728     0.2186070100836655     -1.856766891263488
                  14000      2.626069301439183    0.04188298790787808      1.912601547572533     0.2889995478194667
                  15000      2.404908929154816    0.04124196539739866     0.5918423046180037    -0.8994033035753659
                  16000      2.307379855537843     0.0408674338355383     0.3303384045198454      -1.49164873679271
                  17000      2.493796863294101    0.04002424305540062      1.416803638956591   -0.05645583939657083
                  18000      2.524182418680678    0.03927605694619869      1.536321587959802     0.0056615129545792
                  19000      2.523200372850204    0.03864225449043041      1.907330582750971     0.2057064552956607
                  20000      2.544209122777878    0.03810152111715451       2.16437570690425     0.3180416062318112
                  21000      2.788922924753415    0.03801769112761176     0.1213108308846543     -2.565692131798649
                  22000      2.751583888024508    0.03768021935327916     0.5928407184755713    -0.9880388100258063
                  23000      2.342543962623673    0.03741780787160288     0.4565567850902645     -1.256240019195305
                  24000      2.684336541214494    0.03693705753398423       2.02911484798801     0.2224704165857847
                  25000      2.698781345608386    0.03650165621845024      2.173888869711824     0.2795307426894527
                  26000      1.904101526857028    0.03649585477933132    0.01095233543952612     -5.011348439085033
                  27000      2.096903762780189    0.03649005658086012    0.01095407574416119     -5.011348439085033
                  28000       1.99304527924672    0.03648380712059492    0.01181846832442644     -4.935567899385571
                  29000      2.038160065785971    0.03647237327416509    0.02171081063720308     -4.327734441265691
                  30000      1.846023469298922    0.03646417177775788    0.01556336595963259     -4.660849841156398
                  31000      1.936819241475271     0.0364489298622692    0.02908358507228441     -4.036013814082867
                  32000      2.068662968233254    0.03642526590442752    0.04548847809368896     -3.589378123917728
                  33000      1.834777671885603    0.03640771580224358    0.03370250426757743     -3.889746971227423
