#! FIELDS time e sigma_e height logweight
#! SET action OPES_METAD_kernels
#! SET biasfactor       4.240371756148875
#! SET epsilon    0.003891431002318289
#! SET kernel_cutoff        3.33135957893421
#! SET compression_threshold                       1
                   1000      2.663511182010311    0.06284082615044533    0.01375115918422312     -4.240371756148875
                   2000      2.001836653303305     0.0624949438374419      0.013827265865069     -4.240371756148875
                   3000        2.6645237571834    0.05485907653126069       1.09454865843217  0.0007651841738908327
                   4000      2.477610416807229    0.05470634913557597    0.01579586679274328     -4.240371756148875
                   5000      2.386183100984137    0.05431071279308399    0.04249532904402565     -3.257984179672258
                   6000       2.43321980323433    0.05242199243204511     0.2540961532698336     -1.505060883461573
                   7000      2.730660804740915    0.04923303228776651      1.331394866974815    0.08844738877670064
                   8000       2.55176350678922    0.04801169488606769     0.3226843315634889     -1.353980672821862
                   9000      2.622029627958778    0.04604377949453906       1.50020831451119     0.1408520846096003
                  10000      2.534379479949101    0.04452190161611703     0.9050775723574024    -0.3980979466212149
                  11000      2.517421446853745    0.04315982996168365      1.375575381381735   -0.01056225878433155
                  12000      2.536192549105653    0.04235028624577449       2.20345504585108     0.4416572217475575
                  13000      2.390089732533755    0.04197474530333464     0.2864492873742567     -1.607470193009722
                  14000      2.649782647774486    0.04103707115350085      1.877469688136455     0.2500562301633274
                  15000      2.698517505861201    0.04019417870449641      1.871318420066033     0.2260208344840774
                  16000      2.433237188017048    0.03973076152095157     0.5854709337945775     -0.947557565743146
                  17000      2.439424318591692    0.03915662381264187       0.87576960979718    -0.5594271886313631
                  18000      2.656120230755969    0.03858130147312078      2.264545984054243     0.3757974693870115
                  19000      2.712187951533798    0.03798700307579427      1.980635298358982     0.2263171656790868
                  20000      1.809017510510777    0.03797192284535501    0.02281741968205139     -4.237728561681899
                  21000      1.705565472549194    0.03795656119126996    0.02328870778063521     -4.217688863405311
                  22000      1.950146778559715    0.03793383410713374    0.03465069158964525     -3.820938722115117
                  23000      2.128777534400149    0.03791875001050258    0.02296959940077443     -4.232482551775462
                  24000      1.896878918025095     0.0378856868053894    0.05091760584719469     -3.437317702638483
                  25000      2.098377589644829    0.03785381094436619    0.04925654218729181      -3.47132598585068
                  26000      2.256482947741631    0.03783895621631301     0.0228371575241899     -4.240371756148875
                  27000      2.680780675008532     0.0381976915900177      4.371385871182459      1.023510613808958
                  28000      2.309378464901162    0.03814761714201265    0.09171597418868142     -2.841939981037927
                  29000      2.560613878766704    0.03758228119756545      2.332051117001787      0.378936320417545
                  30000       2.66916532814089    0.03768464955361988      4.953248554928247      1.134951910720182
                  31000      2.696742769221034    0.03748576781790817      4.892010659285032      1.117220170604965
                  32000      2.417025655682215    0.03716943271899065      1.066943101046872    -0.4140601950332232
                  33000      2.614339788842169    0.03674151720501841      3.971149627675983      0.888618443978419
                  34000      2.240698419392232     0.0367242689769672    0.05452162090574959      -3.40006468780063
                  35000      2.474463020436492    0.03639522894588298      1.382803176234388    -0.1757941430641936
                  36000      2.319765515069338    0.03634350217789373      0.175927527591261      -2.23901227515965
                  37000      2.220067825480207    0.03632071586829385     0.0765018575402709     -3.072396555525402
                  38000      2.575480358567932    0.03589524688382403      2.767259108580322     0.5041176645694879
                  39000      2.453704409610822    0.03559456307959558       1.47522773137344    -0.1333392864849348
                  40000       2.26655953729898    0.03555648113801028     0.1470464404179151     -2.440228932982527
                  41000      2.697102693513287    0.03534909378680907      5.119216876886444      1.103929667960627
                  42000      2.436266032884129    0.03505879536423312      1.709295061366074  -0.001237001879326443
                  43000      2.293438141187545       0.03501233901012     0.2108669721593054     -2.095171827746991
                  44000      2.517455087232723    0.03469234306625849       2.28270775263184      0.277536788584694
                  45000      2.686706233222462    0.03455292961651259      5.708589346869172      1.190119721489348
                  46000      2.593995303899096    0.03423640310930262      3.053484705158034     0.5552283988697283
                  47000      2.404477156420022    0.03403857723982635      1.367730636812154    -0.2536971592079459
                  48000      2.552674387732733    0.03374927871889916      3.018735435666849     0.5294524973594812
                  49000      2.627115008162179    0.03349160535065153      4.344657338566901     0.8858971508758072
                  50000      2.671251195388432    0.03333019060367178      5.750229303966739       1.16135878172807
                  51000      1.932812688056376    0.03332143706283911    0.06008412448460065     -3.400153240722376
                  52000      2.002937754896112     0.0333138489564371    0.05208318960497574     -3.543284405736042
                  53000      1.829490170736652    0.03330741000862644    0.04418811644148345     -3.707864052046105
                  54000      2.067691287434282    0.03329950302706425    0.05439452373504443     -3.500293886281931
                  55000      1.903163593599111    0.03328721070309766    0.08505027249258966     -3.053684058211694
                  56000      1.705457105567972    0.03328154508996507    0.03899134639041677     -3.833757065263027
                  57000      1.968341402615349    0.03326776598342451    0.09572720823751805     -2.936008335853769
                  58000      1.891912648283362    0.03325122707584857     0.1154658613565425     -2.749033256645522
                  59000      1.844364603346724    0.03323812025568291     0.0913743612484483     -2.983437495882981
                  60000      2.043313776847547     0.0332264288455716    0.08153008841962334     -3.097782097217409
                  61000      2.704322291808944    0.03306991122426646       5.95734544706301      1.188904267360056
                  62000      2.464338948652785     0.0328713974740131      2.075835075177299     0.1286218583233185
                  63000      2.325570746526342    0.03283470581828091     0.2935682236714875     -1.828503720114632
                  64000      2.740786186401488    0.03259878542161006      3.554239689223572     0.6580716380090673
                  65000      2.289641043490834    0.03256485691253683     0.2860755425660028     -1.862610232330345
                  66000      2.697748108599463    0.03243336472961397       6.30873043195774      1.226777563263407
                  67000       1.78510400297817    0.03242701026655025    0.05556365808073385     -3.505578759592348
                  68000      1.672051522476214    0.03242174971550737    0.04597801293481404     -3.695107053560537
                  69000      2.733718448716388    0.03220910752427097      4.637969741278953     0.9121814074284271
                  70000      2.629839195781042    0.03200629769148502      4.790419962428982     0.9382062064815988
                  71000      2.450084224242729    0.03185041896413096      2.056276871525394     0.0876029776645738
                  72000      2.571176991603831    0.03166256832987955      3.105574332632587     0.4939892797055859
                  73000      2.609069266302812    0.03147266129982923      4.310509137961623     0.8158307381232144
                  74000      2.708101108958695     0.0313358856665642      6.182319344690377      1.172112885062178
                  75000      2.560004872136464    0.03116516964234738      3.224627434804209     0.5157739708675522
                  76000      2.771064516810602    0.03103854142428556      1.971359471344691    0.01960853351822473
                  77000      2.461511174774649    0.03091090967130903      2.062287727976803    0.06058053732692526
                  78000      2.525518365230074    0.03076274753355816      2.777418351813718     0.3534817458764126
                  79000      2.716414626984566    0.03063064428967157      5.937369916544784      1.108922653325533
                  80000      2.363869234014564     0.0305897138491928     0.5814288934293058     -1.215947354284946
                  81000      2.267386294096886    0.03056913005633633     0.2828762386487176     -1.937099680408551
                  82000      2.519304167715966    0.03042237522886812      3.219947318572737     0.4901988014510268
                  83000      2.425343743983978    0.03030408585984365      2.236255276919809     0.1217407036179293
                  84000      2.334894905373637    0.03027373956965152      0.449628542626078     -1.483397404290471
                  85000      2.641844383682654     0.0301555603038527       6.08304175973309      1.117529625607375
                  86000      2.343454842835851     0.0301191495982322     0.5743812415170442     -1.243645312786849
                  87000      1.667449785328458    0.03011492107092448    0.06282730155899197     -3.456689358430913
                  88000       2.48605040283134    0.02998996367360951      2.774699648764156     0.3270607259156581
                  89000      1.855299864841731     0.0299823515858242      0.116675677658778     -2.842092813211499
                  90000      2.130558015698946    0.02997841763261208    0.05994080240807097     -3.508264682035897
                  91000      2.050027883881215    0.02997211723667517    0.09649506356612488     -3.032340464888572
                  92000       2.49963427936354     0.0298437717067218      3.119431940677592     0.4392825177532297
                  93000      2.671036337402666    0.02977714641663823      7.372558838382939      1.297161480768057
                  94000      2.625259302518212    0.02965340715284229      5.547796301325715      1.008633255109689
                  95000      2.634034547775979    0.02954557339445166      6.291413248445276      1.130775097145595
                  96000      2.584636821132258    0.02941923538522234      4.271425038832371     0.7392516672998837
                  97000        2.4184592417021     0.0293334254306621      2.004939596191866   -0.02000296301815039
                  98000       1.89479611434531    0.02932585670494509     0.1406271541128462      -2.67751814196439
                  99000      1.886700177025563    0.02931664963508285     0.1719042971053846     -2.477006329860455
                 100000      1.994022862946197    0.02931128309127648    0.09948729894266516     -3.024097323669961
                 101000      2.174149836107205    0.02930812576097165    0.05829782594034747     -3.558670232146008
                 102000       2.11170452799002    0.02930315909171715    0.09211588170279728     -3.101357143998293
                 103000      1.707164795633219    0.02929921210820361    0.07309665390484051     -3.332756624555295
                 104000        1.7407971994115    0.02929561194169612     0.0666640593813142     -3.424996131644018
                 105000      1.891445538516886    0.02928419215226025     0.2153323397591478     -2.252869386778337
                 106000      1.790580668752153    0.02927978359982019    0.08197142878367276     -3.218831785773765
                 107000      1.985860001922146    0.02927243527342075     0.1376272346723276     -2.700904711327413
                 108000      1.641506605640944     0.0292689971939737    0.06390757075108178     -3.468133169154841
                 109000      2.054120239230526    0.02926160678018839     0.1386649182963751     -2.693763170163871
                 110000      2.500895010760148    0.02914853758789429      3.429700646737986      0.510533163170235
                 111000      2.545282354849316     0.0290319427696819       4.26364600810069      0.724176801081876
                 112000       2.44042460907364    0.02893332673357205      2.828715416572116     0.3104722348720155
                 113000      2.655479047551411     0.0288749057443856      7.697552559843468      1.309530771314669
                 114000      2.691380954649116    0.02883270142410536      8.346158842366423      1.388967061023831
                 115000      2.644885952679568    0.02876453541595847      7.742142326088428      1.311477092564127
                 116000      2.598363515220995    0.02865789097986601      5.412090538909355     0.9497197093441517
                 117000      2.323802933204088    0.02863731716792587     0.4942598864090647     -1.444327713102182
                 118000      2.522935360131563    0.02853641266085929      3.876555887232108     0.6117834482954394
                 119000      2.260991068192349    0.02852479885580978     0.2793297284404837     -2.018933090599946
                 120000      2.405586246168531     0.0284591496504249      1.928112768952542   -0.08933316417058809
                 121000      2.496813512315524    0.02836438098974669      3.608871794637715     0.5341848065265544
                 122000      2.199692072719033    0.02836029808317489    0.09958758773570514     -3.056072093208083
                 123000      2.158744278161356    0.02835658744425268    0.09047745959261398     -3.152139722263903
                 124000      2.540263157577973    0.02825756206280452      4.634214946831202     0.7804833528513765
                 125000       2.36617048359992    0.02822098842105151      1.014091070427772    -0.7402858766785505
                 126000      2.642039932956966     0.0281643023474875      8.066169944546788      1.331389505100127
                 127000      2.028619116117245    0.02815846986820744     0.1523915260429187     -2.637798610143507
                 128000      1.548675509159643    0.02815727899764766    0.03074657472519374     -4.238515344089554
                 129000      1.894271555369879    0.02814810313401571     0.2423371472494008     -2.174289946068546
                 130000      1.869690500933366    0.02813855276201079     0.2528925402461772     -2.131994564372926
                 131000      1.860306411078174    0.02812818865543578     0.2755393688691814     -2.046597094600126
                 132000      2.122594924495318    0.02812362718190558     0.1194662162722702      -2.88245617079781
                 133000      1.960566177266137    0.02811722969871048     0.1685536479967004     -2.538463211374935
                 134000      1.813718456650333    0.02811162164888235     0.1475777767047557     -2.671561432055659
                 135000       1.99437927317282    0.02810408135767421     0.1997146927383842     -2.369295219597755
                 136000      2.618129927708473     0.0280334984134313      7.478282725858441      1.251058788302666
                 137000      2.693838171813837    0.02798506017305504      8.581143088166424      1.386893371993436
                 138000      2.371470019684029    0.02794631790969367      1.219752020998932    -0.5654115331632995
                 139000      1.995032878395857    0.02793811258174174     0.2336858442524775     -2.218130374801698
                 140000      1.986612002869668    0.02792835963616606     0.2794615833689613     -2.039592358770338
                 141000      1.784973209882934     0.0279241317494726     0.1193498809845912     -2.890549233374726
                 142000      1.867682326220522     0.0279125380315664     0.3349053838565221     -1.859175805827511
                 143000      2.177292124073722    0.02790826373152884      0.120994454079517     -2.877432294645866
                 144000      1.735115533747765    0.02790495962499772    0.09333073716498454     -3.137145905813476
                 145000      1.685184728016472    0.02790124613074746     0.1050774525930693     -3.018730767214227
                 146000      2.028086358900111    0.02789280331131277     0.2424575775983172       -2.1829043741465
                 147000      1.925070720891803    0.02788414620693837     0.2491299046097097     -2.156067084511098
                 148000      2.178227518005983    0.02787879328481751     0.1527311142953602     -2.645554586308736
                 149000       1.66798654692376    0.02787460979852706     0.1190553772419179     -2.894794869939467
                 150000      1.523565835909787    0.02787327610021756    0.03766546122424558     -4.045687930638762
                 151000      1.745384188306834    0.02786903900203737     0.1207100393749604     -2.881192180845459
                 152000      1.842849373796381    0.02785836380331621     0.3103850967400003     -1.937152829742764
                 153000      2.103526027784616    0.02785310230964318     0.1507273768831764     -2.659682733591839
                 154000      1.828406746327941    0.02784276739758044      0.300987503459211     -1.968457859889287
                 155000      1.997376211912244    0.02783113710444291     0.3407116436289396     -1.844907907867138
                 156000      2.208224659862324    0.02782489315572532     0.1802264678386842     -2.481954569179883
                 157000      2.054135895780271    0.02781648518512972     0.2445687835781284     -2.176974411208395
                 158000       2.14493561319942    0.02781023695688886     0.1807960267154813     -2.479326180845109
                 159000      1.961277787113705    0.02779846114481506     0.3470712666149233     -1.827589038389672
                 160000      2.739773747240756    0.02771029483412967      5.058851730813825     0.8485989634639359
                 161000      2.427766944656072    0.02764381160929307      2.631511156839776      0.192615594626901
                 162000      2.517272356429432    0.02756091041888409      4.233883341650015     0.6651735370262138
                 163000      2.500313180919139    0.02748006611851913      4.135694783868758     0.6387716506692265
                 164000      2.759223374291933    0.02741007591419025      3.112733109354393     0.3520672712269077
                 165000      2.430045623454195    0.02734372538319027      2.909437281552471     0.2821022095107633
                 166000      2.291035071020267    0.02733064616874384     0.4304877276687591     -1.629172382036449
                 167000      2.576971393724634    0.02725095226130339      5.094547145309087     0.8389146841931193
                 168000      2.244581545407227    0.02724226429996817      0.288138527141038     -2.033888877785023
                 169000      2.710049804066019    0.02718334745867537      7.674439457701795      1.246155253788085
                 170000      2.682295992535106    0.02714757240897124      9.024625645990335      1.406900089815941
                 171000      2.761068201577938    0.02708119223620613      3.332107148282059     0.4080997924357438
                 172000      2.727387510487736    0.02701210662879238      6.813912913770948      1.120907135614288
                 173000      2.711577337981188    0.02695964861810529      8.229457727535623      1.307716813073799
                 174000      2.671275784254277    0.02692069988644625      9.129195661595316      1.410028533294636
                 175000      2.651851369911288    0.02687192215583734      8.667014275056918      1.356261750442798
                 176000      2.555839155820467    0.02680220655940897      4.540147997863431     0.7070992663819974
                 177000       2.37608422553099    0.02677251304393333      1.307475737337879    -0.5388704734600368
                 178000      2.659826735461007    0.02673166597107929      9.200622953311976      1.410775485957169
                 179000      2.675961476847702    0.02669954011057616       9.84473628750157       1.47723870400544
                 180000      2.454410414096604    0.02664760268389128       2.84608360442233     0.2342985041180487
                 181000      2.007532356125247    0.02663970392494528     0.3367208939863971     -1.900442730078951
                 182000      1.966017158961092    0.02663134606829694     0.3574672419359891     -1.840967168605101
                 183000      1.662487501282068    0.02662854743389705     0.1172535642282932     -2.955777183696111
                 184000      2.166812490895525    0.02662413537216409     0.1861051386532973     -2.493969916396944
                 185000      1.965764519363737     0.0266148169141635     0.4012587535145367     -1.726025263831379
                 186000      1.906660333402995    0.02660760971131288     0.3081735043751644     -1.990239636698324
                 187000      1.500179138581643      0.026606629760454     0.0409400294126261     -4.008831118691306
                 188000      1.935529632540649     0.0265983131578717     0.3577564472531218     -1.841399602598943
                 189000      1.793649214664392     0.0265940890442122      0.178993191904374     -2.534063095429637
                 190000      2.070245530329918    0.02658917754262865     0.2088428028638067     -2.380013737947529
                 191000       1.92751668401085    0.02658021386543057     0.3878447173725422     -1.761327695288697
                 192000      1.701240508888552    0.02657680741964716      0.144337787065288     -2.749904611137245
                 193000      1.748028190769133    0.02657351890276554      0.139358717459222     -2.785133341271817
                 194000      1.808433226898708    0.02656770924898513     0.2488262350722284     -2.205648499106528
                 195000      2.633360523660234    0.02651453401626977       8.35245126129807      1.305903533877129
                 196000      2.587147422035029    0.02644846033750177      5.283402122111596     0.8454236156139837
                 197000      2.369897523956526    0.02642337119737244      1.227232460936805    -0.6153340685640686
                 198000       2.38338496144749    0.02639155582574106      1.628445059927694    -0.3336748497666794
                 199000      2.578216138376014    0.02632732682993764      5.257991566772197     0.8360120029148291
                 200000      2.441006582944374    0.02627892142207348      2.920428462405887     0.2461529279905468
                 201000      2.685288999304135    0.02625017646923642      10.07496669624011      1.483381951673688
                 202000      1.645892770343494    0.02624765988075524     0.1176163516950184     -2.967094932715941
                 203000      2.317651648331932    0.02623643058809724     0.5457570832144543     -1.432776941589438
                 204000      2.695994559827914    0.02620348089358086      9.933864917812945      1.467497316881087
                 205000      2.662073807920382    0.02617260585935445      10.21337799992064      1.494067153214931
                 206000      2.510025081385515    0.02611824816648593       3.95423583167212     0.5430770380643144
                 207000      2.701675534072361    0.02608174281648131      9.895978062246783      1.459019416646307
                 208000      2.620705938800102    0.02602431146184848      7.456896179390495      1.173825861025641
                 209000      2.732125436787611    0.02596520349831468      6.653861772697132      1.057610156267391
                 210000      2.505461617697977    0.02591441143738248      3.885223144779558     0.5176350975833587
                 211000      2.685871010011222    0.02588761103813331      10.74479845828519      1.533841726875102
                 212000      2.494653337047927    0.02583937830570446       3.70911224552278     0.4683476180906838
                 213000      2.540561299242943    0.02578613563384935      4.625340705145005       0.68704244096139
                 214000      2.705466991804618    0.02574819854667092      9.865808597874564      1.443095205536263
                 215000      2.494164626454686    0.02570060486283186      3.876131105375829     0.5070074832937016
                 216000      2.493880126155664    0.02565241368064585      4.046421545334853     0.5481260270655722
                 217000      2.712981603484292      0.025610005450743      9.329520094988847      1.381822127597831
                 218000       2.70135781738384    0.02557948221321181      10.62810043433029      1.510947469690899
                 219000      2.685047064870989    0.02555643899814563      11.39382717730081      1.579616471334207
                 220000      2.435529571925012    0.02552209602575922      2.621557911338976     0.1089687892560735
                 221000      2.480252421520901    0.02547939824320542      3.643998601371233     0.4366072469550504
                 222000      2.269374952618253    0.02547437902828833     0.3178544887377296     -2.002832942650584
                 223000      2.553313195769669    0.02542636507738535      4.631024242161721     0.6742201308729101
                 224000      2.611209884739292    0.02537463982178225      6.268191880758265     0.9748936176054314
                 225000      2.769104225335509    0.02534213816032782      2.576015642148999    0.08436786845828656
                 226000      2.545795492318722    0.02529470399917376      4.842456937228044     0.7136727070891551
                 227000      2.729389435014778    0.02524610793087946      7.718255272001237      1.177915777725454
                 228000      2.668003584585649    0.02521629352474121      10.75587269205332      1.508597694145086
                 229000      2.450286060598475    0.02518218215488317      2.937948136850094     0.2095035499266081
                 230000      2.201649295162879    0.02517955552496275     0.1790054542428909     -2.588651188644377
                 231000      2.523441105912255    0.02513470642785887      4.712310563152945     0.6800834082052818
                 232000      2.681884949059845    0.02511174830031125      11.48675603834564      1.570185957055775
                 233000      2.543488962166517    0.02506678806446598      4.986617759838325     0.7339570993622447
                 234000      2.656219567853026    0.02503101941717773      10.09018691575664       1.43733462925189
                 235000      2.817565579212218    0.02502788526321203     0.2269503637714664     -2.357377895643971
                 236000      2.510737163060579     0.0249846132518188      4.816016013729974     0.6958626363505226
                 237000      2.656310807604247    0.02495243291350202      10.57565299409571      1.481181238661309
                 238000      2.152338040412883    0.02495012678200494     0.1709621075806117     -2.643778998725093
                 239000      2.546243313229347    0.02490653449707602      5.173579772600133     0.7643504978299778
                 240000      2.256727706663259     0.0249026729920914     0.2921027761980459     -2.110018980793904
                 241000      2.751655900573202    0.02486181836217299      4.581191296671891     0.6409477380268123
                 242000      2.203203526815512    0.02485917199297124     0.2008306021154302     -2.486411285296599
                 243000      2.486712474858124    0.02482080760482816      4.144306998912386     0.5390733404574259
                 244000      2.589195730272166    0.02477811373794085      5.310283620946515     0.7852614371753004
                 245000      1.644719149376602    0.02477671171425005     0.1077443083737717     -3.112434767919865
                 246000      1.660709957751916    0.02477493054402423     0.1372218733766406     -2.870668434934274
                 247000      1.717422178808422    0.02477325823251118     0.1287952974254066     -2.934110764558601
                 248000      1.805374934460074    0.02477062017891515     0.2044040943559459     -2.472342671290226
                 249000      1.895189346366723    0.02476674479294434     0.3026839361379748     -2.079908877630527
                 250000      2.042599403721415    0.02476375210628654     0.2326610045895495     -2.343136387619463
                 251000      1.610010822572209    0.02476289861165417    0.06555461028800411     -3.609869791793689
                 252000      1.866622626614264    0.02475882777830312      0.318796948886942     -2.028363361620609
                 253000      1.913615247168546    0.02475446199364604     0.3427844782103097      -1.95599217960162
                 254000       2.14892403169494     0.0247520978857045     0.1835232731262238     -2.580848104244709
                 255000      1.858362602908779    0.02474776523918841     0.3405487681034501     -1.962806309325083
                 256000      2.561130924578095    0.02470616085198571      5.184798453691691     0.7584390474085035
                 257000      2.234341384714217    0.02470296426717625     0.2523111077739574     -2.264513713220169
                 258000      2.109609400261593    0.02470099889256854       0.15406495335725     -2.757881868854729
                 259000       1.82929172662527    0.02469723956279965     0.2980544245661637     -2.098132259804439
                 260000      2.714673140161903    0.02466008509386868      9.434300360095245      1.355193408590188
                 261000      2.547218762821649    0.02461897245024134      5.348158474579609     0.7859251125748266
                 262000      2.652893767004774    0.02458514719305614      10.00268043988495      1.410651026797291
                 263000      2.661210543882865    0.02455627615761519      10.83032290283838      1.488972783472389
                 264000      2.513046141708789    0.02451776750102102       4.91995178407469     0.6983522270898189
                 265000      2.696010255782665    0.02449211070634795      11.31559208133958      1.530188096320223
                 266000      1.709335862565188    0.02449039761125646     0.1457503651079353     -2.821923404458103
                 267000      1.894720327832761    0.02448614986131571     0.3674928394767046     -1.897288361239603
                 268000      1.964100799915202     0.0244819772472747     0.3611089906081434     -1.914982791108555
                 269000      1.623314798946948    0.02448085834369643    0.09502282811069589     -3.250091162479146
                 270000       2.60285638962154    0.02444076107160066      5.806531237381941     0.8608910714213417
                 271000      2.692969904669225    0.02441676487690434      11.58457648300241      1.550600019118829
                 272000      2.367995785694568    0.02440610241617732     0.9941270068970007    -0.9054016691185073
                 273000       2.41078848400413    0.02438671939168343      1.956016876051231    -0.2293956659136369
                 274000      2.434433285249752       0.02436280701703      2.548231999877092    0.03411288988727369
                 275000      2.536679869481442    0.02432525962973131      5.267342813234539     0.7586967645474942
                 276000       2.46321358349743     0.0242975062528283      3.173560299072366     0.2508832399123194
                 277000      1.993243376093884    0.02429352624790359     0.3632114218025038     -1.916904841975568
                 278000      1.925501407856816    0.02428952428349807     0.3655542549200257     -1.910639974805005
                 279000      1.714830700297626     0.0242877824079673      0.156805793837907     -2.757118341129389
                 280000       1.90509036837092    0.02428342723019537     0.3992461348632218     -1.822727624463689
                 281000      2.082549651612157    0.02428150510034369     0.1734419776141815      -2.65654176714638
                 282000      1.972971867460915    0.02427700786042421     0.4131873857533971     -1.788668908757482
                 283000       1.79487389559187    0.02427473093179418       0.20619960819957     -2.483819239775441
                 284000      1.703775019056725    0.02427277896978816      0.176461542488317     -2.639641362715806
                 285000      2.101382250723213      0.024270819677826     0.1771985494959644     -2.635554196294042
                 286000      2.028993241055383    0.02426770292874806     0.2842066598943409     -2.163251823255787
                 287000      1.946372900405506    0.02426319226250242     0.4155785921011272     -1.783467613842811
                 288000      2.157144210983094    0.02426097694215969     0.2010675001302055     -2.509589995603604
                 289000      1.859997340084397     0.0242568559699259     0.3791316844539803     -1.875516946249317
                 290000      1.547743245594295    0.02425634107389151    0.04626376589041242     -3.979062709873551
                 291000      2.201737691834717    0.02425394842477589     0.2177086029055654     -2.430362930723687
                 292000      2.091376213033495    0.02425176418485041     0.1985555445334432     -2.522541594264423
                 293000      2.560768369737977    0.02421501509623424        5.3257626654305     0.7651842619528073
                 294000      2.616461601114795    0.02417637558636433      6.757235902484521      1.001645294963903
                 295000      2.294135335887194    0.02417245723347362     0.3680948293515772     -1.908545393624215
                 296000      2.555563647457538    0.02413593034932636      5.529237026618872     0.7994068900172473
                 297000      2.720257803551405    0.02410022781075947      8.787857859443751      1.261247710958071
                 298000      1.839439836919904    0.02409657729263016     0.3503227699728181     -1.961175102405567
                 299000      1.825848055717603    0.02409310566319942     0.3329617631283474     -2.012146455753361
                 300000      1.593308668359662    0.02409247415416579    0.05941052501760252     -3.735728925715576
                 301000      2.058715502780627     0.0240898999467903     0.2455022240884789     -2.317001171277834
                 302000      1.767335158204794    0.02408820406329983     0.1608184557086185      -2.74010145401951
                 303000      1.955263089122305    0.02408350380380971      0.455632539446333     -1.698886074438298
                 304000      1.819050729780125    0.02407989710490306     0.3471419876356352     -1.970988611302116
                 305000      1.865931599565736    0.02407525732087021     0.4503092998671822     -1.710980515577808
                 306000      1.584169235515581    0.02407459870608876    0.06218328546694223     -3.690856310913198
                 307000      2.515014749237531      0.024039814252875      5.199207107338476     0.7338729554323946
                 308000      2.447212881903838     0.0240153040219492      2.945753648417654     0.1647114246301027
                 309000       2.49948666382742    0.02398219208000897      4.809645789581932     0.6535904370303031
                 310000      2.722490373597966    0.02394779346579717      8.783314912464798      1.254385515590574
                 311000      2.619668028626246    0.02391157345931558       7.11698834383736      1.042502675190379
                 312000      2.669499507207063    0.02388846924202193      11.37984043694779      1.510894729044058
                 313000      2.611952986571619     0.0238529280515619      6.697535947723402     0.9793021067910289
                 314000      2.023725277316987    0.02384960706059813     0.3427448330353849      -1.99334585614784
                 315000       2.00610504771788    0.02384549151008304      0.427660368078304     -1.772175328915067
                 316000      2.051641435605412    0.02384237567046988     0.3215379754066814     -2.057519697201896
                 317000      1.822690776746211    0.02383842760161086     0.4103098098173076     -1.813888449438875
                 318000       2.13314273597344    0.02383636276915765     0.2116799999243353     -2.475811879045452
                 319000      1.697144376021263    0.02383442777271492     0.1982560165315132     -2.541409552434394
                 320000      2.026016202233408    0.02383048062368376     0.4108598170278163     -1.812882302922694
                 321000      1.958687483683634    0.02382550796702675     0.5222560573539993     -1.573185072193648
                 322000      1.703842498636061    0.02382341201739736      0.215464325183544     -2.458635694382948
                 323000      1.498892851075213    0.02382293565814805     0.0484055360603469     -3.951836852862157
                 324000      2.192406633215104    0.02382057470572593     0.2433153311060422     -2.337191889561987
                 325000       1.97032484702038    0.02381511964163496     0.5763208278475032      -1.47511468474705
                 326000      2.040157578117205    0.02381124975559188     0.4041291448711908     -1.830207200996102
                 327000      2.077157778922647    0.02380846585610831     0.2884959849356831     -2.167377446718858
                 328000      2.086644424640967    0.02380569769961302     0.2869867471554733     -2.172738852500013
                 329000      2.366281648455086    0.02379611566052666      1.052368432352761    -0.8737789285352201
                 330000      2.721341826014828    0.02376514365062053      9.548391330559006      1.330248085697078
                 331000      2.460293324982533    0.02374004347110031      3.404660204754394     0.2979637996890145
                 332000      2.711506758611602    0.02371498356591198       10.9349200176338      1.463723843881015
                 333000      2.649505836174413    0.02368814978298927      10.58989449532675      1.430530548610032
                 334000      2.494005739048164    0.02365823881487378      4.751407152460613     0.6278076731150304
                 335000      2.070881694223325    0.02365510716306513     0.3438300755415575      -1.99837323299851
                 336000      2.209250695332488    0.02365279073767321     0.2528289633448095     -2.305905505731874
                 337000      2.147553258749102    0.02365062656139043     0.2360346556448304     -2.374731593337714
                 338000      2.226102990238584    0.02364807666135801     0.2790750011740017     -2.207337487566946
                 339000      2.263457840070016     0.0236448869411622     0.3510784939567872     -1.977943118660231
                 340000      2.669073376651002    0.02362660465692893      12.19393325222925      1.568967384487372
                 341000      1.778221099032858    0.02362463863289843     0.2173440877250445     -2.458327908471662
                 342000      2.684274735276193    0.02360983415307373      12.82933757440124      1.619053310719824
                 343000      2.481623070010749    0.02358248703617429      4.261021993766746     0.5156688357461814
                 344000      2.312592103482873    0.02357860250657422     0.4453127347220562     -1.742983403907831
                 345000      2.781641792740026    0.02356607411074616      1.560597312864661    -0.4894677812807325
                 346000      2.505461548718599    0.02353552842193485      5.395063076399141     0.7496508552606876
                 347000      2.547171841917478    0.02350435191078796      5.803855719564728     0.8213635053958291
                 348000      2.663517847014466    0.02348571812882359      12.23140931365631      1.566055112190977
                 349000      2.595435342993657    0.02345444945505067      6.143692516904125     0.8761416054072763
                 350000      2.163521094036887    0.02345235013393912     0.2470879809811433      -2.33738466089358
                 351000      2.074061717700518    0.02344950372192089     0.3372679133688242     -2.026372900109397
                 352000      2.155599121333323    0.02344729471133831     0.2604917116422851     -2.284773673513838
                 353000      1.797979140404983    0.02344476796474924       0.29888572140224     -2.147391188050785
                 354000      1.944604388230637    0.02344066934242536     0.4916640107167962     -1.649831743179627
                 355000       1.57106979295272    0.02344013701706072    0.06202555602054766     -3.720103537078434
                 356000      2.548009775878939    0.02340993749434854      5.728144543075118     0.8042077130518763
                 357000      2.432392061601013    0.02339084448675452      2.746168327451874    0.06820672694104997
                 358000      2.548221418830008    0.02336074801582612      5.873053240574706     0.8270872582615282
                 359000       2.35980230858407    0.02335362490061371     0.8981972132356524     -1.050957969103045
                 360000      2.711185998625233     0.0233289861050065      10.85537579942629      1.440012486684823
                 361000      2.596282054212797    0.02329901443805397      6.120947781223451     0.8657834494056508
                 362000      2.469291564721677    0.02327573925351824      3.780832972668709     0.3830113706294976
                 363000      1.967307624556361    0.02327125684475925     0.5667050763256558     -1.515041833140616
                 364000      2.357450137580793    0.02326436597879524     0.8925201990665871     -1.061127863021104
                 365000      2.703283846029918    0.02324438798226983      11.87636761610903      1.526269674530205
                 366000      2.457975914366786    0.02322260406360944      3.519578743507944     0.3091228625104335
                 367000      2.252272057052299    0.02321995461459981      0.335982017406073     -2.040030180612472
                 368000       2.49339204739505    0.02319332168500534       4.94538971831548     0.6479755891547935
                 369000      2.505334448378818    0.02316558430734966      5.474442233201724      0.748413575341675
                 370000      2.717409956419854    0.02313986079935987      10.26932906851775      1.376373836488362
                 371000      2.756816999395694     0.0231161407195156      4.191184589728666     0.4791699560414337
                 372000      2.429142893137542    0.02309821241891059      2.828451353402641    0.08514000477543673
                 373000      2.295253060889988    0.02309514134886013     0.4051171206150009     -1.858301365013549
                 374000      2.652963646029528    0.02307136405417833      10.78350344161575      1.422265142233636
                 375000      2.697167594195014    0.02305446002910642      12.48635034533874      1.568150757472775
                 376000      2.492500176009887    0.02302888774903934      5.040723149913774     0.6599544086176939
                 377000      2.354953954026172     0.0230227246482487     0.8645476721979649     -1.103411637023111
                 378000      2.551907511390523    0.02299585515268529      5.724787298137794       0.78577482230073
                 379000      2.283565254546684    0.02299291088004511     0.4033168358547588      -1.86719144914548
                 380000      2.527514309845321     0.0229659603463759      5.887720023178963      0.812537402392231
                 381000      2.438330240865715    0.02294746647031023      3.137949224672973     0.1824324481274925
                 382000      2.725577241843298    0.02292061541041663      9.199596924160984      1.256851850135189
                 383000      2.603120995721502    0.02289355436375447      6.325571078496059     0.8811111595146799
                 384000      2.518003706269181    0.02286733526462159       5.87638146841696     0.8063060983404418
                 385000       2.57148724659424    0.02284159903710341       5.70109728631135     0.7748974931800998
                 386000      2.713507185892133    0.02281940502847117       10.9547483318038      1.427039709376495
                 387000      2.691738149068309    0.02280367950709283      12.67960765046917      1.572572348746007
                 388000      2.725301813320521    0.02277806377138375       9.49769771836047      1.282502819118467
                 389000      2.683095430998995    0.02276255669344217      12.81571767482114      1.581444734444629
                 390000      2.642035455342864    0.02273700891497641      9.452804023385458      1.275960802910712
                 391000      2.570347554945454    0.02271248798975348      5.645386783189462     0.7594090557968001
                 392000      2.417598183065934    0.02269876396052223      2.394215187876985   -0.09897860086808787
                 393000       2.58855122001304    0.02267416088609784      5.825336931550852     0.7890982670738594
                 394000      2.294151747959958    0.02267136627686928     0.4278473511905931     -1.822230634574953
                 395000      2.378135215237006    0.02266385447683341      1.214315037843157    -0.7793930576482098
                 396000      2.506652237079097    0.02263992437678516      5.572358292399237     0.7431887070066161
                 397000      2.385497879976517     0.0226313395751067      1.419084126561657    -0.6249972274421132
                 398000      2.378104928981283    0.02262330078504667      1.322144781410622    -0.6961089264948559
                 399000      2.722431215791612    0.02259955573702463      10.00103856710701       1.32627463052116
                 400000      2.649221386607727    0.02257632908299394      10.22614789244248      1.347505368403563
                 401000      2.677558020775266    0.02256037258645281      12.67988840303479      1.561867527576189
                 402000      2.677179448765695    0.02254475894615288      12.82996068316958      1.572941171651476
                 403000      2.206997384468893    0.02254315627354265     0.2553728804298833     -2.343943559244464
                 404000      2.642480475244565    0.02251927509954271      9.798214420663221      1.302227218448403
                 405000      2.653008372220015    0.02249791643793255      11.05609085947671      1.422059625048119
                 406000       2.57252448277528    0.02247522212664103      5.596862040773138     0.7402749921878267
                 407000      2.681709969150981    0.02246051528469809      13.13721385184586      1.592863284099088
                 408000       2.64150859625235    0.02243727082021762       10.0062770905642      1.319591494957053
                 409000      2.640772076244161     0.0224142339350573      10.07650510595967      1.325558125204326
                 410000      2.451414549896968    0.02239857418531165      3.244815168396777     0.1917111318137867
                 411000      2.486268248988158    0.02237877330398096      4.606599806803838     0.5412583428525527
                 412000      2.468628289671246    0.02236100683523683      3.919692236281416      0.378987253028077
                 413000      2.611272476982348    0.02233725840808843      7.192573185700998     0.9849604943462431
                 414000      2.470319206346417     0.0223192316293307      4.072797523136448     0.4154342649474531
                 415000      1.677341348561871    0.02231824176221849     0.1693555258790751      -2.76469527222415
                 416000      1.829417406562366    0.02231612834214595       0.36622000969351     -1.993555907928024
                 417000      2.459979326337403    0.02229892602847059      3.828891204935543     0.3527692135767489
                 418000      1.926159185030361    0.02229655560764462     0.4138780995268183     -1.872096146843873
                 419000      1.981059575457567    0.02229372587731393     0.4969722107625354     -1.689260442543118
                 420000       1.98090071821611    0.02229076687839899     0.5207820412328473     -1.642595682544384
                 421000      1.995797977059924    0.02228796089759515     0.4932754395181897     -1.696985459707742
                 422000      1.921082918150517    0.02228555972019103     0.4203765631936278     -1.857010030043561
                 423000      1.886575031788983    0.02228337762148562       0.38125108544497     -1.954800663838803
                 424000      1.784550801116754    0.02228203741998213     0.2320371430043264     -2.451421526178477
                 425000      1.953679690467212    0.02227896594713261     0.5426569686818064     -1.601979452175586
                 426000      1.886057972048264    0.02227666947812833     0.4023252772930228     -1.901299013212058
                 427000      1.980927240324816    0.02227334432409717     0.5899428277750762     -1.518683569366106
                 428000      1.853751500777056    0.02227095157463183     0.4201642468388507     -1.858170933122836
                 429000      2.226940213035234    0.02226933521564569     0.2814543963055021     -2.258918779507765
                 430000      1.598890169034046    0.02226889388455369    0.07587668640474816     -3.569799554351585
                 431000      2.045840082936351    0.02226686231527701     0.3555883516809106     -2.025226516453717
                 432000      1.767194318158646     0.0222657842761445     0.1867444393165978     -2.669307630944698
