#! FIELDS time e sigma_e height
#! SET action OPES_METAD_state
#! SET biasfactor       4.240371756148875
#! SET epsilon    0.003891431002318289
#! SET kernel_cutoff        3.33135957893421
#! SET compression_threshold                       1
#! SET zed       0.129496372461863
#! SET sum_weights       564.9371863323248
#! SET sum_weights2       1689.563387869059
#! SET counter  433
                      0      2.687867108505982    0.03249124014366446      476.8246042517482
                      0      1.976718229224353    0.02997725263738965      9.487844736620405
                      0      2.445049264057678    0.03264405761768331      88.62308114413497
                      0      2.552383807557842    0.03239791816863205       166.344580244397
                      0      1.849704634784265    0.03009968718285399      5.006275383713098
                      0      1.691682803805622    0.03055985360309017      1.635193978888651
                      0      2.089145086268462     0.0305660625435184      2.508712688591803
                      0      1.894623911952859    0.02718359217260883      3.182807455514165
                      0      2.250832431918234    0.03093962715602138      3.261109852170462
                      0      2.306587327264267    0.03218771735020035       5.02797635182908
                      0      2.635181038027629    0.03165068727760603      242.1822439447476
                      0      2.041323165957909    0.02863735212109331      3.762180770959648
                      0      1.806504009443306    0.02827402022301656      2.299223392941055
                      0      2.729379407892266    0.02846540099373624      123.0514476592314
                      0      2.370742569753619    0.02735700301929288      16.21011095414083
                      0       2.50039628791498    0.02719936983031507      114.2299192157076
                      0      2.194439194671028    0.02981813466612067      2.237481882280147
                      0       1.73222206809868    0.02989460124866737     0.7056646446437946
                      0      1.649706415930877    0.02702336341122391     0.4264901041965125
                      0       1.54005209051669    0.02895158042533458     0.1146758018398517
                      0      1.930340445973917    0.02667004569539032      3.444567067904079
                      0      2.150813801531641    0.02594003584527956      1.691643255745116
                      0      1.499482255239455    0.02514494618521906    0.08934556547297301
                      0      2.817565579212218    0.02502788526321203     0.2269503637714664
                      0      1.603925560791027    0.02778128784313044     0.3580479352879929
                      0      1.775283472489851    0.02419648523967809     0.7969441257545872
                      0      2.781641792740026    0.02356607411074616      1.560597312864661
                      0      2.599472477159399    0.02422181566256477      31.60812149387548
                      0       1.57106979295272    0.02344013701706072    0.06202555602054766
