#! FIELDS time e sigma_e height
#! SET action OPES_METAD_state
#! SET biasfactor       4.240371756148875
#! SET epsilon    0.003891431002318289
#! SET kernel_cutoff        3.33135957893421
#! SET compression_threshold                       1
#! SET zed      0.1343155912295214
#! SET sum_weights       270.2882274791833
#! SET sum_weights2       775.4208126273787
#! SET counter  217
                      0      2.682379719688611    0.03499679089108758      287.8890356835402
                      0      2.063585472654908    0.04289281350093278      1.962526529783146
                      0      1.656403790356332    0.03641129599624699     0.3375561726195203
                      0      2.444265275738765     0.0344016010113394      28.25465614824137
                      0      2.616744930973036    0.03987012850740203      104.9273252440425
                      0      2.504807170825182    0.03273521315650173      56.36332268148859
                      0      1.897120580101609     0.0357615795861815      3.259971165030359
                      0       2.13454891125695     0.0399912762334283      1.046444963997351
                      0      1.792679793284653    0.03563953907604449      1.185815601500098
                      0      2.313231765665286    0.03389468872704032      4.990202116042301
                      0      2.370748354162485    0.03711130179216732      9.512531313858654
                      0      2.253770113917037    0.03259888895690274      1.365048170393379
                      0      2.738128307832755    0.03137406233857292      18.88001131723042
                      0      2.561981381774355    0.03067188232736889      23.22639908787231
                      0      1.967633079751005    0.03052208105708214      1.436589990387608
                      0      1.586922848891895    0.03224458529472974    0.07769922264987665
                      0      1.726598374931685     0.0280814870394187     0.3667636128332946
                      0      2.002226854120443    0.02747724681437182     0.3724199946747555
                      0      1.552525193974978     0.0273793495785288    0.04180904807521234
                      0      1.497514363373222    0.02599087494658699    0.03446857099453535
                      0      2.208930300462465    0.02698251179435479     0.2744885471737641
                      0       1.93491825905682    0.02586984403864854     0.3024915696824504
