#! FIELDS time e sigma_e height logweight
#! SET action OPES_METAD_kernels
#! SET biasfactor       5.011348439085033
#! SET epsilon    0.001910020759284688
#! SET kernel_cutoff       3.538542402811424
#! SET compression_threshold                       1
                   1000       2.69781767300404    0.06321896844457647   0.006322704301097473     -5.011348439085033
                   2000      2.634260332703046    0.05558065282913015     0.7214534998021295    -0.4029967444043712
                   3000      2.708993713936779    0.05140775847842184      0.712652287008846    -0.4933171115166783
                   4000      2.501795443244319    0.05073728479254822    0.09545249432411496     -2.516810118544619
                   5000      2.407018153419226    0.05030924765492099    0.06277227028885553     -2.944397510948763
                   6000      2.486556630437348     0.0484252249704829     0.3886902756118725     -1.159296166346867
                   7000      2.644992976766372    0.04728569580403851      1.802955286625073     0.3512904177306299
                   8000      2.270107129317582     0.0472425936244659    0.01212073245046997     -4.651886536217149
                   9000      2.459473566555662    0.04571720930567181     0.6495562711564956    -0.7033355729369777
                  10000       2.46404696472029    0.04413626219943258      1.267247168250547   -0.07021588174858996
                  11000      2.466655693144455    0.04308067092270387      1.926011206308491     0.3241809956191344
                  12000      2.159922051889215    0.04306187187854663    0.01065838883223454     -4.873114612938153
                  13000      2.703222538521117    0.04192962162077572      1.498850375016636    0.04634637245578273
                  14000      2.737925230365819    0.04095388542600344      1.437214868081621   -0.01919075285015725
                  15000      2.356903625474401    0.04067515234317347     0.2506095580659219     -1.772586260269461
                  16000      2.665793849449392    0.04016489056430556      2.534305319812584     0.5285682466584436
                  17000      2.726106688889611    0.03952505636804436      2.423566377600214     0.4678304120851305
                  18000      2.587274988020174    0.03894334073064568      1.033504419914811    -0.3992813974328264
                  19000      1.814702229683551    0.03893547477444596    0.01026608371956489     -5.011348439085033
                  20000      2.002596635862725    0.03892761439955823    0.01026815667645961     -5.011348439085033
                  21000      2.140739246953342    0.03890872134807543    0.02482583123451235     -4.128996723391871
                  22000      1.877218992879245    0.03889744013708753    0.01480557630923465     -4.646167511531515
