#! FIELDS time e sigma_e height
#! SET action OPES_METAD_state
#! SET biasfactor       1.927441707340398
#! SET epsilon     0.01821196306674905
#! SET kernel_cutoff       2.830433390657354
#! SET compression_threshold                       1
#! SET zed      0.1337832616186514
#! SET sum_weights       1253.002929454643
#! SET sum_weights2       2253.564154892335
#! SET counter  895
                      0      2.527366655680996    0.02710390862630999      427.9933926622915
                      0      2.689304407495363    0.02505393389404489      1062.167715581269
                      0      2.149930465228143    0.02413324763769672      10.67568489374073
                      0      2.646792132154422    0.02503923758670994      766.5863127734807
                      0      2.472741788946237    0.02509918922765766      315.4402978728647
                      0       2.37587894383007    0.02583307163182497      40.97392005391239
                      0      2.572064609095989    0.02546351470912205      339.1173965034577
                      0      1.958322939822357    0.02313065802786797      14.52086337233976
                      0      1.886162461813027    0.02185829651838528      16.99855889696178
                      0      2.009610699847761    0.02455772075867052      14.83964674608477
                      0      1.856528521892469    0.02114223476844191      4.993425352742443
                      0       1.64889534260841    0.02418662068670107       1.88949051939214
                      0      2.055672733931952    0.02678727111770107      22.14241950833592
                      0       1.70485001608834    0.02253286010849229       1.40613105483483
                      0      2.767243422768165    0.02208483938138181      15.49712047677948
                      0      2.425153400952452    0.02373200244217584      173.0049749213647
                      0      2.330697563642124    0.02351014616277919      21.42405679486315
                      0      2.283406972822755    0.02348453273297925      11.49055167342172
                      0      2.206974628178905    0.02322445033437102      8.157871731200808
                      0      2.729574874384855    0.02200797923378044       295.997211511675
                      0      1.800202582470427    0.02097443109776042        5.6932699725305
                      0      2.097387044282624     0.0196248944191312      5.853759900371299
                      0      1.611076787172563    0.02014764784407894      0.469059714874455
                      0      1.927943690915279    0.02006887016934066      8.132913958624606
                      0      2.606055036924782    0.02012803897312541      116.6670053855324
                      0      2.249823280988601    0.01886658902826054      3.396299201665273
                      0       1.73332568738037    0.02024900891212898      1.719959894807269
                      0      1.546646455205912    0.01805286457640502     0.4836462540264549
                      0      1.776341962194055    0.01763702554278075      0.690222519916577
                      0      1.828595381854678     0.0182807552823019      2.458971315500762
                      0      1.756375150433974      0.017214330886459     0.6347922531841005
