#! FIELDS time e sigma_e height logweight
#! SET action OPES_METAD_kernels
#! SET biasfactor       3.469395073212715
#! SET epsilon    0.007640039155174105
#! SET kernel_cutoff       3.122291642622147
#! SET compression_threshold                       1
                   1000      2.665461897406515    0.06206017502565676    0.03010226110527593     -3.469395073212715
                   2000      2.682630164258143    0.05465699640391835      1.074061826760732   -0.02181977251796976
                   3000       2.50374893680469     0.0543323190318654    0.03438380003190717     -3.469395073212715
                   4000      2.674910729317665    0.05107107279614161      1.876172700016489      0.468107588528069
                   5000      2.473209788016278    0.05066356799414008    0.09078295641362524     -2.568421205613932
                   6000       2.38348294465674    0.05031895604331969    0.07906909948367791     -2.713395828215601
                   7000      2.568882316556764    0.04848667571027587     0.5844851331147665    -0.7500794632584171
                   8000      2.537473810792529    0.04658176410138685      0.864793134392936    -0.3984003776180606
                   9000      2.395791116232255    0.04598149513512638     0.2336966045599206     -1.719837092937901
                  10000       2.43885695560781     0.0448807427729618     0.5427643912917194     -0.901415706012651
                  11000      2.659419434702134    0.04377483318261789      2.125227217224182     0.4385932275642003
                  12000      2.459091972664996     0.0427625340122458     0.8379156362153242     -0.515520072885145
                  13000      2.736850134650171    0.04169571381565894      1.279649899155684    -0.1173597006609341
                  14000      2.554355546265419    0.04080244498572674      1.147783375869751     -0.247769973372438
                  15000      2.660832836877234    0.04013322252644481      2.307184748098177     0.4338879785306477
                  16000      2.653320389635561    0.03956482996285322      2.613116163564134     0.5441394707282008
                  17000      2.390389359764001    0.03920024717571279     0.5325937402777139     -1.055657868753914
                  18000      2.737750772831829    0.03855371504537704       1.48739284259717   -0.04526728007351648
                  19000      2.725038859463097    0.03796158896615402      2.082053907546434     0.2755851316552909
                  20000      2.657189599498129    0.03750833912302095      2.716777967826784     0.5296653301437572
                  21000      2.580182756954367     0.0370423586245834      1.336039170183255     -0.192573083017832
                  22000      2.266002258587167    0.03701509270942571    0.05381878721183038     -3.405151489776718
                  23000      2.445464736031742    0.03668757872322512     0.8371876072283333     -0.669613410019826
                  24000      2.356194869062621    0.03649890823062006     0.4417315542942815     -1.314115138208527
                  25000      2.686368212588817    0.03622150798077511      3.203113319022586     0.6594317723197379
                  26000      2.669859948101165    0.03597465414204135      3.505735486806913     0.7428704144539198
                  27000      2.570311154737393     0.0356244220926578      1.384081797819396    -0.1962761878056889
                  28000      2.469848321794608    0.03537914463310856      0.865374630043992    -0.6728148178418433
                  29000      2.721298685553215    0.03502628253582048      2.640849422005623     0.4328547632228796
                  30000      2.678324250993566    0.03478552114269917       3.55818915833185     0.7241084309247786
                  31000      2.464660285235003    0.03457018576603692      0.938045611763936    -0.6153096392273362
                  32000      2.681046293092351    0.03434352973758246      3.686728510044706     0.7468085580587258
                  33000      2.685609037922163    0.03411788415507122      3.795425660241195      0.769273714604939
                  34000      2.706657002876358    0.03385522417492792      3.464877966994071     0.6704261715740193
                  35000      2.497402709138856    0.03370017877346169     0.8417846365027405    -0.7490724936084735
                  36000      2.649837943108786    0.03343884790931809      3.240316884596824     0.5910449018380133
                  37000      2.354972141890335    0.03337158019833326     0.3560985638685227     -1.619187638370097
                  38000      2.701935693763688    0.03314185216025129       3.61249702781792     0.6908515678669608
                  39000      2.708593295238043    0.03290925005234788      3.474293393827419     0.6448003310730475
                  40000      2.518357054369691    0.03278216273279549      0.857856692348629    -0.7577782325564821
                  41000      2.497071637549646    0.03264110807100094      1.004460525499342    -0.6043214776092224
                  42000      2.523020395157592    0.03249285359560459      1.106000580926961    -0.5125739580812105
                  43000      1.764818337396102    0.03248339478857303     0.0575109715293249     -3.469395073212715
