#! FIELDS time e sigma_e height logweight
#! SET action OPES_METAD_kernels
#! SET biasfactor       1.927441707340398
#! SET epsilon     0.01821196306674905
#! SET kernel_cutoff       2.830433390657354
#! SET compression_threshold                       1
                   1000      2.641781755853072    0.05785834540142751     0.1509064987297364     -1.927441707340398
                   2000       2.61691226211747    0.05258355172265393      1.100934683179549   -0.03578166528843936
                   3000      2.103316121913235    0.05139462604880266     0.1698854724331355     -1.927441707340398
                   4000      2.709652678023259    0.04850811054976316     0.8269562794696561    -0.4026170022066479
                   5000      2.676212244305857    0.04668795834063545      1.584227757039285     0.2092387868907787
                   6000      2.740291085373265    0.04491220787116337      1.224012395106133    -0.0875006034434288
                   7000      1.933839855897536    0.04445997626354457     0.1963833780537668     -1.927441707340398
                   8000      2.668883040296005    0.04335979639030906      1.905957344196111     0.3201725243341855
                   9000      2.737522998070203    0.04220792542281568      1.663165781393911     0.1569863308068774
                  10000      2.532461858376588    0.04158227521059201     0.5343125562870005    -0.9934448622707703
                  11000      2.456150739396244    0.04116119031821449     0.3559434824839803     -1.409832050179437
                  12000      2.698456594449609    0.04057263068228925      2.406076240217352     0.4867464605267242
                  13000      2.635858945204349    0.03979185992234233      1.962595426736455     0.2635855991669322
                  14000       2.56131834939034    0.03916113756997973      1.055080581762191    -0.3730425508688402
                  15000      1.709758198980033    0.03898757712572318     0.2239482668715135     -1.927441707340398
                  16000      2.435504551525125    0.03861976980825601     0.5514762320093867     -1.035736783876296
                  17000      2.473997470571426    0.03813182974776747     0.8879925038351747    -0.5720871800659495
                  18000      2.389728048283113    0.03776780140551542     0.6358012164268186    -0.9157569545505707
                  19000       2.44670487752854    0.03725261620637423      1.288494741679568    -0.2231477159953765
                  20000      2.290230518640149    0.03710621702087044     0.2500611419928354     -1.866609855011666
                  21000      2.464168541268972    0.03662297402294806      1.685904443226609    0.02863336816371232
                  22000        2.4628470377959    0.03619680636576238      2.032799277269975     0.2040401282670782
                  23000      1.912202982139242    0.03599557403265892     0.4561911579084934     -1.295791926231753
                  24000      2.018739367965099    0.03584643186737275     0.3318544372861086     -1.618159377750035
                  25000      1.687690377034085    0.03564384364594212     0.4878976676734322     -1.238417711536661
                  26000      2.702429725029694       0.03541196272941      2.780550319328767     0.4953539957462034
                  27000      2.682559929155183    0.03520122092918682      3.009498833661173     0.5685097697219383
                  28000      2.369946814999028    0.03494532050002673     0.8660829836997433    -0.6843345446558887
                  29000      2.663900571206357    0.03471818847582206      3.026159216423856      0.560213381090102
                  30000      2.525219591362932     0.0344148036840207      1.414397462326828    -0.2091541320302834
                  31000      2.597618616980998    0.03410454552686799      1.825992996262738    0.03721005969472519
                  32000      2.698338404928945    0.03391853180015506      3.259394778404041     0.6111584909183396
                  33000      2.285037224598826    0.03379476291611376     0.4998974981704174     -1.267390920283559
                  34000      2.705860752634377    0.03360626293821106      3.321672853999065     0.6208364120620188
                  35000      2.554630370259686    0.03334990104268035      1.645129799878209   -0.08947047029535862
                  36000      2.518534157920916    0.03309677280752057      1.822577189685555   0.005342754886145558
                  37000      2.698276326875249    0.03293410578099603      3.503106564918239     0.6538143732740488
                  38000      2.384779569724297    0.03274942291409978      1.151419908185078    -0.4644633377134307
                  39000      2.723110285152997    0.03255268468319444      3.172188533665151     0.5429370206267021
                  40000      2.527212434537993    0.03233362446548821      1.930227139462455    0.03940081649255623
                  41000      2.670091929511898    0.03215908152694805      3.365437583659189     0.5899083165580615
                  42000      2.638816054676148    0.03195401113114811      2.719647023884402     0.3704552559885832
                  43000      2.740236505372968    0.03175474806191576      2.661020507676393     0.3424073959143702
                  44000      2.554602872672012    0.03156781739745736      1.947922635147258    0.02455709203718642
                  45000      2.695033719059121    0.03142531605068973      3.660658320467823     0.6509122497238894
                  46000      2.650486916403363    0.03125409632240201      3.132504475094065     0.4896387240751612
                  47000      2.661232560955124    0.03109965939172949      3.456069524430556     0.5829842726308874
                  48000      2.677830785416908    0.03095888805702366      3.704825905817988     0.6479518390446718
                  49000      2.341489766981025     0.0308724237342071     0.7916627714091141    -0.8981009840814177
                  50000      2.644424873305825    0.03071911245960634      3.323234078707813     0.5314788832251803
                  51000      2.368673113198195    0.03061211383035146      1.119691753171152    -0.5598953277494209
                  52000      2.619517249123521    0.03045595544209237       2.73939483780042     0.3296740277211413
                  53000      2.687977008559711    0.03033619618073413      3.927890955698915     0.6860996600955754
                  54000      2.703440837350334    0.03021053422005574       3.81451880818054     0.6526606418131141
                  55000      2.675462179104553    0.03009534231166792      4.056362390164861     0.7103124660683315
                  56000      2.592050793363196    0.02996335307506667      2.090175414765441    0.04287850152246683
                  57000       2.48355066858561    0.02984868606416634      1.657963955710083    -0.1926134244463643
                  58000      2.494652171361317    0.02973003888009099      1.838528443828896   -0.09322112458538344
                  59000      2.526303650289166     0.0296097436533942      1.986546154983164   -0.01984354725370418
                  60000      2.385635683978334     0.0295215752703113      1.228584716037675    -0.5033603315729844
                  61000      2.421493866153081    0.02942401026300972      1.461213478870658    -0.3332663051451285
                  62000      2.529452329778957    0.02930701603205661      2.145832044576119    0.04700975689081896
                  63000      2.714870745633616    0.02919680558548824      3.648013629372495     0.5738975516374641
                  64000      2.581618910516528    0.02908692008098709      2.081180683600106   0.008879398169982809
                  65000       2.48000573443217     0.0289807058145735      2.024731161070932   -0.02227733861572223
                  66000      2.516519046570472    0.02887185020035965      2.287311566893069    0.09589965634534853
                  67000      2.611453159731449     0.0287619537848908      2.631320636483748      0.232194765737111
                  68000      2.573150198642814    0.02865801673773345      2.286052365830005    0.08791513042061838
                  69000      2.502001978946441      0.028555292751263      2.362865474818561      0.117372808788492
                  70000      2.400191955931838    0.02847674814149057      1.439889862512181     -0.380690036326307
                  71000      2.525468502629157    0.02837627368651832      2.517526672389121     0.1744857405492078
                  72000      2.714114567692602    0.02828387628342497      3.628533451507289     0.5367758962212915
                  73000      2.674941664934523    0.02820938611474557      4.303728994488952     0.7047920562037122
                  74000      2.484521018312471    0.02811531350152287      2.476959258250113     0.1490015324955948
                  75000      2.493404659386344    0.02802165061911498      2.673521086895784     0.2220292483068853
                  76000      2.515685863591221    0.02792927655710388       2.83245297746404     0.2764740281086232
                  77000      2.579002145633384    0.02784100500027976      2.452145371637578     0.1291286750218564
                  78000       2.65171200135171    0.02776014298050897      3.838837356908031     0.5744262731144578
                  79000      2.511668603941088    0.02767272295766646      2.910397407503226     0.2943922730465563
                  80000      2.690445443755624    0.02760468022932976      4.350245731026606     0.6938731030477517
                  81000      2.642419928018235    0.02752413615757914      3.677754513156851     0.5230211152723728
                  82000      2.713671119078021    0.02744983733383535      4.035202921301126     0.6130722705509266
                  83000      2.650121449241928     0.0273747856124213      3.951650357959488     0.5894110981696581
                  84000      2.542374934773786    0.02729536734712065      2.729887167539625     0.2166327090956217
                  85000      2.567104180016498    0.02721850212171631      2.567067610453491     0.1523166447514658
                  86000      2.617504757443522    0.02714074938194047      3.132435282490814     0.3485024510740267
                  87000      2.423827573430631    0.02708146479866798      1.622886205972558    -0.3112888514224216
                  88000      2.688591825011992    0.02701991117013849      4.447888839223911     0.6946590481992285
                  89000      2.532020176674643    0.02694573627825788      2.939844163893386     0.2778370884849496
                  90000      2.523701375974789    0.02687253903917766      3.063543305299288     0.3163325383713801
                  91000      2.438474094655373    0.02681217532930786      1.869388872414539    -0.1798769032791424
                  92000      2.649868406189737    0.02674631653481759      4.005341383515359     0.5796810182227975
                  93000      2.629747959546622    0.02667743677827057      3.579395789402879     0.4646675936904525
                  94000      2.495143057806101    0.02660903301306787      2.880255280246052     0.2447851120703671
                  95000      2.556694990034568    0.02654198665874057      2.812114456056076     0.2183199949884561
                  96000      2.697566842839645    0.02648335666303826       4.32323988238496      0.646177016953653
                  97000      2.574397937559167    0.02641875761524549      2.730822124489685     0.1843324197260457
                  98000       2.60774771851513     0.0263538036806053      3.060104221679914     0.2957170293094316
                  99000      2.671743356949697    0.02629837677987554      4.424532908860981     0.6623273712293054
                 100000      2.297697641965242    0.02627691993808892     0.6018426587014668      -1.33341280933954
                 101000      2.481975924550695     0.0262156176549791      2.700426663560613     0.1654205487200102
                 102000       2.48548730294263     0.0261543808547518       2.84456879856723     0.2150836336039516
                 103000      2.550489821465827    0.02609344335042914      2.993538674061344     0.2637956985656461
                 104000      2.208189113128876    0.02608112727149579     0.3473942258980751     -1.890427648714365
                 105000      2.017682528764736    0.02606536455702807     0.4536230500747048     -1.624225869640164
                 106000       2.52080012530304    0.02600534443013684      3.350589792385754     0.3730938974503772
                 107000      2.717768356633815    0.02594902517691825      3.991708571316047     0.5460088338545347
                 108000      2.700645764052109    0.02589911447133971       4.54588446399763     0.6740865258397769
                 109000      2.762274532358226    0.02585007570811307      2.007339713056867    -0.1452207129301125
                 110000      2.621048233953262     0.0257932048840404      3.542318227177339     0.4205478976766888
                 111000      2.743279082787601    0.02573708362080567      3.062033417500385     0.2726675428763998
                 112000      2.553659638496295    0.02568150190199309      3.158605284989072     0.3015569648281746
                 113000      2.525416163795794    0.02562655486798548      3.409651010236476     0.3758944941895556
                 114000      2.498987915291528    0.02557229108406313      3.254793194885271     0.3272935625835466
                 115000       2.52048763474001    0.02551886094693051      3.526100933984099     0.4052659707169858
                 116000      2.310077170541889    0.02549768125103856     0.7486541692575174     -1.145235170903677
                 117000      2.637923287294399    0.02544656868796896      3.920474866508553     0.5084491319455919
                 118000      2.457741844673791    0.02539836973946848      2.434992285339681    0.03028401454825961
                 119000      2.621087219549565    0.02534713303710444      3.578105625996325     0.4131545718472885
                 120000      2.374329576495325    0.02531568863237552      1.278455144437097    -0.6172678240167968
                 121000      2.724364853383298    0.02526614995075514      3.818732172057585     0.4750394664497626
                 122000      2.484310554788205    0.02521648974566713      3.140004861898439     0.2773779215794539
                 123000      2.528753378584595    0.02516734648939387      3.568463755736051     0.4033380004785138
                 124000      2.346213598918574    0.02514056202327287      1.106560882612574    -0.7686051018803303
                 125000      2.620290805048567    0.02509232960025896      3.593393846064129     0.4073147605457455
                 126000      2.275994382843813    0.02507486818012794     0.6833081225321578     -1.253287875465497
                 127000      2.509016748825475    0.02502738093851579      3.598020141380331     0.4060096343021743
                 128000      2.466171422411791    0.02498156613318259      2.820762731864896     0.1608009566652436
                 129000      2.659243265522219    0.02493873719082932      4.372317554698163     0.5973709442732821
                 130000      2.700638473628087      0.024896816873715      4.454800381648032     0.6143776488878023
                 131000      2.604282353861415     0.0248512478522578      3.253784117560163     0.2983820673260956
                 132000      2.664820522379065    0.02481056982658347      4.530765358919839     0.6278160814629488
                 133000       2.56844228198224    0.02476633031453156      3.081949670781985     0.2407029266146895
                 134000      2.584442754406604    0.02472251297472604      3.102410921262881     0.2455492485169685
                 135000      2.777251185472986    0.02469325742149853       1.45965102186076    -0.5096169537142051
                 136000       2.46826546257634    0.02465076149754485      2.927716410473123     0.1846859672465361
                 137000      2.509388509154214    0.02460786844938902       3.67303487708641     0.4097399475632517
                 138000      2.734036492381514    0.02456525956316942      3.489747553618903     0.3568180691159803
                 139000      2.293009101488316    0.02454714440616397     0.8454021187822244     -1.061691916819228
                 140000      2.443428875768211    0.02451016296103073      2.266281535531664   -0.07711631766469593
                 141000      2.361426239656985    0.02448523336424747      1.266788942092098     -0.659789039570863
                 142000      2.641547535927755    0.02444518174191208      4.085309767498998     0.5094861244223948
                 143000      2.731118152332622    0.02440423542565037      3.527934696669344     0.3611247659905983
                 144000      2.563563806192739    0.02436416071589321      3.104589179569628     0.2316500644942245
                 145000      2.388884459279137    0.02433772929056937      1.442511602079724    -0.5359310078773096
                 146000      2.706453284754012    0.02429978253466863      4.257357471245746     0.5447714947878666
                 147000      2.147633064582756    0.02429139772856791     0.3906161638944147     -1.844252156666637
                 148000      1.546243233915273    0.02428365540765768     0.3595504951891159     -1.927441707340398
