#! FIELDS time e sigma_e height logweight
#! SET action OPES_METAD_kernels
#! SET biasfactor       4.240371756148875
#! SET epsilon    0.003891431002318289
#! SET kernel_cutoff        3.33135957893421
#! SET compression_threshold                       1
                   1000      2.673295831540433    0.06284082615044533    0.01375115918422312     -4.240371756148875
                   2000      2.309432545337712     0.0624949438374419      0.013827265865069     -4.240371756148875
                   3000       2.52815732704055    0.05982064772934358     0.1307632773736433     -2.037360314507904
                   4000      2.663904831594282    0.05416168290067508     0.5729681133485116    -0.6592960737632253
                   5000      1.805112983159172    0.05397997781406608    0.01600842087485425     -4.240371756148875
                   6000      2.646404858308728    0.05313797114240593      2.579646678262319     0.8261996410457627
                   7000      2.688340812303005     0.0497972127457819      2.601867648237016     0.7698439646816124
                   8000      2.279809231286389    0.04968901635695254    0.04086974785885836     -3.385925803167699
                   9000      2.423579263494095    0.04951081367171083    0.06869301237719976      -2.87026125554071
                  10000      1.984315172391725    0.04946534279509997    0.01747615125562091     -4.239990396299639
                  11000      2.062283995676939    0.04938248864293399      0.032152800153641     -3.632004417338626
                  12000      1.873149512128873    0.04926856218467968    0.04475780818804606     -3.303547733293911
                  13000      1.608592035430676    0.04922388803661731    0.01755517977409751     -4.240371756148875
                  14000      1.969836433173027    0.04894933729119399     0.1122401400433672     -2.390673327296692
                  15000       2.34626332048139    0.04855544519503747     0.1687012126860315      -1.99126431837495
                  16000      1.711877077138066    0.04845755408723359    0.04149253643073086     -3.395898033887816
                  17000      2.036596637852643    0.04788140102308185     0.2681764908551995     -1.541727388078397
                  18000      1.873306857159869    0.04741069184772676     0.2281779774868134     -1.713126144077039
                  19000      2.174359841555646    0.04727515392709388    0.06473203120122567     -2.975858819010765
                  20000      1.659778173899795    0.04699316731471156     0.1403040027763874     -2.208286109519699
                  21000      2.254065209418542    0.04644996425512538     0.2941275558219705     -1.479710608891891
                  22000      2.116555831465354    0.04582989638788985      0.363905126213016     -1.280270012086334
                  23000      1.895701244782935    0.04482847183346515     0.7168290977963807    -0.6244189167904702
                  24000      2.215220117602764    0.04392613389303338     0.7235382454651277    -0.6354369867571967
                  25000       1.65070677581341    0.04340076307280447     0.4146203405096353     -1.204259558567993
                  26000      2.436856447647286    0.04299940390346157     0.3245482441142841     -1.458479391068466
                  27000      2.365531837870726    0.04237333451242669     0.5842862571252642    -0.8851895507712338
                  28000      2.697721468933898    0.04277955851203111      4.642829723859453      1.197039856049704
                  29000      2.509360584331626    0.04247335808762222      0.357854872346703     -1.373095310660857
                  30000       2.49152434801716    0.04191511767869255     0.7523286650916162    -0.6432799924503831
                  31000      2.560990376306649    0.04116324342916301      1.254731932720471    -0.1498769035044632
                  32000      2.651655827550094    0.04110267616233455      5.363852773848763      1.301411188559219
                  33000      2.741416795275825     0.0402343972041496      3.301643751289298      0.794798170295936
                  34000      2.620438986442213    0.03952830498487917      4.194399707268855      1.016422667443668
                  35000      2.444787000256401    0.03925160964399749     0.7067991710538868    -0.7713608201493695
                  36000      2.454314145450103    0.03888106768645948       1.04973517292945    -0.3852992058355261
                  37000      2.443725429096225    0.03844337632405539      1.402116394066886    -0.1071753431792876
                  38000      2.482148409573506    0.03798019836975948       1.67347234499816     0.0576210824392899
                  39000      2.458779146017255    0.03747345699939293      2.242262839975259     0.3367738591660539
                  40000      2.650357005387598    0.03720806434012797      5.669923423550052      1.257356571001393
                  41000       2.45943309187792    0.03673496016577808      2.801885703912133     0.5396769886703638
                  42000      2.509938883441884    0.03632885401228445      2.311947004652001     0.3363577683573625
                  43000      2.522528491613676    0.03594467439293829      2.350764551998548     0.3423769882128071
                  44000      2.381041777119079    0.03575034292548641      0.951891175465849    -0.5670892630170722
                  45000      2.048182501340051    0.03569167038108356     0.2615784771117202     -1.860448160140752
                  46000      1.990064165333906    0.03563074233633096     0.2742995320263352     -1.814670335339664
                  47000      1.888958331454792    0.03552924326191771      0.476849113399146     -1.264543613228517
                  48000      1.955548819438595    0.03544179795458121     0.4117692554167902     -1.413744851611913
                  49000      2.676203552746732    0.03517646723872497      5.387658514384898      1.150143630072794
                  50000      1.882406178489569     0.0350631640223056     0.6121188644368165     -1.028022233263606
                  51000      2.006597974686684    0.03498156352706905     0.4347709550759071     -1.372459322506752
                  52000      1.777773427028621    0.03496510275417716    0.08379903289629838     -3.019327874475841
                  53000      1.769041530390743    0.03494212305369198     0.1178700981791385     -2.678823620320149
                  54000      1.778883474584492    0.03490709505066214     0.1820609052621982     -2.245068460683556
                  55000      2.042822996515907     0.0348154327153835     0.5044621951546323     -1.228546182181591
                  56000      2.101969280563379    0.03474863931272195     0.3636693066131934      -1.55771447004188
                  57000      1.728042779312415    0.03471158300563038     0.1981818171602872     -2.165841527924559
                  58000      2.249001332898374    0.03463090604486517     0.4519783287015909     -1.343719086217222
                  59000      2.014853439980763     0.0345122215288732     0.7012320950291456    -0.9079474091082672
                  60000      1.810009444638887    0.03445706602209894       0.31029219668978     -1.724871331775663
                  61000      1.474087140846034     0.0344524320095061    0.02508195077271855     -4.240371756148875
                  62000      2.640132408614969    0.03425920466023166      5.825547984767253      1.201863785248557
                  63000       2.48920048838937     0.0339624219720974      3.127557120342731      0.571162342146139
                  64000      2.552301898720823    0.03371943599355686      2.206037566026121     0.2149277943118904
                  65000      2.524810101819391    0.03345280931588141      2.976719171090285     0.5066129510815356
                  66000      2.405580641950248    0.03326837697700528      1.640978839242613   -0.09444433977312895
                  67000      2.759871056393132    0.03308863833793888       1.65023159555419   -0.09423895238925001
                  68000      2.506356077220627     0.0328417878838758      3.865748047125253     0.7495123703416489
                  69000      2.500354498469184    0.03261140881504004       4.33624837679363     0.8573271735467235
                  70000      2.697739420628304       0.03239737417602      4.691700418046493     0.9295278925734987
                  71000      2.471834594583393    0.03217980136834517      4.082731930083625     0.7837607618512955
                  72000      2.568840069161883    0.03198603425881576       2.76111485427068     0.3865893467795576
                  73000      2.620184259957514    0.03178655200179763      4.348280737233269     0.8344792792499036
                  74000      2.291356203863989    0.03175529079835919     0.3177554820758675     -1.782758327713384
                  75000      2.660003775247855    0.03162907517736807      6.278772620225503      1.196906754626801
                  76000      2.738223693413152    0.03145723766263882      2.765003275789407     0.3713263465128742
                  77000       2.72419756278248    0.03127397018283541      3.823235452380614     0.6895386069805234
                  78000      2.731398534424425    0.03109707133525138      3.806993186798332     0.6796087709920379
                  79000      2.322913610924016    0.03106382855028156     0.4050098508339399     -1.562144378174114
                  80000      2.645750350880648    0.03093955917897818      6.217014139949324      1.164980784897684
                  81000      2.305728836808585     0.0309047545721418     0.4501278006170775     -1.461658255673763
                  82000       2.39422864299512    0.03081646686974339      1.294428963077568    -0.4082257337331198
                  83000       2.55064550528025    0.03066197486157056       3.19089825373742     0.4889811822127262
                  84000      2.654879234209167    0.03056052981226361      6.681019777581763      1.224635375926306
                  85000      2.699702351988816    0.03042196002566323      5.658683170818819      1.054011364486493
                  86000      2.714694710096342    0.03027746687876189      5.206402258707954     0.9659482781433357
                  87000      2.685698484589846    0.03017716686372921      6.883172286294726        1.2418206458842
                  88000      2.650479928886633    0.03008386759403034      7.196141528929334      1.283189489140566
                  89000      2.653323323054436    0.03000261274728203      7.665068597605933      1.343613368966954
                  90000      2.723475468476291    0.02986449588248831      5.041800290951623      0.920089002831177
                  91000      2.574506604397582    0.02975176847979967      2.797006960543049     0.3270939154932083
                  92000      2.305247209341459    0.02972811254840449     0.4382403638944141     -1.527239156772044
                  93000      1.582734211175048     0.0297235015291087    0.08232406226317655     -3.199498373501249
                  94000      2.155615436909352    0.02971056895241283     0.2350851201736475     -2.150649339648499
                  95000      2.188526110484821    0.02969244198874466      0.333928234167011     -1.800281204148301
                  96000      2.438670200250703    0.02959061054769967      2.490225638022264     0.2054858616101348
                  97000      2.621092504559787    0.02947495646562211      6.201283856539536        1.1139527514566
                  98000      2.694987000331482    0.02939430944093569      7.693244437700993      1.326799134970792
                  99000      2.536082113493843    0.02928333390166975      3.347242007836281     0.4908107086630348
                 100000      2.653625542322331    0.02923915013816661      8.879388873550511      1.464896741284621
                 101000      2.431171229695887    0.02915468055272816      2.300443027604306     0.1113726306149999
                 102000      2.293489806216991    0.02913309258163862     0.4798691326199123     -1.456711684679541
                 103000      2.438018018930673    0.02903977061719281      2.759130614159405      0.289237364084275
                 104000      2.566824306941693    0.02893929817620662      3.247593359504243      0.448770124956882
                 105000      2.349898780105014     0.0289094282500098     0.7094278016993646      -1.07347333025169
                 106000      2.589671993429533    0.02880073998350646      4.219890887347097     0.7058657900962294
                 107000      2.462348778645917    0.02869996506870088      3.625447620309003     0.5505291055722799
                 108000      2.679292890083644    0.02865830266437079      9.010853854248699      1.459528469796216
                 109000      2.509584872034062    0.02855955500163443      3.809083484119062     0.5950355988038335
                 110000      2.490316360878603    0.02845995388474512       4.12582891908766      0.671420359765732
                 111000      2.577046476421125    0.02836493788538236      3.837671333198695     0.5956749977251421
                 112000       2.31948101217572    0.02834302427531487     0.5945935098664356     -1.269840903236636
                 113000      2.542377217092794    0.02824946246504481      3.924652630655034     0.6140077129772153
                 114000      2.129608007544165    0.02823954769981497      0.266065375441946     -2.077634394080194
                 115000      2.555170244801444      0.028146396396792       4.12332450598656     0.6597345267516735
                 116000      2.419316239767898    0.02807821742240121      2.392686741141603     0.1130664268349962
                 117000      2.258896066033951    0.02806269393703099     0.4392313104815597     -1.582632587371707
