#! FIELDS time e sigma_e height logweight
#! SET action OPES_METAD_kernels
#! SET biasfactor       4.240371756148875
#! SET epsilon    0.003891431002318289
#! SET kernel_cutoff        3.33135957893421
#! SET compression_threshold                       1
                   1000      2.667732086072088    0.06284082615044533    0.01375115918422312     -4.240371756148875
                   2000       2.69852606406102    0.05502118288975905     0.9978445470370397   -0.08878408698333148
                   3000      2.044570301009238    0.05486019812560077    0.01575156913732713     -4.240371756148875
                   4000      2.532998974356714    0.05434230667059663    0.05328476524892214     -3.031146329167398
                   5000      2.438696788935269    0.05354671689331771    0.08838666248115763     -2.539824274021156
                   6000      2.401079827562822    0.05103719220283907     0.3964019461884606     -1.087116503278909
                   7000      2.542944001728528    0.04909098666114069     0.3829725422004261     -1.160461099083193
                   8000      2.556944277813034    0.04685330505380701      1.206907993698837   -0.05926129863577643
                   9000      2.696134006544847    0.04532372878057633      1.596478687011792      0.187286530528136
                  10000      2.417193517622373     0.0440529932037149     0.7034487220388288    -0.6607115568729511
                  11000      2.231808220244799    0.04400648195383342    0.01963652092365429     -4.240371756148875
                  12000      2.708993658148982    0.04372587530519532      2.582105237854646      0.632200526761625
                  13000      2.655284069370707    0.04272028903597057      2.402540710578538     0.5368562050388979
                  14000      2.428852378864334    0.04193207027463326     0.8046688796187537    -0.5756180435632027
                  15000      2.640243468789963    0.04101877976869343      2.255991285324149     0.4332749134914544
                  16000      2.482400374626567    0.04042359377704936     0.7867327488497289    -0.6347976137203285
                  17000      2.366934726769815     0.0399305477424118      0.672672818616491    -0.8036991448393248
