#! FIELDS time e sigma_e height logweight
#! SET action OPES_METAD_kernels
#! SET biasfactor       3.469395073212715
#! SET epsilon    0.007640039155174105
#! SET kernel_cutoff       3.122291642622147
#! SET compression_threshold                       1
                   1000      2.667315458459515    0.06206017502565676    0.03010226110527593     -3.469395073212715
                   2000      2.657503351897769    0.05466158695617222      1.093850299585506  -0.003479491953471125
                   3000        2.4565020909102    0.05433965943003469    0.03437915534356252     -3.469395073212715
                   4000      2.626809980897492    0.05080185363336032      1.694678608573928      0.361081391935388
                   5000      2.723384371414572     0.0483510073315631     0.8613137918331496    -0.3651538968866658
                   6000      2.458846801184507    0.04799765749292033     0.1015017857907502     -2.510871241393433
                   7000      2.768268638960726    0.04631157480585046      0.730615968145941    -0.5728199452182349
                   8000      2.541625227763576    0.04502967579183278     0.6284362696073212    -0.7515434846377317
                   9000      2.400711804406489    0.04466166275608311     0.1586002780577693     -2.136597301645127
                  10000      2.696814716308535    0.04372074966954517      2.207171537681731     0.4751900966240246
                  11000      2.489176176537079    0.04300441260776745     0.5013732055253336      -1.02344636701331
                  12000      2.682207314073344    0.04221863513227313      2.494315174143335      0.562531364385372
                  13000      2.697716841960962    0.04145015227596503      2.719600922360823     0.6306321429022231
                  14000      2.625320573400852    0.04053670397214997       1.85816865052739     0.2274546785930683
                  15000      2.740296369597051     0.0397349030641873      2.108808185418358     0.3340083564809107
                  16000      2.672392852994697    0.03914350103501232      2.955908159587202     0.6566957782264177
                  17000      2.693051762309066    0.03861215028339338      3.212692540623385     0.7263318221485798
                  18000       2.48528499289178    0.03840690295953969     0.4077437286009477     -1.343223772312518
                  19000      2.524511638066212    0.03813392215564088      0.584878010892635    -0.9895923128033034
                  20000      2.495517648242445    0.03785015424467235     0.6400022101959424       -0.9069931563937
                  21000      2.501051375398425      0.037527493711722      0.789779756637185    -0.7052718936912739
                  22000       2.47477608055732    0.03722769592055387     0.7599928808969555    -0.7517377769491556
                  23000      2.386620184776354    0.03714948381950398     0.1747678727794278     -2.223691312470997
                  24000      2.433773004529833    0.03694045130351683     0.5194324462354629     -1.140055883340271
                  25000      2.542942494858564    0.03663257143619792     0.8757456014986955      -0.62608642708764
                  26000      2.276527245060446    0.03661078123436398    0.05102736215604001     -3.469395073212715
                  27000      2.198464200049724    0.03658776471126422    0.05408919458624921     -3.411751518673124
                  28000         2.449142055701    0.03626435425910888      1.009009373485687    -0.4945402485338921
                  29000      2.386250609826266    0.03609111346908818     0.4820434478820712     -1.238018919637659
                  30000      2.545489162590295    0.03571978647933935      1.453302922470921    -0.1448009402851721
                  31000      2.645954279252384    0.03538843792337662      3.011135318577616     0.5743577821313495
                  32000      2.585819699946722    0.03503709686231257      1.748500341188281    0.02082132096397554
                  33000      2.471509586777976    0.03472904420975326      1.467337932113403    -0.1633183879007893
                  34000      2.576514341630078    0.03440948933486816       1.83551036154207    0.05131038589225236
                  35000      2.668829347809943    0.03417962221830759      3.432047841136677     0.6704421839460699
                  36000      2.668398982007903    0.03396426633225768      3.623340738833449     0.7183608757880413
                  37000      2.559698542519433    0.03369647340843466      1.756187677897137   -0.01380600939820096
                  38000      2.637972358369386    0.03344318746340911      3.138682662969376     0.5593067181386252
                  39000       2.75095842735918    0.03319646979271372      1.835802967324514    0.01558094666941952
                  40000      2.419518083212314    0.03304910948232023      0.861700663604979    -0.7451972674718916
                  41000      2.323100098213649    0.03302379237089473     0.1267250061763094     -2.662852125487146
                  42000      2.366349701164391    0.03294219433772826     0.4410693336301108     -1.418143420265347
                  43000       2.43381141725558    0.03275533230521858      1.271660536908796    -0.3649552391128863
                  44000      2.437110804684595    0.03255649090312757       1.48988070853992    -0.2126717447715022
                  45000      2.692421553152414    0.03241000608589996      3.944108279991398     0.7563455334321986
                  46000       2.54409625783631    0.03220719558075217      1.828206524167102   -0.01881922453564997
                  47000      1.952761934420608    0.03219737576564857    0.05802185887629322     -3.469395073212715
                  48000      2.428915362702067    0.03201388659466511      1.604212804704276    -0.1555416255645121
                  49000      2.736675718478634    0.03181525651591095       2.93374900610218     0.4418825065674133
                  50000      2.481805459126886    0.03163248813276772      1.869120010424188   -0.01469212685350634
                  51000      2.283101921851374    0.03161507956846473     0.1171387832586319     -2.785106219364329
                  52000      2.380893194348693    0.03150446069962462     0.8928290048866189    -0.7575756172348842
                  53000      2.720872481973014     0.0313517200391303        3.6429437898504     0.6437166573090768
                  54000      2.669444151259182    0.03126740666104486      4.572405466768975     0.8682710988099214
                  55000      2.494997323825648     0.0311001902839302      2.050561620370034    0.06098309218464316
                  56000       2.36123908553232    0.03102315741598524     0.6848655517159944     -1.038143358045232
                  57000      2.063250527489653    0.03101552261228574    0.06023279427577467     -3.469395073212715
                  58000      2.070470971699327    0.03100451898481496    0.08738139856657025     -3.097684444675695
                  59000      2.105569089847815    0.03099285949608994    0.09284153157988796     -3.037448923833949
                  60000      2.027962764939366    0.03098084213577856    0.09591495846113333     -3.005268873868919
                  61000      1.862417831357838    0.03097319341044528    0.06072495478364531     -3.462623009228538
                  62000      1.739712177113986    0.03096560236450048    0.06032989673093286     -3.469395073212715
                  63000      2.268967864733102    0.03094504939866914     0.1670938768069616     -2.451331018630706
                  64000      1.949680758950922    0.03093284734070629    0.09812350963055765     -2.984054213663325
                  65000      1.681416007514545    0.03092447974304705     0.0669887169809447      -3.36602754431074
                  66000      2.595738598355557     0.0307673049059223      3.318662029743161     0.5316697335193676
                  67000      2.674187423953225    0.03088958791530516      6.508283859913518      1.209150409706829
                  68000      2.566674668757905    0.03072510154445656      3.089157802029304     0.4586338959521859
                  69000      2.620739107826896    0.03060341045048147      4.448133677307759     0.8192515030042177
                  70000      2.520822791061515    0.03044745032754031      2.950254892652129     0.4035492662502408
                  71000      2.663622924450546    0.03046706082994832      6.410238655985943      1.180198067074433
                  72000       2.54704507827023    0.03031511735295483      3.263333014198706     0.5000510184927591
                  73000      2.718991644760024    0.03024035002953527      5.573075145103836      1.032779556349127
                  74000       2.64655924035115    0.03017504270913899      5.892221164702369      1.086303654477618
                  75000      2.484830932440619     0.0300373596782988      2.739464686156288      0.315859898575791
                  76000      2.419088617612264    0.02992837334112652      1.815610256282226   -0.09911595004971274
                  77000       2.29012087880068    0.02991033524268621     0.2310315625118119     -2.161341424805391
                  78000      2.432978234298342     0.0297888358603046      2.293341614323635     0.1297990997031338
                  79000      2.386330522275581    0.02969872714594981      1.469186896403392    -0.3185312583120632
                  80000      2.443924157542178    0.02957390962897831      2.693594337131738     0.2834244654859295
                  81000      2.510346635364143    0.02944662260463872       3.32542783826487     0.4898329979362523
                  82000      1.943085730073061    0.02943762894931963     0.1248499188773779     -2.792713722028335
                  83000      1.868888146014044    0.02943093202846575    0.09263236389645504     -3.091415027415431
                  84000      1.652920055591653    0.02942493448228019    0.08291979753321309     -3.202383568808618
                  85000      1.924878750219001    0.02941401408523862     0.1527708070552942     -2.591689805688147
                  86000      2.755773267310966    0.02929280217004766      2.974099948503036     0.3729387188016282
                  87000      2.128142235368113    0.02928554405020924     0.1036399522959801     -2.984082928649716
                  88000      1.778718210291139      0.029280220165274    0.07577961258417075     -3.297358339631887
                  89000      2.232135272183032    0.02927005881085555     0.1463474822691637     -2.639550921749368
                  90000      1.736779332014325    0.02926266884620181     0.1059349201021799     -2.962962294089512
                  91000      1.914684990295431    0.02924940699443663     0.1929271171421468     -2.363928055230004
                  92000      1.971353675955746    0.02923693815206778     0.1814430601560414     -2.425725039830618
                  93000      1.773396766672373    0.02922801367512967     0.1290608793946523     -2.766687993069608
                  94000      1.956170695250011    0.02920917209922707     0.2793896688422278     -1.995009598353521
                  95000      1.922741142089765     0.0291865858759543     0.3391482907152557     -1.801953177819146
                  96000      1.900364646326726    0.02916521374305298     0.3211569319613234     -1.857193263993879
                  97000      1.999030400696118    0.02915092716823249     0.2117003637828313     -2.274441225585357
                  98000       1.76896163643504    0.02913894697661078     0.1769543840870674     -2.454132195451578
                  99000      1.853261743730493    0.02912708329810289     0.1755256750529753     -2.462646073524126
                 100000      2.010681820105025     0.0291109720813744     0.2413134442156365     -2.144888003771105
                 101000      2.705555616567564    0.02908677020461332      6.535804610589155        1.1532343392051
                 102000      2.555634145456867    0.02897135153011234      3.493133262629302     0.5227620176556221
                 103000      2.495262720858971    0.02885861605352952       3.54650998690674     0.5340280538261817
                 104000      2.416471714260132    0.02875830327459732      2.481758209149358     0.1735492371639755
                 105000      2.653750077069116    0.02871024506434929      6.271669983069128       1.09895213189618
                 106000      2.045969798094507    0.02869875433642171     0.1989756148157067     -2.352063843691247
                 107000      2.632482615918914     0.0286176526931744      5.469376993539523     0.9588439070306928
                 108000       2.68873688962012    0.02859350145604587      7.050635267209359      1.211952629556984
                 109000      2.647098521065783     0.0285392117910967       6.53973511296096      1.134831093797635
                 110000      2.553226853529944    0.02843725370113435      3.497746514682941      0.505474381577865
                 111000       2.08583700282943    0.02842824710694108     0.1766874297388624     -2.480334336102617
                 112000      2.687204984351018    0.02839754774028574      7.277225603724581      1.236707923226558
                 113000      2.671080631028694    0.02837007690439993      7.562001571910953      1.274126310698332
                 114000      2.622836779985338    0.02827825179237259      5.328465311302411     0.9208117217140351
                 115000      2.693910829549123    0.02823866914682101       7.50564606325721       1.26200326852187
                 116000      2.631280734057062      0.028158749541408      6.130343138148978      1.056764287833029
                 117000      2.555884258645207    0.02806732453160474      3.479686336975325     0.4872036661228005
                 118000      2.440550046774558    0.02798834050578218      2.633434324199268     0.2057322717536267
                 119000      2.504996532297617    0.02790092791543775      3.389531281776872     0.4550070315403075
                 120000      2.541628100494154    0.02781226677175405      3.793055881896502     0.5643046074345389
                 121000      2.674164815220388    0.02777789690022362      7.846677138555979      1.289986214431245
                 122000      2.691794155197641    0.02773651311159577      7.780446675415987      1.280018895665474
                 123000       2.62225198700378    0.02765352200462322       5.55482518285665     0.9400754881036322
                 124000      2.483975263653495    0.02757624282267822       3.15885718180479     0.3728203833934549
                 125000      2.609378179467904    0.02749264672155668       4.93361143378219     0.8156452769771724
                 126000      2.149616050005111    0.02748865148138851     0.1116061961469474     -2.973350025672899
                 127000      2.464786598638106     0.0274152937928683      3.063601287024952     0.3363475782326135
                 128000       2.48853638861701    0.02733807253810266      3.579236615371813     0.4890853086297831
                 129000       2.65293667752831    0.02729235796919173       7.67615827736438      1.250381370617413
                 130000       2.06317864479755    0.02728507742197143     0.2187013020180531     -2.308053021933021
                 131000      2.009814240843099     0.0272765946894258     0.2562114021182521     -2.150067950893471
                 132000      1.999700972399456    0.02726667046631422     0.3017374286400389     -1.986877549310244
                 133000      1.779909651932553    0.02726096508580498     0.1712100085688149     -2.553753089296316
                 134000       1.93213461467172    0.02724890502836834     0.3705537434827507     -1.782088012497469
                 135000      1.880467053550689    0.02724033362898833     0.2606106371426948     -2.134373630487842
                 136000      1.872589716285843    0.02723115893472797      0.279974659605071     -2.063038876808788
                 137000      2.015247023062358    0.02722054837987533     0.3260049469720415     -1.911215141959977
                 138000      2.207813601355178    0.02721633991321785     0.1266422514893572     -2.856916122092416
                 139000      1.970185485779604    0.02720421274679463     0.3756786054843996     -1.769993994282583
                 140000       1.94623918530948    0.02718937939842878     0.4652683100439869     -1.556659157418096
                 141000      2.123430968010706    0.02718387498188839     0.1672843821182514     -2.579780624160251
                 142000      1.828270955300767    0.02717827164093775     0.1705105346275675     -2.560884942385798
                 143000       1.67714922318026    0.02717460795908357     0.1108443246480707     -2.991690098561859
                 144000      2.024791837254378    0.02716240700788078     0.3808986654664367      -1.75773254932936
                 145000      1.910115154048379    0.02714763013287304     0.4669216224902414     -1.554648674900885
                 146000      2.700040579437687    0.02709588929939381      7.349025551985183      1.199605194263093
                 147000      2.489615473238384      0.027023920204952      3.663197548198235     0.5007142581460183
                 148000      2.136660118733611    0.02701811906014371     0.1855424395276964     -2.482308483573116
                 149000      2.707893053234206    0.02696090838764574      7.027186866062686      1.149829881595067
                 150000      2.396021675188175    0.02691850708359927      1.658333463843461    -0.2957173558599817
                 151000      2.293256710630545    0.02691200223389707     0.2158332618311161     -2.335021300785108
                 152000      2.743807230303872    0.02684188520710521      3.862609305320931     0.5469619270652233
                 153000      2.761920459787262    0.02678691032973226      2.460466846086757    0.09391989221749232
                 154000      2.446874763779073    0.02672542535994728      3.032314838175061     0.3005971115812491
                 155000      2.485355148506599    0.02665882704458607      3.741645392950172     0.5083012140515997
                 156000      2.677868050994463    0.02662374557288482      8.151848609393987      1.285703670834921
                 157000      2.377392943338462     0.0265930544308455       1.24218666874867    -0.5968212230354423
                 158000      2.262234007631452    0.02658701854799929     0.2184311585495694     -2.335205868004369
                 159000      2.704153461848183    0.02653960927290128      7.518340793280116       1.20163921880282
                 160000      2.509515499922094    0.02647513898453073      3.954959471809231     0.5568319327403213
                 161000      2.687990262709162    0.02644112276929546      8.363082025143424      1.304402939110818
                 162000      2.625369611239681    0.02637739461566415      5.788688148299934     0.9340685105127685
                 163000      2.692104320174078    0.02634200165870432       8.41461242718843      1.306789893529784
                 164000      2.394058064054688    0.02630625393143177      1.693198970731619    -0.2979182374558622
                 165000      2.176903664221521    0.02630265846730854     0.1443288208714274     -2.760335650046435
                 166000      2.613823221678181    0.02623933129239285      5.257884585880796     0.8326436931181905
                 167000      2.214585417833767     0.0262350835738324        0.1741259300476     -2.575223485135518
                 168000      2.360797129270425    0.02621245133092021      1.016234346438999    -0.8120060442052203
                 169000      1.927129671389019    0.02620004778546243     0.5303812958519613     -1.462742432547225
                 170000      1.962361005050799    0.02618773800312624     0.5273772508664384     -1.468892416646149
                 171000       1.82834255285071    0.02618299220641153     0.1968170928811258     -2.454714958737575
                 172000      1.687124771113878    0.02617984191410716     0.1298578062816311     -2.870670065174339
                 173000      1.828851093909229    0.02617433175806066     0.2296100969642163      -2.30093797474807
                 174000      1.744310170294143    0.02617011500106595     0.1748904303445576     -2.573322064769907
                 175000      1.625777086038514    0.02616780531067676    0.09508157947497024       -3.1828347365558
                 176000       2.11090633390504    0.02616226047641699     0.2315897126070582      -2.29281458278216
                 177000      2.072166029076396    0.02615551730467875     0.2834402533496744     -2.091038331757656
                 178000        1.6604335530019    0.02615176136198098     0.1559873176957068     -2.688408589740548
                 179000      1.932662874664922    0.02613670514138188     0.6599462385201527     -1.246600812656568
                 180000      1.788059179032783    0.02613133845283816     0.2252423206087313     -2.321787736982207
                 181000      2.013184746625929    0.02612078283296233     0.4542439802005581     -1.620734111595246
                 182000        1.7749928807896    0.02611456655677573     0.2626584498399638     -2.168752058569716
                 183000      1.573141647218571    0.02611276707837415    0.07465106691160246      -3.42685067031646
                 184000      1.753468477145326    0.02610626680193928     0.2754125416775185     -2.121654323224835
                 185000      2.026814690907855    0.02609505626895679     0.4862400621548738     -1.553651502803335
                 186000      1.959518941420302    0.02607930148439761     0.7007648828573949     -1.188785459789471
                 187000      2.046704163763396    0.02606870075804972     0.4607875918294191     -1.608427269603697
                 188000      2.067062545909851     0.0260587619596996      0.431489435089862     -1.674502751863339
                 189000      1.810604539685003    0.02605191269472378     0.2935769038640528     -2.059869023385641
                 190000      1.704668559555387     0.0260475242221226     0.1862287376526116     -2.515201426490806
                 191000      2.044357550710127    0.02603421453038851     0.5899737235429047     -1.362610225260997
                 192000      1.773606194577539    0.02602573061898305     0.3681245468664459     -1.834592829879099
                 193000      2.157755424880226    0.02602054732162589     0.2218083335034854     -2.341399687326614
                 194000      2.487105114721997    0.02596210524074835      4.360484611543902     0.6348766225071126
                 195000      2.408214014786735    0.02591838183634341      2.479161980612153    0.06852847018837741
                 196000      2.486468861735054    0.02586080640627284      4.549093378032826     0.6733119497058752
                 197000      2.576051713526302     0.0258067634358059      3.818856346342682     0.4962430360446075
                 198000      2.701826667149534    0.02578459053042021      9.014351549346333      1.354250408887341
                 199000       2.28946162506347    0.02577855175925035     0.2794903427462541     -2.119589282075093
                 200000      2.542453902594241    0.02572421333355145      4.163654863304732     0.5794814006516199
                 201000      1.551333300763038    0.02572233357101495    0.08652164110239832     -3.294345647327398
                 202000      2.117002138609903    0.02571573528830736     0.3108576228626272     -2.015661765580519
                 203000      1.768500753088668    0.02570727543754538     0.4028645911351009     -1.756725295071512
                 204000      2.194954894994186    0.02570274555318874     0.2118200951808973     -2.399764717382258
                 205000      2.323773921331904    0.02569359438286595     0.4384370546620316     -1.672641871615351
                 206000      2.570406022871346    0.02564062353928959      4.083696989211174     0.5568360914791951
                 207000      2.697557773746914    0.02562385655524099      9.419403647116454      1.391951031490501
                 208000      2.542756290896358    0.02557070079248296       4.44783426627717     0.6395199295038586
                 209000      2.527759950692313    0.02551739983876746      4.813870338715208     0.7165174086565972
                 210000      2.660223716692753    0.02549206258441437      9.014181544203289       1.34282163460242
                 211000       2.28580300508168    0.02548563913694452     0.3300194431865221     -1.964833147308559
                 212000      2.354778980608667    0.02546663890025465       1.05349137564921    -0.8048654771733555
                 213000      2.704350244300775    0.02544261026073647      9.199813409628318      1.361263977862209
                 214000      2.487178612499378    0.02539136788359012      4.692963565905397     0.6861289802229918
                 215000      2.147331590797135    0.02538582784056614     0.2943417789656141      -2.08316717629805
                 216000      2.632564308528272    0.02534109059918447      7.283396037497982      1.123679892490494
                 217000      2.639820148693478    0.02530290051964632      8.096348936792451      1.227987683502031
                 218000      2.443658398705107    0.02525948851879815      3.409064191035506     0.3612951286842794
                 219000      2.598186050474598    0.02521004106630593      4.962808483281677     0.7348696149044961
                 220000      2.377442921302502    0.02518503162198442      1.613948278013806    -0.3894112039432405
                 221000      2.565170749664869    0.02513861782969616      4.188626588643388      0.562433557559867
                 222000      2.350294249546012    0.02512196357570324       1.02585155780582    -0.8450790000742718
                 223000      2.378014564286693    0.02509564579406779      1.760181926519675    -0.3062330344239551
                 224000      2.648013110942247    0.02506148964752661      8.357937836226581      1.250199555077098
                 225000      2.475921622796668     0.0250163692909818      4.232856214757971     0.5680628132853971
                 226000      2.523258380874132       0.02497005434288      4.799112285895348     0.6917636787657896
                 227000      2.455504501262958    0.02492793470066254      3.786620369328178     0.4531183860854371
                 228000       2.46954614266181    0.02488364972413779      4.401330660674978     0.6017733060671636
                 229000      2.487442708283773     0.0248384218739262      5.015927789684552     0.7306655684105673
                 230000      2.812543547871062    0.02483467020180634     0.2315663523377207     -2.344992720677745
                 231000      2.266070302210173    0.02482960125944059     0.3156137710419121     -2.035544078135636
                 232000      2.672908553446875    0.02480896569424125       9.55913321366552      1.374357600471431
                 233000      2.708565497613947    0.02477602565103416      8.426507369348075      1.246914292243997
                 234000      2.212378743838459    0.02477243338844866     0.2295706019913276     -2.356157747048145
                 235000      2.543448904553935    0.02472932774417037      4.653091438456057     0.6511771592984438
                 236000      2.731421161951862    0.02468559993553975      5.929940109682114     0.8918896262518747
                 237000      2.555834096232195    0.02464387503743099       4.49327095438303     0.6127647643716839
                 238000      2.628482544473979    0.02460344734288189      6.989624718547995      1.052968873258436
                 239000        2.5512545591146    0.02456201456094477      4.709440711833969     0.6564257199340325
                 240000      2.773414068860336    0.02454035112886817      1.699284215554412    -0.3638187018898722
                 241000      2.518281572718915    0.02449856275654629      5.317021767061494     0.7751832189850315
                 242000      2.671687246231485     0.0244767561597201      9.566485492910315      1.361645272721295
                 243000      2.486158262108493    0.02443584764187071      5.160872218726912      0.742812257405241
                 244000      2.699509245814939    0.02441057421138771      9.266443982239872      1.327071546565063
                 245000      2.552777242479215     0.0243709139954144        4.8729060477578     0.6827362931636961
                 246000      2.546413106222681    0.02433112426744956      5.163981224377118     0.7391196397173204
                 247000      2.351569280067205    0.02431732443818135        1.0990544702666    -0.8087052883784788
                 248000      1.816167765963666    0.02431322311280521     0.3039432810941494      -2.09423836918818
                 249000      1.697279260984683    0.02431065185338713     0.1887250675613616     -2.570893952014056
                 250000      1.953319908272597    0.02430229515152709     0.6395669891624122      -1.35073767670096
                 251000      1.974814756080735    0.02429450680477837     0.5945315505197177     -1.424075788425684
                 252000      2.069855707089919    0.02428876469125209     0.4324534957663485     -1.742611159811887
                 253000      1.766575985968539    0.02428378592382033     0.3733467092845964     -1.889783456078605
                 254000      1.805633505995508    0.02427902254254037     0.3570004806657481     -1.934750005362658
                 255000      1.655432401972083    0.02427662182124856     0.1771762800152733     -2.635440849656483
                 256000      1.796537694056946    0.02427113542209191     0.4139009657761092     -1.787185307506214
                 257000      2.605813940845772    0.02423251470615582      5.019037518684968     0.7065889380153026
                 258000      2.599980743723313     0.0241945949845444      4.846131005258869     0.6699653539669562
                 259000      2.679293258161592    0.02417036592960536      9.293891477419484      1.320140126171764
                 260000      2.653621130834591    0.02413999566830599      8.467953245982578      1.225814306005579
                 261000      2.611231720740976    0.02410205449287878      5.625370240185346      0.815239289710023
                 262000      2.669763657928657    0.02407711136345833      9.281592982676662      1.314950280716119
                 263000      2.379288033150598    0.02405959024271962       1.59066457215709    -0.4496589836468293
                 264000      2.686631931073814    0.02403626023747364      9.532261888888712      1.339901004742698
                 265000      2.528387551647398     0.0240001336377377       5.01251216722246     0.6956520563552064
                 266000      2.730773640617712    0.02396355252186751      5.612401224879602     0.8071681226765751
                 267000      2.728722348173429    0.02392718960708172      5.972271212989979     0.8677981832996982
                 268000      2.705598896019091    0.02389783804975866      8.553660913832784      1.225802802818181
                 269000      2.682142634670747    0.02387507459274995      9.650608931958333      1.345511463560878
                 270000      2.659572235125124    0.02384767324450526       8.97156662311987      1.271402404698611
                 271000      2.709888331131231    0.02381729854919462      8.384175995880241      1.202413703473953
                 272000      2.595381569384521    0.02378458502959272       4.52939120176468     0.5852806586997401
                 273000      2.758061093889403     0.0237597960236553      2.831096203124592     0.1143143349540616
                 274000      2.636673036315937     0.0237267408430216       7.39486367358603      1.073043816521753
                 275000      2.559137659990278    0.02369509895099759      4.428016643768221     0.5588754428118984
                 276000       2.65962818895422    0.02366888103605894      9.089733940197155      1.276962224933845
                 277000      2.668930215897726    0.02364564827273949       9.64736048659573      1.335518883634864
                 278000      2.512507527071115    0.02361375155209971      4.819771644417166     0.6402112232587259
                 279000      2.405931754588016    0.02359617843979004      1.936198643796775     -0.272533204962315
                 280000      2.650826734223179    0.02356849006957817      8.752225943600914      1.234874152708494
                 281000      2.714916943523459    0.02353760132221047      7.805444568350655       1.11907614824131
                 282000      2.405286914385989    0.02352011964360629      1.985863600348578    -0.2504344696420692
                 283000      2.427614016052618    0.02349908027664153      2.531879683326931  -0.008421294282444581
                 284000      2.486294062743656    0.02346940940996772      4.448364929235559     0.5538898807358722
                 285000      2.406092146923274    0.02345107108548869      2.150934004951049     -0.173526224371939
                 286000      2.451278816776501    0.02342585900796156      3.370008151709913     0.2744110990603943
                 287000      2.628726155811713    0.02339458921541544      7.017535402828939       1.00657227746913
                 288000      1.961880174465681    0.02338884193014857     0.5968768622429621     -1.458129941938816
                 289000      2.135418050396388     0.0233862771962098     0.2592060465942413     -2.292327143356988
                 290000      2.340407113880723     0.0233790115383487     0.7669236891582127     -1.207873860345479
                 291000      2.217818583815057    0.02337695564540483     0.2072950451507464     -2.516205988227995
                 292000      2.163994025517612    0.02337460693839797     0.2375071257027195     -2.380251955657039
                 293000      2.361451886478425    0.02336317327072927       1.26397322960796    -0.7089234550261242
                 294000      2.776767279587476    0.02335077579527527      1.389559678732767     -0.614727434954274
                 295000      2.248696131570799    0.02334833816282603     0.2480451060581661     -2.337963421485253
                 296000      2.711879872346112     0.0233207142501724      8.352343974398881      1.177539641981086
                 297000      1.804342004937948    0.02331701626911174     0.3850706202688935     -1.899489688465018
                 298000      2.084913296689374     0.0233136695469954     0.3476629912995378     -2.001826382071854
                 299000      2.691062871592753    0.02329382123213431      10.04065570188747      1.360486001096061
                 300000      2.717200251357785     0.0232652973915394      8.001314768264137      1.132224179989329
                 301000      2.777970845327318    0.02325282614916558      1.459795752157385     -0.569621352621797
                 302000      2.568904402435077    0.02322582322202778      4.213733687158224     0.4892692835848326
                 303000       2.55471077203426    0.02319806409260685      4.534689802204578     0.5614809490750461
                 304000      2.687287830965837    0.02317990458909019      10.32957911889469      1.383952698322338
                 305000      2.078756361648684    0.02317630115932465     0.3957401211078929     -1.878211850380523
                 306000      1.883133251121131    0.02317340619779023     0.3160935954539388     -2.103056146719402
                 307000      1.794569430574255    0.02316960067262163     0.4192876581412117      -1.82070151827363
                 308000      2.346192798434781    0.02316097539340864     0.9986496429453057    -0.9532270645803742
                 309000      1.547970691681581    0.02316004902425225    0.09969813933188851     -3.257524057613248
                 310000      1.696538545852447    0.02315819468145955     0.2012472759606844     -2.555216760780333
                 311000      2.063790473777337    0.02315398431507883     0.4671672813856179     -1.713245569057345
                 312000      1.993773430311789    0.02314954921803426     0.4935980184108585     -1.658403075066315
                 313000      2.618988009836358    0.02311998736037979      6.227502561747756     0.8753283144002034
                 314000      2.583318233137833    0.02309349776072137      4.373994161810197     0.5208831209674535
                 315000      2.695574116976928     0.0230741017604073      10.08079146385082       1.35499806824954
                 316000       2.73626790401629    0.02304555231097832      5.604866714351153     0.7667635067573411
                 317000      2.529819005628491     0.0230185679838229      4.801703328458562       0.61092734671864
                 318000      2.717568865182709    0.02299214931369268      8.191476388524553      1.143902410089912
                 319000       2.55388632216009    0.02296583331558285      4.688420233520032     0.5847587297411936
                 320000      2.736309356567857    0.02293789258647359      5.816352996054596     0.7991191112793393
                 321000      2.586758612611085    0.02291236500637937      4.520981702352066     0.5460613202719207
                 322000      2.501198107790403    0.02288640618624199      4.771496357720537     0.5988585132911812
                 323000       2.31328129682976    0.02288270270896701     0.4451022183280368     -1.773414596380742
                 324000      2.395929332732229     0.0228680499579361      2.021776625545849     -0.260627181739652
                 325000      2.504897089804034    0.02284179932528691      5.061902570668965     0.6559900137655256
                 326000      2.423865747058946    0.02282407230239759      2.616011175755301  -0.004878074829139578
                 327000       2.69631579108556    0.02280727250419541      10.43069448944776      1.377487744913763
                 328000      2.440809710954724    0.02278740284579514      3.128913004227362     0.1725489755277228
                 329000      2.512971433382771    0.02276150291681406       5.20777280149405     0.6808783571574042
                 330000       2.74399275369871    0.02273606545457187       5.04071841768825     0.6471565031412414
                 331000      2.251100003770586    0.02273388668906188     0.2698925480751033     -2.280219314463041
                 332000      2.394996452720378     0.0227192432284844       2.13134532853352    -0.2143788875492689
                 333000      2.745354244186151    0.02269419029722019      4.980845269439916      0.633364004918223
                 334000      2.575813942941287    0.02266995419813238      4.663509844149398     0.5664642319973096
                 335000      2.689511594460211    0.02265486229268828      10.69348446308003      1.395664564738719
                 336000      2.454845436114943    0.02263400735912337      3.608073647401136     0.3082829777003011
                 337000      2.502902192255476    0.02260921714088744      5.184874092596933     0.6697586573825379
                 338000      2.648857261080672      0.022586345722463      8.670471407536329      1.182924151477707
                 339000      2.603201793758046    0.02256176442734907      5.270228961705719     0.6839858796351006
                 340000      2.649614437812256    0.02253957355726514      8.852406127018035       1.20161732766117
                 341000      2.747236556902502    0.02251624270325893      4.759764193983757     0.5800905124051073
                 342000      2.694960906779761      0.022500556122161      10.59034305557523      1.379138016606112
                 343000      2.653508702290811    0.02247967688361707      9.274810019665082      1.245569214424252
                 344000      2.693839758400951    0.02246438359762001      10.75228009689531      1.392704375700372
                 345000      2.680636792226776    0.02244987887451378      10.97612975910586      1.412663549596631
                 346000      2.208637814373743    0.02244821289973363     0.2299479722054411     -2.453035758227925
                 347000      2.465104484866271    0.02242773103291992      3.953872536064832     0.3906491110219698
                 348000      2.538624166274906    0.02240478650534876      5.023955677282117     0.6291476640163237
                 349000      2.738575289010681    0.02238079712858431      5.918099390765086     0.7918741064180335
                 350000      2.416776197078289    0.02236579241560826      2.570408096941041   -0.04274721602214614
                 351000      2.522972581815812    0.02234286183889226      5.240176064096853     0.6685174248013409
                 352000      2.753184116975957    0.02232240465818462      4.145450391784004     0.4332577468092355
                 353000      2.706199898230479    0.02230466631370799       10.1013749622363       1.32312289554625
                 354000      2.658237636287323    0.02228561152024785       9.72590480734212      1.284389609182568
                 355000      2.662388704176838    0.02226794321688248      10.16335456210991      1.327592119199691
                 356000      2.710754208346188    0.02224875009790264      9.704219488687334      1.280502059195609
                 357000      2.701384299627693    0.02223287762634141      10.70241945890279       1.37769743881654
                 358000      1.585211186694556    0.02223217629498857     0.1039139663240132     -3.256995909110738
                 359000      1.683891154021658    0.02223074874087601     0.2132809843519146     -2.538012960521292
                 360000      1.509457590645991    0.02223013523673777    0.09085218011036554     -3.391417238356461
                 361000      1.972156944635892    0.02222637413445144     0.5779511104943653     -1.541330952218614
                 362000      2.254070512280282    0.02222443869796658     0.2912097067379157     -2.226863666212781
                 363000      2.646216709999047     0.0222037759991221      9.122362607847499      1.216646630657563
                 364000      2.512739208993382    0.02218187814905805      5.338348638134774     0.6798474550616125
                 365000       2.31908048602955    0.02217858343091439     0.5117690570811382     -1.665099265384898
                 366000       2.53153610601835    0.02215681151588186      5.352848377668336     0.6814292309126022
                 367000      2.473187259811139    0.02213706252627235      4.371059359239247     0.4779140750638198
                 368000       2.49343964456705    0.02211567746577596      5.255466406061563      0.661210937508796
                 369000      2.285608276114297    0.02211345173993396     0.3474891862045485     -2.055180196148716
                 370000      2.585021284209447    0.02209347958214746      4.568154371154523     0.5200472270547837
                 371000      2.751550257051673    0.02207366936056869      4.542308068239052     0.5134761722782181
                 372000      2.572895200146986    0.02205360156628091      4.713967594015434     0.5496612927490502
                 373000      2.661764766844676    0.02203752777327256       10.4832559331829      1.348181557063262
                 374000      1.622558138840642    0.02203674746750386     0.1228432362664988     -3.098479401273598
                 375000      2.067550558593943    0.02203397271189383     0.4476501671043091     -1.805502314369199
                 376000      1.638978592353622    0.02203295940604297     0.1600833771081355     -2.833865567709513
                 377000       1.80127758129515    0.02203042841629595     0.4074055905502864     -1.899866007421799
                 378000      2.754221156965359    0.02201158679732449      4.282503010162593     0.4517620792128712
                 379000      2.637637915524833    0.02199079454171154      8.437571462839685      1.128973899480454
                 380000      2.734197052797854    0.02196904440641587      6.968269667478226     0.9366567674895201
                 381000      2.713217601834431    0.02195110831558974      9.791843983619845      1.276022861359617
                 382000      2.606414649375864    0.02193049601873909      5.515513995939389     0.7010984662144764
                 383000      2.555085492319062    0.02191074431008561      5.013989120817718      0.604864392030801
                 384000      2.693260432265304    0.02189817322479654      11.41636180157111      1.427106228899888
                 385000      2.490790495761411    0.02187845772912745      5.125696603306482     0.6254243635316825
                 386000      2.048594755685552    0.02187568103145118     0.4741514756712957      -1.75519743700825
                 387000      1.807347929281711    0.02187325074209321     0.4133596607323813     -1.892517315010966
                 388000      1.944934950346586    0.02186973163718248     0.6076679890605956     -1.507367615218839
                 389000      2.591237718575264    0.02185057780503457      4.882204768385392     0.5754797177720962
                 390000       2.49753996198274    0.02183067575034407      5.424568860134173     0.6799099864661298
                 391000      2.154491430096731    0.02182919315808451     0.2521621828647555     -2.388779168262286
                 392000      2.787498185441966     0.0218226974389058      1.186914208896174    -0.8400371296994863
                 393000      2.715344297877464    0.02180511797334251      9.727027187943325      1.262708468422271
                 394000      2.511253420970992    0.02178515426158584      5.697568133415086     0.7269236189559412
                 395000      2.135419826444072    0.02178353152078505     0.2809319022098344     -2.282833292646064
                 396000       2.45793037694191    0.02176701298793047       3.89253096913733     0.3451106766892909
                 397000      2.717592598649973    0.02174927724658062      9.564470569297191      1.243291215247046
                 398000      2.635564615025773    0.02172942486248479      8.133546939376304      1.080319870578192
                 399000      1.947818342135702    0.02172591637184168      0.636032783477638     -1.468343882060156
                 400000      2.088463359196177    0.02172369688562229      0.395500476037035     -1.943544163261178
                 401000      1.726139553391433    0.02172242498270602     0.2239107432542676     -2.512507200085532
                 402000       1.75703780292664    0.02172045064237701     0.3509197846258104     -2.063287935027892
                 403000       1.89416205297932    0.02171844115662698     0.3574890923236566     -2.044833267980993
                 404000      1.577732947869222    0.02171775272285222     0.1204180160874298     -3.133000660332024
                 405000      1.968228056892158    0.02171429231429361     0.6285280215449077      -1.48074855363217
                 406000      1.413441108817415    0.02171379965503214    0.08603522287857635     -3.469395073212715
                 407000      2.707190208062386    0.02170033472364079      11.09800309414362      1.389748313963502
                 408000      2.595309995950262    0.02168166233599519      5.180543623685273      0.627032284846693
                 409000      2.683069848364611    0.02167145972822585      12.02879499632921      1.468954971179499
                 410000      2.668165556117058     0.0216586546068494      11.37185233777572      1.412201772226501
                 411000      2.488365272720988    0.02164004445664095       5.34305197447679     0.6559979666389716
                 412000      2.293070640779546    0.02163804759916656     0.3690059570491812      -2.01683382547123
                 413000      2.442061068451523    0.02162375733514523      3.378733889497229     0.1969490750867996
                 414000      2.290762410097653     0.0216216515837948     0.3912923106747095     -1.958949762124003
                 415000      2.688359159690821     0.0216119807908706      12.24592968553933      1.484096876149987
                 416000      2.702484315813738    0.02160036351943296      11.78074618439282      1.444832101474182
                 417000      2.643344909723193    0.02158231671254138      9.215307825440359      1.198395741844931
                 418000      2.752193431584728    0.02156495063667632      4.861531067543178     0.5580782016002879
                 419000       2.59155318266523    0.02154738363984778      5.029433805282143     0.5912172523469359
                 420000      2.728771883693452    0.02152869235684867      8.469103936191527      1.111466721855791
                 421000      2.570097206686606    0.02151158296476611       4.86858655953299     0.5570506311753819
                 422000      2.482858935660737     0.0214941318543729       5.12806851134069     0.6081644784264874
                 423000      2.516263848749514    0.02147591113430981      5.794092333148456     0.7294261676367337
                 424000      2.679575623570809    0.02146563184917501       12.1534116101539      1.469718496605711
                 425000      2.661240947953883    0.02145170231944786      11.00934963207805      1.370204320548837
                 426000      2.329930780774733     0.0214484601150583     0.6597748746080999     -1.444548310160662
                 427000      2.526526057660627    0.02143066743926582       5.66639301254982     0.7050311541868278
                 428000      2.676879722379281    0.02142024559839098      12.18700528314911      1.470362211924567
                 429000      2.642398653995464    0.02140292651212875       9.27119336596035      1.196095208843376
                 430000      2.692601711192654    0.02139318966887901      12.45843959824663      1.491126342016185
                 431000      2.695326783639698      0.021383290503702      12.47106562870257      1.491676448654842
                 432000      2.663023468261734    0.02137022317252122      11.46942110758339      1.407338410052395
                 433000      2.641102361962935    0.02135297295957278      9.292878919375143      1.196094815711614
                 434000       2.38975414055471     0.0213451425894642      1.827179668614169    -0.4307467484608856
                 435000      2.672113741214565    0.02133441233818021      12.30948156679773      1.476346634050967
                 436000      2.015559990315143    0.02133234102628007     0.4410943204086112     -1.852616830931944
                 437000      1.778305672219947    0.02133041295207914     0.4098911324555228     -1.926074354912073
                 438000       2.03337641771774    0.02132821567440606     0.4692373602195671     -1.790960226582377
                 439000      2.524206214194713    0.02131122011592064      5.649309764768791     0.6964225099743199
                 440000      2.713184983531254    0.02129658066675939      10.79648413122198      1.343422503253646
                 441000      2.757559748822752    0.02128238071136706      4.090134676796444     0.3721128693525826
                 442000      2.771323213737301    0.02127219410748907      2.589480398770541   -0.08548654595041925
                 443000      2.581241287786784    0.02125687115629073      4.707152715044723     0.5114188355479824
                 444000      1.981945521034145    0.02125433310102948     0.5578825755203402      -1.62139055388357
                 445000      1.659542313401879    0.02125341450385734     0.1970796070293047     -2.661974532499001
                 446000      1.830588113980398     0.0212519518919901     0.3164198450190237     -2.188581141085734
                 447000      1.833916091783512     0.0212504545587513     0.3242063989231173     -2.164341208376726
                 448000      2.000554930537027    0.02124808273053307     0.5207266866419396     -1.690607864021342
                 449000      2.001655127221485    0.02124560761910578     0.5445852956493906     -1.645925087878039
                 450000      1.822029603662747    0.02124376416422988     0.4018364318307231     -1.949991320168846
                 451000      2.054714342722687    0.02124146924878825     0.5039910943690861     -1.723585875538478
                 452000      2.717769728721195    0.02122601139273859      10.20861273030542      1.284114569174006
                 453000      2.636201041655128    0.02120882554764896      8.710261645899575      1.124574662370862
                 454000      2.691047970255998    0.02119974468369273       12.8385388798957        1.5120960735474
                 455000      2.688990921492756     0.0211909363499122      12.98479534507227      1.523008081492194
                 456000      2.647543237855002    0.02117530074432266      10.10262902427453      1.271286570425018
                 457000      2.009982814030439    0.02117289262296619     0.5499747396680644     -1.639505778261046
                 458000      1.652488889675066    0.02117199724980064     0.1998143954139628     -2.652031504368481
                 459000      1.697373258682876    0.02117099722639998     0.2235660049245671     -2.539760957025503
                 460000      1.919219284713663    0.02116883935140017     0.4913161431349763     -1.752481786084724
                 461000      2.059120244409542    0.02116652537884622      0.528441433480019     -1.679746916340919
                 462000      2.109780561477564    0.02116510147282883     0.3207945375940562      -2.17894532447598
                 463000      2.102956073096617    0.02116348860369572     0.3645525347830011     -2.051151710542189
                 464000      1.963192685078263    0.02116050848313571     0.6889113394643139     -1.414850621398019
                 465000      2.219887451134392    0.02115943343642173     0.2412245963098873      -2.46428557538423
                 466000      1.987290774454185    0.02115663829826737     0.6447616636183678     -1.481265382688923
                 467000      1.524530240599139    0.02115614983528522      0.108730773405949     -3.261294347552772
                 468000      1.928173505324688    0.02115353445388638     0.6019591895413088     -1.550103184463696
                 469000      2.660045664866778    0.02114065693042877      11.51869572869602      1.400824923833281
                 470000      2.621279098611979    0.02112356591011466      7.129265780886121     0.9202529758960587
                 471000      2.517494081919125    0.02110766441227462       5.64779118373286     0.6865561823800926
                 472000      2.359630816246511    0.02110295085957343      1.146859500140777     -0.907904343047881
                 473000      2.502669668284433    0.02108707673731412      5.702686099261626     0.6952531230384936
                 474000      2.379508671980695    0.02108074399087397      1.600995994500314    -0.5753586133492076
                 475000      2.351521016983406    0.02107643113378974      1.049525980031028    -0.9978505392888058
                 476000      2.617668064828019    0.02105977171141036      6.818848296110169     0.8727106905678073
                 477000      2.707807596502672    0.02104737613304043      11.62555526474592      1.405637055917237
                 478000      2.528583884068644    0.02103194277476254      5.556683151195626     0.6666991790486316
                 479000      1.835000613728494    0.02103045615650551     0.3508798633952604     -2.095684265624191
                 480000       1.92236218404594    0.02102805584894779     0.5753713352727933     -1.601226669485719
                 481000      2.213276342378067    0.02102702380920946     0.2420298043983248     -2.467230505458494
                 482000      2.344585625468333     0.0210231712315472     0.9482323468608975     -1.101875055941497
                 483000      2.505039123542022    0.02100749235625315      5.869547954462392     0.7203122121534355
                 484000      2.380922695494098     0.0210010464823777      1.680935248278494    -0.5304219593244679
                 485000      1.650006333107801    0.02100014394682314     0.2127455583577517     -2.597473658942495
                 486000      1.641128049588155    0.02099925552503877     0.2094132834637058     -2.613303123039068
                 487000      1.985697094377486    0.02099652808500862     0.6629958290498114     -1.460974047294363
                 488000      1.884646238577269    0.02099512646970983     0.3333894709174375     -2.148498114398346
                 489000       1.86337272879065    0.02099387687150426     0.2965901821049275     -2.265517695856129
                 490000      2.000295053575978    0.02099119609099552     0.6519357418812955      -1.47805072347301
                 491000       2.57889497288235    0.02097724634195271        4.6816401862163     0.4927422962271557
                 492000       2.46277374357979    0.02096471941274211      3.948480053343699     0.3218271429450268
                 493000      2.589687932364517    0.02095042990953776       4.95976650470591     0.5491732686417691
                 494000      2.830064720766886    0.02094984842513408     0.1381713523888305     -3.031473831057168
                 495000      2.614633229914543    0.02093389173491907      6.616283858090544     0.8365587590541439
                 496000      1.912844862151293    0.02093171381156398     0.5341020641470996     -1.680247473022159
                 497000      2.545950828092652    0.02091718556587345       5.22222211823931     0.5991495392063939
                 498000      2.389918124969355    0.02091028422046839      1.869633795829151     -0.428360875730407
                 499000      2.502568553901908    0.02089505221793702      5.907875513902532     0.7214541264175243
                 500000      1.602764762031262    0.02089448588378351     0.1366609842300685     -3.045111258993952
                 501000      1.707004273495056    0.02089353166782292      0.231748056278123     -2.517009402451729
                 502000      2.667034188011127    0.02088320578083021      12.28464303721014      1.452950671322766
                 503000      2.730130933145608    0.02086734725160861      8.342593792681381      1.065215216910671
                 504000       2.68417767960606    0.02085927918781775      13.17163011148434      1.521519614694758
                 505000      2.325741993404411     0.0208566613396245     0.6678960391508899      -1.46029392386267
                 506000      2.466377666664685    0.02084402293562988      4.265015001565365     0.3931683734744283
                 507000       2.26817236388341    0.02084263014039859      0.349175739148747     -2.109524079896465
                 508000      2.730954943987965    0.02082692039659834       8.27096586880001      1.054653131592474
                 509000       2.64510245822156    0.02081269592828225      10.16086450035741       1.25976214659413
                 510000      2.589638298379661    0.02079887385501751      5.121898117414077     0.5740793778406942
                 511000      2.702461367302057    0.02078890473813282        12.473423476675      1.463675115147982
                 512000      2.646133653888529    0.02077498449110721      10.34281800533834       1.27569739831698
                 513000      2.522251436474291    0.02076041226449089      5.935813556813153      0.719707450955382
                 514000      2.395463001842191    0.02075356983194212      1.987556712556963    -0.3747201884898964
                 515000      2.655119640104814    0.02074132746028503      11.37822582862646      1.369485157329362
                 516000      2.101910150120986     0.0207399079836807     0.3714181026075009      -2.05271168580271
                 517000      2.605580383665449    0.02072543163325754      6.005934872401677     0.7297650910239423
                 518000      2.505164326545548    0.02071094087516996      6.090312605606315     0.7430169544871303
                 519000       2.70430281444535     0.0207005694557759      12.29414855048521      1.444940069192962
                 520000      2.596082091001042    0.02068682837109683      5.476354917959719     0.6355923436286696
                 521000      2.555775517343606    0.02067362025030352      5.095111328524409     0.5627954582685237
                 522000      2.244324285107135    0.02067249094230512     0.3009653940922807     -2.266300676395781
                 523000      2.561977030386453    0.02065921632021297      5.185426612589858     0.5796690850445679
                 524000      2.310770121592713    0.02065735927489518     0.5035152961458066      -1.75241411260375
                 525000      2.638664050429491    0.02064333513178554      9.849098286555005      1.220427857661359
                 526000      2.266059938712076    0.02064195113365719      0.374412766222655     -2.049415531550235
                 527000      2.317481426880867    0.02063977151412014     0.5986182540023572     -1.580255881259742
                 528000      2.483415613973676    0.02062637077567397      5.395228160769268     0.6177407186096485
                 529000      2.558779721371675    0.02061313456911415      5.301277098897166     0.5995316644225198
                 530000      2.693003552574746    0.02060558518477544      13.42505099961319      1.528340041541683
                 531000      1.774303579963384    0.02060410849189476     0.4063673344935146     -1.969351828629212
                 532000      2.074209389876774     0.0206023035973531     0.4999020659699511     -1.762284735368996
                 533000      1.855061844865695       0.02060113715659     0.3194111889416777      -2.21027429886261
                 534000      1.852390938434232      0.020599875691811     0.3461222489421744     -2.130022766508209
                 535000      1.706541751702547    0.02059896829164384     0.2474542924567065     -2.465632961581546
                 536000      2.098589460616423    0.02059741555802208     0.4285454436502559     -1.916537446353667
                 537000      1.957083351673242    0.02059463131913592     0.7871695080435926     -1.308625804663654
                 538000      1.861677658619986    0.02059332601938837     0.3589730868831791     -2.093885378763888
                 539000      2.392790624886814    0.02058670721465121      2.045265585337237    -0.3541713239091605
                 540000      1.883072297425624    0.02058522159419279     0.4107113892550533     -1.959635669299481
                 541000      1.578903156353561    0.02058471384652537     0.1379555763805674     -3.050619364099274
                 542000      2.662410691912329     0.0205753305775609      12.67490175077907      1.469372049194482
                 543000      1.451383930828895     0.0205749910007887    0.09261333496404964     -3.449590394651425
                 544000      2.230343207270576    0.02057388277842617     0.3064543382076743     -2.253008629907717
                 545000      2.631321779411124    0.02055983415427066      9.487576170198681      1.178977983074765
                 546000      2.757301440060481    0.02054811932180341      4.442411032991037     0.4196221118526074
                 547000       2.64705168071397    0.02053663625570529      11.58716143049961      1.377763575275994
                 548000      2.715480537175675    0.02052517331258779      11.60961330012899      1.379141024728449
                 549000       2.73577119366072    0.02051078300354818       8.09985750512973      1.018452655370104
                 550000       2.41164810586736    0.02050345849210613      2.402111553152369    -0.1974028190170689
                 551000      2.061194796134737    0.02050148361576055     0.5713533302289774     -1.633594775900158
                 552000      1.966339594286671    0.02049873950502821     0.8066559162788753     -1.288839241043108
                 553000      1.996710844803359    0.02049627078909921     0.7221072809923733     -1.399683167848145
                 554000      1.631052378890619    0.02049554223364696     0.2062017270882621     -2.653037483383666
                 555000      1.858787400144093    0.02049417478514595     0.3917305308049374     -2.011384970270174
                 556000      1.915771070435793    0.02049205318283844     0.6169358500185813     -1.557297632129464
                 557000       1.80594043072853    0.02049038965375663     0.4796487814972351     -1.809089731496518
                 558000      1.806159891018411    0.02048864883672566     0.5028811486728559     -1.761874966463037
                 559000      1.886233119533806    0.02048700889131895     0.4730079212675172     -1.823196733341683
                 560000      2.152672370122379    0.02048604123676982      0.275666747953259      -2.36316340103919
                 561000      2.173145196188974     0.0204851690795867     0.2480755689886253     -2.468665263002351
                 562000      1.827842374726838    0.02048351290060739     0.4782258359584245     -1.812396446310904
                 563000      1.924417559287467    0.02048105121748871     0.7225619215350793     -1.399796592510292
                 564000      2.052006880710362    0.02047900953806097     0.5945905993021339     -1.594826304283645
                 565000      1.986093586657152    0.02047632827620823     0.7914236306657628     -1.308996952668953
                 566000      1.871133347808841    0.02047474410165385     0.4577437637840656     -1.856598149797588
                 567000      2.213306697188928    0.02047372860242118     0.2903724137664179     -2.311793023991791
                 568000      2.555677707578095    0.02046083681498898      5.574175536627921     0.6423125181166804
                 569000       2.36975570570755     0.0204555938446701      1.648990555973149    -0.5759248630637679
                 570000      2.432736028663295     0.0204470326134972      2.972580438178617     0.0129236152636232
                 571000      2.549104154091102    0.02043401154882004      5.796872934501815     0.6801748060589843
