#! FIELDS time e sigma_e height
#! SET action OPES_METAD_state
#! SET biasfactor       3.469395073212715
#! SET epsilon    0.007640039155174105
#! SET kernel_cutoff       3.122291642622147
#! SET compression_threshold                       1
#! SET zed        0.11502562479663
#! SET sum_weights       789.0364808593998
#! SET sum_weights2       2143.704562041995
#! SET counter  572
                      0      2.647054593005801    0.02735392973070564      432.1436611767037
                      0      2.506079428937201    0.02992118988056477      243.2095685594948
                      0      2.694950909900703    0.02882834650373343      704.3576323136451
                      0      2.448840830338576    0.03038679739040296      80.20443061320158
                      0      2.275257127001757    0.02871624841780704      4.566202882259845
                      0       2.21494987353375    0.02573584748759709      2.459919725603087
                      0      2.393145782917606    0.02779471810256604      43.23410929996916
                      0      2.559807287331334    0.02769759355620057      158.6937414940716
                      0      2.353073824785182    0.02543148232543456       11.5667144092773
                      0       1.95003995627388    0.03039955023441548      14.56962779369616
                      0      2.063180258512789     0.0267809357326176      8.166274074949033
                      0      2.115781401744564     0.0280312136130823      3.228810404577338
                      0       2.00391342158493    0.02710752225667351      9.246705819217846
                      0      1.891679706980097    0.02962812118465659      4.995866410420618
                      0       1.76839969910188    0.02778402022078174       3.96898754279958
                      0      1.678791838788663    0.03068431568455871      2.133716316049246
                      0      2.741022760355856    0.02515455441386264      129.9779450662214
                      0      1.813911120420235    0.02622003846742226      6.444581190862381
                      0      2.159410686079455    0.02525413484048774      1.673890558849886
                      0      1.636881415904387    0.02359609823701294      1.006368761759324
                      0      1.570261978113853    0.02686180454674108     0.6231584061378997
                      0      2.602509964050657    0.02490570134610008       108.305654586996
                      0       2.81909122781689    0.02494280554029919     0.3697377047265512
                      0      2.776827095151983    0.02298183019623727      6.625750038556867
                      0      2.320227655986464    0.02242344423797841      3.386675739316328
                      0      1.517669017813537    0.02291580645652748     0.1995829535163146
                      0      1.712935242194939    0.02291270063740857     0.7031130919890971
                      0      1.413441108817415    0.02171379965503214    0.08603522287857635
                      0      1.602764762031262    0.02089448588378351     0.1366609842300685
                      0      2.244324285107135    0.02067249094230512     0.3009653940922807
                      0      1.860540280307734    0.02162937789101335      1.873980819356034
                      0      1.451383930828895     0.0205749910007887    0.09261333496404964
