#! FIELDS time e sigma_e height logweight
#! SET action OPES_METAD_kernels
#! SET biasfactor       3.469395073212715
#! SET epsilon    0.007640039155174105
#! SET kernel_cutoff       3.122291642622147
#! SET compression_threshold                       1
                   1000      2.630662739022943    0.06206017502565676    0.03010226110527593     -3.469395073212715
                   2000      2.564267879446753    0.05495867164651433     0.7303839689190782    -0.4019479823600128
                   3000      2.469441255433969    0.05156282861549303     0.4868730154066185    -0.8712954635506486
                   4000      2.444081417223027    0.04857775200256497      1.055544694067163    -0.1571219824666376
                   5000      2.704969862298348    0.04792496419558876     0.1396574889287077     -2.193270381998087
                   6000        2.7124178924053    0.04642053234851233     0.4395287818577984     -1.078654769626504
                   7000      2.575815459327252    0.04479803257138627      1.243845051592683   -0.07397290962111108
                   8000      2.710813426021546    0.04347942575545166     0.7536934368130341     -0.604826283279963
                   9000      2.513807898784172    0.04240683929763052      1.443039042547735    0.01971642713543844
                  10000      2.721665136084121    0.04138643361719433     0.9683768491012692    -0.4035253860420385
                  11000      2.512759477849946    0.04065354744461981      1.722451695131654     0.1544902180219339
                  12000      2.747183370130775    0.03987005347335911     0.9776588841993458    -0.4313135185875122
                  13000      2.206468299157901    0.03981245548814359    0.04692379733819212     -3.469395073212715
                  14000      2.552836279769815    0.03928171074119004      1.984628067333302     0.2618459977524668
                  15000      2.694111944444437    0.03861294320348922      1.257109839083386    -0.2119417180861974
                  16000      2.692729253491533    0.03802130470219285       1.63648267952951    0.03635132150957674
                  17000      2.522496829540639    0.03759206155305894      2.172562622679964     0.3083557398860122
                  18000       2.37421765199604    0.03738685667761114     0.3216086976963499     -1.607445042265753
                  19000      2.649987271489015    0.03688782197676788      1.329054449694572    -0.2019953440599704
                  20000      1.840765957793078    0.03685558975642783    0.05068841945571168     -3.469395073212715
                  21000      2.016466684904802    0.03682345828722107    0.05073264923381065     -3.469395073212715
                  22000        1.9659225175594     0.0367749656173623     0.0776797247523866     -3.044688229038729
                  23000      1.600899052323116    0.03674308615933491     0.0508436222466529     -3.469395073212715
                  24000      2.029150484129129    0.03665545156334942     0.1456424023674857     -2.419383358904508
                  25000      1.684271272821639    0.03662007431181495    0.05742417419117891     -3.351037904869515
                  26000      1.521542373617839    0.03658321464345782    0.06015903879998268     -3.305518620172463
                  27000      2.680659400469154    0.03671140017931518      3.402265994253075     0.7331844547197014
                  28000      1.921904422213635    0.03665003623858078     0.1162829287279077      -2.64465916186569
                  29000      2.168155987442929    0.03659748864937579    0.09978755111766814     -2.799076782051354
                  30000      2.053891207098153    0.03647538895030743     0.2454513567336516     -1.902363295351143
                  31000       1.99428666082177    0.03630137013429968     0.3718836672406204     -1.491663273005373
                  32000      2.591420005778799    0.03606576834112946      2.961107336081353     0.5765629062550626
                  33000      2.494322711477253    0.03582983656131034      3.149798384682128     0.6317748535066473
                  34000      2.668175743275838     0.0355714179535887      3.231951109379435     0.6502839001897506
                  35000      2.644562622620567    0.03536209495244839      3.615809805552536     0.7566117633097449
                  36000      2.661279774947586    0.03536576703954735      4.713618500733946      1.021855629506106
                  37000      2.433586768199145    0.03505510263435487      1.506713241334374    -0.1274927606698368
                  38000      2.364090481230677    0.03493865239936203     0.4456071287786516     -1.349068419593912
                  39000      2.420708591828783    0.03463964291554716      1.591908919757829   -0.08441191244545861
                  40000      2.576522232188236    0.03434850535636424      3.303021009566057     0.6370514504533058
                  41000       2.16789367402959    0.03430751550806825     0.1694368892270089     -2.334254877468521
                  42000      2.514695608645804    0.03408993230978705      3.986711336626533     0.8176242029242432
                  43000       2.36586473242744    0.03394724419254008     0.7289493761881576    -0.8856878762433614
                  44000      2.291825126410666     0.0339125495431267     0.1592288907117233     -2.407971971044093
                  45000      2.243674343822585    0.03388037495537017     0.1480045839251646     -2.482020658570132
                  46000      1.909425947023987    0.03384027467051366     0.1868254834543527     -2.250273252206128
                  47000       2.18450149981894    0.03377972324352423     0.2901188650630619     -1.811948404236782
                  48000      2.032875147592226    0.03368900834690209     0.4547452025663181     -1.365190951125442
                  49000      1.815573852134373    0.03366827803178458    0.09730160304893008     -2.907728287466953
                  50000      1.898627453091527    0.03361153615432787     0.2777577659551295     -1.860481106872284
                  51000      1.815302519031619     0.0335735846415412     0.1834235833452498      -2.27656211358839
                  52000      2.080562570024508     0.0335017842439695     0.3629644584446444     -1.596196223927041
                  53000      1.871995330268243    0.03342947715603614     0.3698471137127655     -1.579572066794202
                  54000      1.716136605191986    0.03340954314811972    0.09700182196638758     -2.918528497549412
                  55000      2.678712660581905    0.03346054063377253      5.609465838580399      1.140477789882243
                  56000       2.65064868138823    0.03345564092942218      5.821110230029152      1.177366852509435
                  57000      2.700521230843494    0.03336376960544055      5.689373952578283      1.151726222825715
                  58000      2.643984763353758    0.03330388955071291      6.296799101609835      1.251371056440043
                  59000      1.743476076154324    0.03328318502245553     0.1391051699651759      -2.56181726053705
                  60000      1.908541285136901    0.03321208685751611     0.5089351745111901     -1.266865319647346
                  61000      1.917497232266935    0.03312334423040169     0.6582303235975717     -1.012306637704848
                  62000      2.474869753989111    0.03287539449506655      3.225273344809143     0.5693976327900903
                  63000      2.610919427957639    0.03268238148702756      5.059901662211692      1.013838626799669
                  64000      2.486059692919579    0.03245239425249429      3.485934229307502     0.6341657408507628
                  65000      2.439093228017061    0.03225569332944202      2.390923614755741     0.2510297437654018
                  66000      2.430171339952708    0.03206450107220104      2.424751943392668     0.2591341981428328
                  67000      2.526105917177863    0.03186124413088245      3.986529040877402     0.7499667291703571
                  68000      2.491786152479511    0.03166807014771989      4.211619459405887     0.7988116036030019
                  69000      2.262508525889511    0.03164839315786305      0.189633001791134     -2.302321828252656
                  70000      2.645933503986238    0.03152348064402284      5.899067747995954      1.131182452807306
                  71000      2.571363854954663    0.03133764093631718      3.883402112260943     0.7071870011203004
                  72000       2.67244985401348    0.03123419695124697      6.388147808440901      1.201613357030645
                  73000      2.678963495765394    0.03113160113377178      6.589744828902464      1.229393481504301
                  74000      2.632975513457257    0.03099484740331942      6.001462515427923      1.131479607748564
                  75000      2.686958016167044    0.03087065061819927      6.381545641633648      1.188871683731784
                  76000      1.942948595095601    0.03083673780541992     0.4584145873663789     -1.445619088891679
                  77000         1.763485295058    0.03082449750037881     0.1600477196859444     -2.498318075173703
                  78000       1.72471440858025    0.03081015402252411     0.1885699910724159     -2.334786286104719
                  79000       2.60704750713103    0.03065086332802341      4.873803244113855     0.9121908529982149
                  80000      2.416755039688253     0.0305413071864397      1.909307741505292   -0.02852372355097957
                  81000       1.91707979994996    0.03049729776601295     0.6531095376242577     -1.102716898929499
                  82000      2.072117048741951    0.03047271747453187     0.3531885110640514     -1.718266126865028
                  83000      2.055197303006751    0.03044083798300701     0.4665947584627649     -1.440853653527606
                  84000      1.856339648256067    0.03041285630726779     0.4084716514183599     -1.574811902227467
                  85000      2.669979939602287    0.03035298185231782      7.704601096225434      1.360367894663166
                  86000      2.702825731114861    0.03022527383341406      6.137424119128918      1.128739023631607
                  87000      2.622503470735298    0.03010054393132149      6.233624748530781      1.140156665378305
                  88000      2.621353501387328    0.02998188742332553      6.468232534226162      1.173151777109168
                  89000      2.662357946257047    0.02992017979920671      8.240996553043434      1.413309877709843
                  90000      2.423220901678568    0.02982502650057801      2.141984250770634    0.06273591371433354
                  91000      2.277112367965706    0.02981332820843809      0.210736339162439     -2.256536517691011
                  92000      2.497300520706443    0.02968848104985696      3.550436759109036     0.5634851915712787
                  93000      2.391925061684389    0.02962402936627401      1.368789886566381    -0.3918316722826831
                  94000      2.763153933807825    0.02957383666534874      1.033780323366634    -0.6742321879087104
                  95000      2.226006089501265    0.02956123062915327     0.2384672062567736      -2.14140431351989
                  96000      2.610992927015586    0.02944362287530292      6.103566477010743      1.097006052380148
                  97000      2.428195402947661    0.02934685440709521      2.541491940702873     0.2175920899024428
