#! FIELDS time e sigma_e height
#! SET action OPES_METAD_state
#! SET biasfactor       3.469395073212715
#! SET epsilon    0.007640039155174105
#! SET kernel_cutoff       3.122291642622147
#! SET compression_threshold                       1
#! SET zed      0.1280722199112107
#! SET sum_weights       110.7616459798987
#! SET sum_weights2       261.2396625651343
#! SET counter  98
                      0      2.553087119554456    0.04632244415753742      23.46107220809545
                      0      2.491058177133562     0.0376754002135864      23.15219122341401
                      0      2.672610259218568    0.03903950228461258      93.22348473729504
                      0      2.178869837908665    0.03667160826562563      0.606267102745931
                      0      2.378977282732898    0.03493036511383938       2.86495508922954
                      0      1.819276714982948    0.03532426846595739     0.3314136058498915
                      0       2.04329126967041    0.03581146891835098      1.363166369364031
                      0       1.98938564156464    0.03793102548578716      0.449563391993007
                      0      1.600899052323116    0.03674308615933491     0.0508436222466529
                      0      1.715517577284216    0.03566693240699657     0.3429959872299824
                      0      1.521542373617839    0.03658321464345782    0.06015903879998268
                      0      1.907430051214956    0.03618110786677452      2.770988327583175
                      0      2.427819963336324     0.0325228639976017      14.50708165221941
                      0      2.269515372961965    0.03624973626641891     0.7076028155904609
                      0      2.076397452774498    0.03232072160327552     0.7161529695086959
                      0      1.754181070052143    0.03351185587726087     0.2991528896511203
                      0      2.618220598628785    0.03182396315161981      34.74059118152115
                      0      1.942948595095601    0.03083673780541992     0.4584145873663789
                      0      1.856339648256067    0.03041285630726779     0.4084716514183599
                      0      2.763153933807825    0.02957383666534874      1.033780323366634
                      0      2.226006089501265    0.02956123062915327     0.2384672062567736
