#! FIELDS time e sigma_e height logweight
#! SET action OPES_METAD_kernels
#! SET biasfactor       2.698418390276557
#! SET epsilon     0.01374333274381851
#! SET kernel_cutoff       2.928208142815685
#! SET compression_threshold                       1
                   1000      2.626058146648978    0.06053155025577301    0.06672079877255445     -2.698418390276557
                   2000      2.715912432589754    0.05465525645226309     0.5533274769213136    -0.6851044385188029
                   3000      2.506537862404541    0.05321645485592016     0.1393248108989691     -2.090924214688499
                   4000      2.677488902582723    0.05052125385803821      1.558977755452285     0.2720798754968515
                   5000      2.046292190532368    0.05010065225583531     0.0806119921030729     -2.698418390276557
                   6000      2.140381309354577    0.04947747084196839     0.1284520965294899     -2.245026364562266
                   7000      1.746892975293687    0.04908792256858858    0.08227509278607312     -2.698418390276557
                   8000      1.878201004302278     0.0486796060803365    0.08990347730861634     -2.618103044670895
                   9000      2.520698505957272    0.04691606766814392     0.5747449807872925    -0.7998131994778186
                  10000      2.691933567194016    0.04687567810395241      2.732947111863598     0.7585349432620192
                  11000      2.491324797427581    0.04542271409870563     0.8931221158468692    -0.3913642313301541
                  12000      2.376573568901826    0.04509153327388531     0.1725318662186397        -2.042823393493
                  13000      2.559024769328055    0.04371406444667294      1.220583537824753    -0.1173456169312922
                  14000      2.517555768252308    0.04251054096237569       1.96816927312306     0.3325113132968315
                  15000      2.455526590866745    0.04147796811597288      1.476983997053092    0.02082000399769566
                  16000      2.674870449242999      0.040696071384418       2.53890229373853     0.5435188191856639
                  17000      2.765524196442298    0.03994759729663966      1.300933695808584    -0.1436938003703419
                  18000      2.299330532599774    0.03981521259186556     0.1665958933510742      -2.20227969634182
                  19000      2.486596904355974    0.03914595904492677      2.480380848380616     0.4813647539261537
                  20000      2.601906606599919    0.03850248350823093      1.662373687761744    0.06462469707374929
                  21000      2.524616704899919    0.03800118104465872      2.882675587584299     0.6019915634833194
                  22000      2.669551386871332    0.03750278074669504      2.853839394207854     0.5787357647928847
                  23000       2.56391631037729    0.03700049313840462      2.582081222958228     0.4651824277091616
                  24000      2.063907611136818    0.03690528187357922     0.2288797790430742     -1.960548276837833
                  25000      2.013942091236212    0.03679276903521586     0.2773251303003145      -1.77160793547342
                  26000      2.160348372946975    0.03669120586317507      0.252266741164366     -1.869075712731718
                  27000      2.711492179410361    0.03627662188739044      2.944760024882223     0.5768562746093355
                  28000      2.336582560517435    0.03616375313006362     0.3196848189698528     -1.646706949050888
                  29000      2.471685703934464    0.03575487802995585      2.648035416554161     0.4561601588170058
                  30000      2.610158920811594    0.03536713345603552      2.546511147301647     0.4061626380431354
                  31000      2.717441461244006    0.03504069130911419      3.227509216996767     0.6338761322971613
                  32000       2.73308675498472    0.03472176665577342       3.20892778327025     0.6189590666585043
                  33000      2.632053612828125    0.03439568817566691      2.768338982493733     0.4618341456014294
                  34000      2.555178260962347    0.03408537926991552       2.68346697038594     0.4216335738608608
                  35000      2.633172278544094    0.03379467464100308       2.91896374990625     0.4971873459800995
                  36000      2.724270795933664    0.03352498728175762      3.173325723874492     0.5727266497732307
                  37000      2.551220325629748    0.03326188185822642      3.037645743012107     0.5211502789195223
                  38000      2.664364263417993    0.03303100528593265      3.598645540479599      0.683659648169691
                  39000      2.647123353701214    0.03280534215283816      3.597212811274505       0.67640613692866
                  40000      2.649521421450009    0.03259827999534192      3.864711587665423     0.7418020215732936
                  41000      2.679611698186625    0.03241406102537754      4.218116697712361     0.8236364969701986
                  42000      2.589187379416903    0.03219484399828025       2.98959077541021     0.4725982668544964
                  43000      2.364253281542426    0.03214579173090447     0.3650163165200091     -1.631876238549864
                  44000      2.652416676411882    0.03196675310755609       4.17603788229524     0.7997147570601305
                  45000      2.557734470509564    0.03176512703640038      2.943922117718005      0.443767237682674
                  46000      2.521157496783056    0.03157195238517041      2.820909172079988     0.3949838159248393
                  47000      2.648524175252563    0.03140555457459063      4.172812302420611     0.7812304338745162
                  48000      2.708835176344521    0.03123081989676207      3.798248071410626     0.6816007888111496
                  49000      2.616560042431181    0.03105796654227806      3.631151878029579     0.6310607043705815
                  50000      2.466268627407278    0.03091304371658158      1.963735782150322    0.01168232977025969
                  51000      2.645650113990635    0.03076997692850382      4.443287955069771     0.8235895101145786
                  52000      2.639127982775038    0.03063061323025721      4.519294619610569      0.836011303056245
                  53000      2.487876763466899    0.03048334390104519      2.498371579309215     0.2384750219837575
                  54000      2.689712046321379    0.03034253018006457        4.2832037297637     0.7729070669950192
                  55000      2.670581423629756     0.0302167697891784      4.738047888472527     0.8696777120775879
                  56000      2.436447520298954    0.03012296194990855      1.384264341052043     -0.363887988987246
                  57000      2.668582635027311    0.03000778097524163      4.966922699128583     0.9099126247666944
                  58000      2.499846463368963    0.02987656791520731      2.662676584921829     0.2820617809814214
                  59000      2.483536054912299    0.02974921170387452      2.636419234055845      0.267879717815263
                  60000      2.512477501828433    0.02961988128217543      2.997270639703606     0.3918033263758117
                  61000        2.4565038869554    0.02950774431696157      2.236049310765807    0.09501879405555358
                  62000      2.465311985226606    0.02939009806653765      2.600446698264586     0.2419964922297601
                  63000      2.520713705277089    0.02926824254416914      3.191424558283312     0.4426258808828124
                  64000      2.189283269345387    0.02925349016975099      0.219588436819978     -2.234345899999624
                  65000      2.186866171550804     0.0292345258711549     0.2858622128840482     -1.971239515960936
                  66000      2.436941136032307    0.02913812801574138      1.961794217877876   -0.04843753278251928
                  67000      2.540702850990206    0.02902300676695538      3.088545933144694       0.40144469838881
                  68000      2.251861023478338    0.02900997942054276     0.2031447765953506     -2.320541042418168
                  69000      2.667972131775227    0.02891604771346117      4.987288132816221     0.8769444646637209
                  70000      2.657434398960203    0.02882443155734337      5.081782787225133     0.8925409256564674
                  71000      2.589589166117523    0.02871666521840505      3.159570757347267      0.413569243740664
                  72000      2.357927553563088    0.02869559376288305     0.3699446530255043     -1.732002849619331
                  73000      2.642634935533533    0.02860369961827171      4.968447378569619     0.8622988971437623
                  74000      2.674323232651211    0.02851660748300079      5.172575560565626     0.8995128127030864
                  75000      2.345247915626874    0.02849447177361379     0.4180446014677823     -1.616801616691928
                  76000      2.438814281268955    0.02841151505068275      2.081819368164829   -0.01430783207786524
                  77000      2.435591397508599     0.0283294161306736      2.103100289193322  -0.007031273953804735
                  78000      2.506256676033374    0.02823122489357962      3.424464331452167     0.4770291287916738
                  79000      2.573481901047098    0.02813729631023177      3.066462685416746      0.363276082448697
                  80000      2.587746183765486    0.02804346555019406      3.326844945264935     0.4414354763758574
                  81000      2.434947806852743    0.02796586241263311       2.18941167848143    0.02027287235128478
                  82000      1.986989741736709    0.02795515876099116     0.2206852390650494      -2.27476065890455
                  83000      2.707089859432059    0.02786547737950926      4.176704494670886     0.6625665277040205
                  84000      2.776941595618538    0.02782227578924626      1.035036838264919    -0.7340705563914712
                  85000      2.689930450406246    0.02774539755945766      5.086289764548697     0.8552740488534638
                  86000      2.677496701653767    0.02767612501232573      5.482850211608527     0.9278506437544132
                  87000      2.677606811384916    0.02760884853793594      5.601576879413122     0.9468399020334417
                  88000      2.729376721250584    0.02752482451796405      3.515611660435867     0.4779572694698077
                  89000      2.676388879564787    0.02745557376831617      5.459949194824156     0.9156641215265775
                  90000      2.354198242237723     0.0274374069805227     0.4549364623850198     -1.570034774516017
                  91000      2.631135010061251    0.02735823283330471      4.573808690009987     0.7350192082126896
                  92000       2.35521899151819    0.02733835510019809     0.5152117849668622     -1.449231127229145
                  93000      2.456846973968888    0.02726612528705215      2.698127515511919     0.2038585571689855
                  94000      2.365666449786333    0.02724433333700844     0.5809633764286147     -1.332566573197011
                  95000      2.623591902677791     0.0271671339985169      4.359391683805029       0.67999589717181
                  96000      2.682367959283614    0.02710140687175529      5.448779614942742       0.90063273813972
                  97000       2.66364221065566    0.02703901436595972      5.662099174994588     0.9367309397560761
                  98000       2.63350885428284    0.02696825202720127      4.949699873664049      0.799642704242238
                  99000      2.532398879253271    0.02689924020410543      3.019882731233893     0.3029714787018405
                 100000      2.458856579116359    0.02683369551197625      2.777629306572687     0.2169116272536149
                 101000        2.3098282042206    0.02682096677052972      0.373357443695399     -1.790379662510901
                 102000      2.457510463000288    0.02675559206967175      2.865936377539176     0.2452940687209974
                 103000      2.696452493329723    0.02669040189825228      5.122003204372477     0.8235050724764231
                 104000      2.652976831275655    0.02663089558668532      5.598181661364494     0.9101693094670052
                 105000      1.992215251905924    0.02662240550899337     0.2604617768349661     -2.157890547167005
                 106000      1.659296371781297    0.02661728015022933     0.1553475215184366     -2.674874525093037
                 107000      2.626499025040827     0.0265518926758961       4.91383730233046     0.7768116346947703
                 108000      2.719994008215481    0.02648481053400251      4.123327729834131     0.5988873578014834
                 109000       2.69203970554815    0.02642647787268689      5.555151275516647     0.8947475500721525
                 110000      2.551601216634818    0.02636632681819639      2.990306170325341     0.2731189147402043
                 111000      2.681453788571567    0.02631323691078211      5.917825331154732     0.9536965936375233
                 112000      2.714309232822766    0.02625043857539903      4.660715125035861     0.7125070309820604
                 113000      2.623751650758539    0.02618989032503458      4.993884471367417      0.779242966726321
                 114000      2.605052521398778     0.0261281011767755      4.153739742066465     0.5926759174730082
                 115000      2.638181924075555    0.02607620647412374      5.895905845888138      0.940936892584824
                 116000      2.690839191961243    0.02602858524598355      6.258148549223748     0.9987351868606437
                 117000      2.595827085468049     0.0259695199752221       3.91466073264594     0.5273076468225194
                 118000      2.689417056591512     0.0259237340041985      6.381029984227569      1.014143881551296
                 119000      2.730190967618097    0.02586591609709167      4.028494383945971     0.5519742631664123
                 120000      2.692455238723966    0.02581710017205079       6.07977328811723     0.9616599146628563
                 121000      2.756670351646371    0.02577666530188076      2.033589135890274    -0.1350726460812012
                 122000      2.356688252782833    0.02576289993127559     0.5720171184240341     -1.403995453085563
                 123000      2.772393135685999    0.02573555543242829      1.242667130254765    -0.6292110653721557
                 124000       2.40044768023566    0.02571286282690876      1.004446639861936    -0.8429164136585858
                 125000      2.329361697336066    0.02569968407704546     0.5530282087262696     -1.440212131524317
                 126000      2.670263997066075    0.02565712841151917      6.509457992387242      1.023733076621656
                 127000       2.61807426401665    0.02560273293532017      4.744411443636181      0.705321926051716
                 128000      2.589536580556028    0.02555042330986722      3.649276319976091      0.440838201628138
                 129000      2.696578013566194    0.02550493340132792      6.161640730910482     0.9628704324492019
                 130000      2.621604880944616    0.02545304341405474      5.054648886825047     0.7627991491437107
                 131000      2.694930934659893     0.0254091877154882      6.296589181285027     0.9807743544709755
                 132000       2.70427946178756    0.02536281774849657      5.976028910030659     0.9266959566391744
                 133000      2.565468275419464    0.02531599018521816      3.234887225945017     0.3110857237409186
                 134000      2.391333300985775    0.02529849533681054     0.8660279092558828     -1.007437784271395
                 135000      2.711329761494195    0.02525116584301053      5.653901916048646     0.8668736758448909
                 136000      2.619473841644415     0.0252017887051403      4.943598103247141     0.7306638371939055
                 137000      2.670363283334609     0.0251632597153663      6.730751127037899      1.037727166853501
                 138000       2.59188022901885     0.0251157973150617      3.879661424092099     0.4849003490399633
                 139000      2.685230451719267    0.02507820442530053      6.805995956956907      1.045458539129647
                 140000       2.42201599230774    0.02504993763368203      1.675704469694487     -0.357239568587111
                 141000      2.623854346448785    0.02500336732738894      5.269590331823882     0.7866185703062403
                 142000      1.778140339204715    0.02499988901486511     0.1752446384734234     -2.617045523894176
                 143000      1.944161002352026    0.02499592261318826     0.2005285997004508     -2.482430246638273
                 144000      2.386313497432949    0.02497936474357633      0.909777717906746    -0.9708494637950517
                 145000      2.579007411922153    0.02493438036048948      3.787828082689702     0.4536958158526036
                 146000      2.619363305222145     0.0248893747075061      5.387824790754832     0.8042381712039447
                 147000      2.501801301413903     0.0248500980320895      2.927727571408739     0.1927436844847336
                 148000      2.489941354194951    0.02481056812839663      3.014917545176699     0.2204976159940606
                 149000       2.71430501088521    0.02476802903746131      5.722074945747328     0.8595405999285131
                 150000      2.268071399566278    0.02476331455084165     0.2550566363019023     -2.251250911546975
                 151000      2.453305094010747    0.02472568499382711      2.869844671062413     0.1677559261313887
                 152000      2.199892338067472    0.02472041073570173     0.2891410515146806     -2.127555956659805
                 153000      2.484429116203192    0.02468042173359479      3.299967017410885     0.3055781984387017
                 154000      2.218909384485293    0.02467497441140338     0.3022173222063814     -2.085163924375744
                 155000      2.563508626487103    0.02463303088644049      3.848155656272549     0.4573376822358345
                 156000      2.521507517639256    0.02459298903104956      3.476532073486938     0.3541521076709687
                 157000      2.655428032465848    0.02456434291024127      7.389007508023263      1.106944777931557
                 158000      1.879692429640005    0.02456111074760457     0.1836468780303806     -2.587920740509425
                 159000      2.472391109958893    0.02452199478189174      3.456999832193993     0.3456270111936935
                 160000      2.767271535510574    0.02449686271896111      1.738432812218803    -0.3428154804228701
                 161000      2.731597245544176    0.02445539083924509      4.765474345194685     0.6639031935548466
                 162000        1.4587473862592    0.02445255615825916      0.165165284065489     -2.698418390276557
                 163000      2.672711600603251     0.0244259924688314      7.569249005743161      1.125397124089947
                 164000      2.506490342313209    0.02438796044922471      3.531539562283004     0.3614789365805204
                 165000      2.566904097524506       0.02434906716064      3.850527315082633     0.4463590808254027
                 166000      2.298175798013724    0.02434252275577228      0.405528010401069     -1.804685165142662
                 167000       2.59407930080301    0.02430262109725897      4.627387672288632     0.6282321376114466
                 168000      2.528311540901384      0.024265638476956      3.555939324700708     0.3633359876706775
                 169000      2.508255399135559    0.02422828318606157      3.739663128602268     0.4121716500113418
                 170000      2.447817262804132    0.02419533688550273        2.9117391685277       0.16056591676694
                 171000      2.361328906673986    0.02418412141279789     0.7511596625352873     -1.194785334280854
                 172000      2.725754866752049    0.02414602749925452      5.210363691665858     0.7404249713522623
                 173000      2.593345310212502    0.02410801051985437      4.643873779811794     0.6237484940320881
                 174000      2.474405625301238    0.02407260601944851      3.605507038665551      0.369192361648368
                 175000      2.509506144580034    0.02403671370681129      3.836248432809835     0.4297327554830233
                 176000      1.973509193377149     0.0240325230348895     0.2777217373502259     -2.196072134130237
                 177000       2.04408295744142     0.0240285950121468     0.2600218671852145     -2.262089529203185
                 178000      1.807684166468949     0.0240255769402148     0.1986047859996481     -2.531664022465584
                 179000      2.391692957968157    0.02401121597205933      1.040392512950636    -0.8762254506223311
                 180000      2.690987295042556    0.02398656187340856      7.562800429074855      1.106390738096261
                 181000      2.699015602135323    0.02396013661106769      7.389994393006604      1.082173888872137
                 182000       1.64210051042131    0.02395731562635637        0.1913618543876     -2.571659948575348
                 183000      1.861634172472763    0.02395416625328874      0.214277832282771     -2.458684121501888
                 184000      1.763699364440582    0.02395095001906673     0.2190714319843443     -2.436694001289139
                 185000      1.851008416785985    0.02394740477466701     0.2422317715035699     -2.336344882049447
                 186000      1.708527262810147    0.02394461460850798     0.1896994230116076     -2.580915567049254
                 187000      1.940362134477922     0.0239408494067797     0.2580108099654217     -2.273512177918396
                 188000      1.930747577054132    0.02393681064009106     0.2775409274851789     -2.200713964258719
                 189000       1.90444554303984    0.02393283157218613     0.2735331252664688     -2.215425888312343
                 190000      1.962667122181635     0.0239277209196439     0.3546961931240546     -1.955800554224882
                 191000      2.055301592144875    0.02392352949139172     0.2891243825009106     -2.160380384220837
                 192000      1.883772347938321    0.02391903209292283      0.311224884990191     -2.086909623554528
                 193000      1.637605606319941    0.02391572114604655     0.2272518262566177     -2.401505040619267
                 194000       1.58886251077501     0.0239130977207691     0.1792524616402968     -2.638878298200678
                 195000      1.953333564145057    0.02390723546118883     0.4109330767363928      -1.80948831820823
                 196000      1.716794815574184    0.02390386206721246     0.2321889840159831      -2.38050817620432
                 197000      2.667600565217747    0.02388619793879253      8.327760232138607      1.198550778130725
                 198000      2.472629902044075    0.02385148139984089      4.089078673979273     0.4858214479775989
                 199000      2.538237738188699    0.02381698958302049      4.123769935004039     0.4928223895552147
                 200000      2.524559043421367    0.02378266244496772      4.187467764631371     0.5067084834173186
                 201000       2.30419474702625    0.02377569556500259     0.5157318945475061     -1.587848930808556
                 202000      2.390128233907507    0.02376153659349124      1.124431178909967    -0.8089991093341042
                 203000      2.696359502466228    0.02374294270547923      8.252285630287425      1.183430982929838
                 204000      2.600273095046037    0.02370875264698391      5.332883883643038     0.7453918859438255
                 205000      2.677095188361983    0.02369277549892367      8.592180001002699      1.221678095563882
                 206000      2.318728875182453    0.02368446134575874     0.6509529927991481     -1.358843215588461
                 207000      2.464109506793501    0.02365201477406328      3.954233755766948     0.4438905821885925
                 208000      2.389145582941298    0.02363830445302461      1.145885742570263    -0.7952981836527913
                 209000      2.670735219415618    0.02362139104258431      8.539228880300474      1.212478848063294
                 210000      2.688759168404076    0.02360552745789825      8.723209535680539      1.233123572922913
                 211000      2.510928060277335     0.0235727490160446      4.488043161012538     0.5671635650722227
                 212000      2.713597196484643    0.02354561384094518      7.246344895609768       1.04509218151111
                 213000      2.487116535517112    0.02351295445724244      4.873513190871127      0.647022031987295
                 214000      2.631899900959799    0.02348576165610435      7.202286379877706      1.036448316703638
                 215000      2.545430694051823    0.02345396580256036      4.542333985530462     0.5741360094329532
                 216000      2.497715699356534    0.02342207600379719      4.879383886944677     0.6443533935865148
                 217000      2.558926944389874    0.02339077946076382      4.558821855052411     0.5750615673732336
                 218000      2.698607845260356    0.02337797667773615      9.172484729357121      1.273658061764146
                 219000      2.408526716804792    0.02336075185473244      1.705979884732751    -0.4091475611130903
                 220000      2.699073949353549    0.02334811243205696       9.26233003331191      1.282127221071719
                 221000      2.450411799630547    0.02331952533103682       3.75061833528779     0.3768671602659083
                 222000      2.419576914644999    0.02329842286810079      2.290148782459102    -0.1173421060439154
                 223000      2.421273705301954    0.02327617002258303      2.486994652928847    -0.0358394560132539
                 224000      2.181728323957444    0.02327199729720901     0.3697687521548058      -1.94197122007873
                 225000      2.487952089876162     0.0232415234734113      5.036432335152982     0.6682938829620827
                 226000      1.934570631172337    0.02323678019849814      0.426868777180814     -1.799886811890197
                 227000      1.962176371544991    0.02323146422282876     0.4815131812824887     -1.679658658541309
                 228000      1.964092611539884    0.02322559499488173     0.5350989833553335     -1.574393192707591
                 229000      1.974861345614109    0.02321938875644103     0.5684261199647344     -1.514240840634082
                 230000      1.947146811392333    0.02321275966153043     0.6105492946403507     -1.443038693315003
                 231000      2.278454197130424    0.02320803459746362     0.4277443611966035     -1.799075573419237
                 232000      1.899428819743903     0.0232036905191107     0.3922231910386768     -1.885957458424964
                 233000      2.747558148632549    0.02317585406932238       3.83143435519342     0.3920056399513482
                 234000      2.560825789807061    0.02314631315442091      4.772898326662354     0.6104446826678726
                 235000      2.365807130956093    0.02313560942005043      1.052026738308847    -0.9022530676657856
                 236000      2.320133393786958    0.02312791593825865     0.7327469414469553     -1.264259065619755
                 237000        2.5556777290496    0.02309867334444013      4.842697740131706      0.622902572452136
                 238000      2.744478075555481    0.02307051062342975        4.2571239928784     0.4928044566171692
                 239000      2.236432511134464    0.02306686539193394     0.3394308135066019     -2.036432515174434
                 240000      2.680774430529953     0.0230554032306097      9.356924054326239      1.279672203030861
                 241000      2.627707723033391    0.02302839017964901        6.6410791937372     0.9356577276125613
                 242000      2.628684143606843    0.02300203141215428      6.823982447963941     0.9616812101567547
                 243000      2.348355094057215    0.02299272365936038     0.9530863276351006     -1.007216553276676
                 244000      2.727908012398078    0.02296522090119543      6.275150748128939     0.8762338828823513
                 245000      2.664131663220748    0.02294791046985158       8.68135813386813      1.200060306542195
                 246000      2.502048826614081    0.02292004512725502      4.917496911388114     0.6304669417205111
                 247000      2.644395900817099    0.02289734166479316      7.710502589151666      1.079259629203994
                 248000      2.455614715169441    0.02287171759813403      3.920285821749297     0.4017211105214859
                 249000      1.654349038734065    0.02286910327552728     0.2619569578824481      -2.30413283620476
                 250000      2.574184840931904    0.02284183523394886      4.909843646600088     0.6254912685165207
                 251000       2.37937207954276    0.02283044578452163      1.274590872650234    -0.7236243326906315
                 252000      2.177684122257188    0.02282663698859311     0.3906118409574995     -1.906457365414517
                 253000      2.632182776260183    0.02280207674294637      7.093971607688721     0.9917524088513485
                 254000      2.421664250068641    0.02278305737694434       2.46551542609003   -0.06592651655590959
                 255000      2.449438068268716    0.02275866450324652      3.763974593577816     0.3560768398065577
                 256000       2.35490332870585    0.02274899768542629      1.085832003056621     -0.887476959351704
                 257000       2.33389769057387     0.0227405176340852     0.9403041866307948     -1.031748164273866
                 258000      2.446789668506892    0.02271643149511575      3.747722838735952     0.3498923673512616
                 259000      2.430069738283845    0.02269488657096854      3.081255345744362     0.1531321694338649
                 260000      2.567361411367386    0.02266887767115986      4.870927683056969     0.6099328021324241
                 261000      2.620675816147777    0.02264386710393046      6.516689609117074     0.8999110033419612
                 262000      2.591207259888173    0.02261795350069482      5.389815833072276     0.7089106474469316
                 263000      2.695623863674237    0.02260258347564793       8.90404162175142      1.210224939067366
                 264000      2.229962549497262    0.02259916222630598     0.3763116271605564     -1.953769409477357
                 265000      2.594155421018961    0.02257355620420478      5.535177114112578     0.7335581441037275
                 266000      2.399092754235283    0.02255928143795439       1.84181732954579    -0.3674452239662154
                 267000      1.880331700821341    0.02255594272371505     0.3714384776298749     -1.968718029414595
                 268000      2.072211003368595    0.02255339059041018      0.281700976758229     -2.245368285535123
                 269000      2.689729581686815    0.02253943747033898      9.155976083579986      1.235328779111113
                 270000       2.45081072499756    0.02251607429548111      4.010888071697846     0.4088975861118728
                 271000      2.398726648102418    0.02250171125131217      1.903418816671418    -0.3371015538618358
                 272000      2.532989393819756     0.0224773825344454       4.62535853651849      0.549718910092965
                 273000      2.462721812475301    0.02245347957842596      4.455160716295989     0.5111641680729752
                 274000      2.113927939118282    0.02245131152408382     0.2467052719716617     -2.382556415664096
                 275000      1.917990676249599    0.02244706466574555     0.4950346093284859     -1.686312307460037
                 276000      2.043126168702624    0.02244407662816665     0.3435957386504094     -2.051607321159466
                 277000      1.844919328120742    0.02244132996397987     0.3151838826970366     -2.138039271647993
                 278000      1.759020683930975     0.0224390322354197     0.2625062050342787     -2.321023168265432
                 279000      1.909392667060986    0.02243463899620534     0.5143606653762343     -1.648568990002576
                 280000      1.809540892060771    0.02243225050981151     0.2735370100071773     -2.280163230234054
                 281000      1.845509443497518    0.02242903877548588     0.3714323519740533     -1.974376594710616
                 282000      2.151827690120495    0.02242587682639765     0.3657183358262081     -1.990020870745244
                 283000      1.863194910035056    0.02242189466115086     0.4653026579970422      -1.74937384822543
                 284000      1.695014275273529    0.02241966683692405      0.255370337147409      -2.34944648962841
                 285000      2.704234528089547    0.02240368403943983      8.742713550408004      1.183101465517408
                 286000      2.304449960193993    0.02239779892121139     0.7121483371085011     -1.324850921269203
                 287000      2.626056852116546    0.02237521040715318      6.985795807248281     0.9574880226729192
                 288000      2.276525958655659    0.02237108865915156     0.4931960420617234     -1.693423654612443
                 289000      2.682553544593284    0.02235931517274684      9.525655341054062      1.266887179115269
                 290000      2.669280982648956    0.02234565452853458      9.265103908248689      1.238542386492275
                 291000       1.99349790561003    0.02234152116584547      0.505505226254704     -1.670094581113746
                 292000      1.715491838369832    0.02233905707763074      0.295756553074208     -2.206226596167881
                 293000      1.696296101745318    0.02233640893912776     0.3186861247584726     -2.131675122794057
                 294000      2.098734252439061    0.02233396270458802     0.2938721099264652     -2.212846657627496
                 295000      2.001217522736908    0.02232979606395278     0.5110866025280044     -1.659638855806175
                 296000      2.001506136394565    0.02232524254908714     0.5617181927228635      -1.56538156234369
                 297000      1.705771455494856    0.02232222746504737     0.3654789783818497     -1.995308149000722
                 298000      2.594147775487839    0.02229844397796174      5.687377669049608     0.7484216123436663
                 299000      2.686541755115405    0.02228717677270026      9.699199532101096       1.28171027787534
                 300000      2.429888103389588    0.02226771874338877      3.285635832575876     0.1983536670374288
                 301000      2.630868432579812    0.02224631558261321      7.323676691204163     0.9989443229775314
                 302000      2.697365767408673    0.02223317002943492      9.432176054253706      1.251367585695679
                 303000      2.706195169873548    0.02221716433093629      8.900871805630532      1.192669823605449
                 304000      2.752755983719489    0.02219807897816862      3.329717760794852     0.2085487342793052
                 305000      2.719845418928833    0.02217732471136751       7.53174257012914      1.023852227319054
                 306000      2.527896915577684     0.0221552471375295      4.667156810438859     0.5442798635397612
                 307000      2.335908339963007    0.02214794077797999      1.008972024445667    -0.9876680222198064
                 308000      2.484371257608567    0.02212578267156115      4.855706171202738     0.5825535465571042
                 309000      2.549685534225348    0.02210377419372909      4.843108226768014     0.5789605199399009
                 310000      2.502335086694953    0.02208166979774939      5.054898953495381     0.6207611440807564
                 311000      2.669342917832572    0.02206836085119728       9.42743936127836      1.243424902858862
                 312000      2.663751496969932     0.0220539169676916       9.22924063569822      1.221522437961035
                 313000       2.50066504327555    0.02203212557756489      5.096867748637508     0.6267832636471861
                 314000      2.547441701744599    0.02201065308345731      4.917340047316399     0.5899497485163665
                 315000       2.63508405619134     0.0219906562188938      7.533311486704283      1.015607801206177
                 316000      2.453616207477847    0.02197043560974704      4.284626857526992     0.4503866186257915
                 317000       2.73844050729885    0.02194915974964088      5.086282334264599     0.6209314738727055
                 318000      2.540552185094712    0.02192812943562867       4.96792859849675      0.596428671761372
                 319000      2.662486771426191    0.02191233510586468       8.84557770018724      1.172622802116166
                 320000      2.671655732612363    0.02189865140836522      9.397171533153385      1.232489236445443
                 321000      2.444948265468024     0.0218800504586488       3.82412056585909     0.3325592449039643
                 322000      2.474409641739555    0.02185982198713346      4.692342267967061     0.5362376524458764
                 323000       2.27599563671473    0.02185647832456946     0.4884771408343266      -1.72630979699976
                 324000      2.693921990492285    0.02184342019473703      9.541261959148143       1.24518093626186
                 325000      2.436620178653572    0.02182581107741649      3.572558985195188     0.2620308431682349
                 326000      2.606324599834825    0.02180503774951354      5.743992823539012     0.7359510526643862
                 327000      2.353868297169313     0.0217980217675377      1.106897023658286    -0.9109647146456024
                 328000      2.595665867053077    0.02177749570672638      5.496727722406088     0.6906855229633835
                 329000      2.053962707832885    0.02177501379609896     0.3690469322344779     -2.010412861310541
                 330000      1.996808176451127    0.02177118500243157     0.5804059233515315     -1.557784808027302
                 331000      2.528620889361143    0.02175146245814585      4.783823337730238     0.5505765207416147
                 332000      2.466308370509958    0.02173207510389885      4.623082004181973     0.5155063055274156
                 333000      2.404471667926033    0.02172040131652575      2.064602490395378    -0.2911548812223915
                 334000       2.67102828663074    0.02170701828063232      9.392793774689462       1.22323384466387
                 335000      2.510531434430506    0.02168746573439905      4.950093634189433     0.5817964079132159
                 336000      2.376934027688786    0.02167920875615719      1.387650818343591    -0.6903786241673285
                 337000      2.667168482428761    0.02166537266051152      9.276751922712318      1.208882171063393
                 338000      2.481217648744546    0.02164611420626594      4.910731919902971     0.5719043916149765
                 339000      2.530572456587314    0.02162699370055965      4.881932790862591     0.5651388857456295
                 340000      2.573402484604566    0.02160750315024595       5.39017220888247     0.6632733943270689
                 341000      2.718368742191431    0.02158929434092022      7.580821637157752      1.003474586420215
                 342000      2.602739643693197    0.02156981767755558       5.92448013958425     0.7560433885668649
                 343000      2.531965033804146    0.02155078874163603      5.202947158294912     0.6252930804472936
                 344000      2.537401119173308    0.02153180178822384       5.27617539207708     0.6383879106663122
                 345000      2.632294180928545    0.02151359682926835      7.369111201422982     0.9716376857948225
                 346000      2.519702402300681    0.02149464012320484      5.550104499143564     0.6872758014924332
                 347000      2.486235153494308    0.02147584539003077      5.440539867064341     0.6664625673276767
                 348000      2.286086185646174    0.02147232738986886      0.589196124703126     -1.556575725889708
                 349000      2.415683480792972    0.02145948139821221      2.620528591008074   -0.06480194156797971
                 350000      2.589183285714781    0.02144073088630821      5.752998798628171     0.7206691123017758
                 351000      2.673770290339986    0.02142942749216972      9.845263245204963      1.257410982363675
                 352000      2.427000645923787    0.02141483068991417      3.235495028983283     0.1439210817851145
                 353000      2.464121785001368    0.02139697675416406      4.877155726299783     0.5534672836305152
                 354000      2.342017483282305    0.02139096209325167      1.080955662360406    -0.9535305390695155
                 355000      2.679570407603409    0.02138044495071815      10.05089365934746      1.275793706577835
                 356000      2.533628645198233    0.02136228841641488      5.417997418626226     0.6570088489499887
                 357000      2.285012723988845    0.02135875552999693      0.618176928027945     -1.513863382722277
                 358000      2.418457775804515    0.02134551861811377      2.889349934174725     0.0275287951800165
                 359000      2.465796958891052    0.02132790441536631      4.993035173915526     0.5737156956933608
                 360000      2.698019059167359    0.02131593401098156      9.653801039353043      1.232462034342063
                 361000      2.533802512084376    0.02129807690505476      5.483672227750509     0.6660472113560104
                 362000      2.313992872981068    0.02129327659308752     0.8787425147897834     -1.165216546155977
                 363000      2.628023664872453    0.02127576691521424      7.062751861976447      0.918058917015743
                 364000      2.351188763567444    0.02126942103695272      1.205265557849718    -0.8503742304609525
                 365000      2.419732848623656    0.02125621166663576      3.005583330261488    0.06277627319272254
                 366000      2.711255725869539    0.02124100380846961      8.449185104943821      1.095658892754622
                 367000      2.765440282245602    0.02123117425829245      2.045078734241361    -0.3234376871599708
                 368000      2.742604158102236      0.021214898277264      4.435874773410735     0.4500839610418073
                 369000       2.66362232664746    0.02120225254257475      9.395427311406827      1.199985980504187
                 370000      2.715051220995154    0.02118651252104644      8.113320580897755      1.052527442258747
                 371000      2.618976937930197    0.02116919814038419      6.617969150315114     0.8479911930477753
                 372000      2.731702289698402    0.02115189924246455      5.977605499057267      0.745405207492523
                 373000      2.749564660193172    0.02113716643984349      3.825639996992133     0.2984141441429846
                 374000      2.696156305763648    0.02112633542476194      9.962089829144482      1.254962696186644
                 375000      2.593245361118866    0.02110933025963336      5.727893163859091     0.7007183508448471
                 376000       2.38563774219399     0.0211012689050486      1.701604977487572    -0.5134394757878824
                 377000      2.713438851376621    0.02108651176776585      8.475506459501325      1.091469431852466
                 378000      2.491317028808121    0.02106981773557566      5.513638081713727     0.6607216893297929
                 379000      2.490244431434061    0.02105316559625071      5.578472731894404     0.6716214061875203
                 380000       2.32219556195389    0.02104826106352459     0.9886639513589943     -1.058927406704961
                 381000      2.464475644661676    0.02103220893888594      4.972286087636567     0.5555901712318922
                 382000      2.494665360410389    0.02101564660638329      5.761628622227982     0.7021428562210745
                 383000      2.581812749416869    0.02099925580161884      5.570830011963191     0.6676864944079485
                 384000      2.446445858614027    0.02098425119394511       4.35631101668922      0.421053253136961
                 385000      2.716525441399969    0.02096931177835354      8.127186919292305      1.043930314105479
                 386000      2.776768579220803    0.02096256847071456      1.455325207805602    -0.6763767825671204
                 387000      2.692199486994834    0.02095337657924045      10.40541174808169      1.290281275591747
                 388000      2.692826715573727    0.02094426941376775      10.47240344855417      1.296264064666883
                 389000      2.703250480197881    0.02093336075049936      9.944942320223012      1.244063644732409
                 390000      2.356623701240558    0.02092729628217327      1.321621043523502    -0.7744311667525979
                 391000      2.728352939575158     0.0209112643728361      6.912785893047094     0.8793161416092408
                 392000      2.537744712223795    0.02089552727985807      5.396625750041109     0.6309644652574162
                 393000      2.511913151819963    0.02087957968101395      5.915762750901578     0.7220475114566786
                 394000      2.276499956305886    0.02087673149713468     0.5929206044821604     -1.578404125791111
                 395000      2.498471019387223    0.02086084923908006      5.983384654817499     0.7325160015233524
                 396000       2.72562212273985    0.02084536147107001      7.325713735202694     0.9341774782700244
                 397000      1.951540410904979    0.02084262213565677     0.5760695013068665     -1.608871494577715
                 398000      1.967477887712011    0.02083960223662273     0.6387906418272413     -1.505667944415049
                 399000      2.450642525913164    0.02082509539412826      4.555863446742972     0.4582292795254458
                 400000      2.387357422505667    0.02081752571407616      1.777878321149168    -0.4831286489298489
                 401000      2.481319134281979    0.02080203587641289      5.678441198268329     0.6773830565128297
                 402000       2.50196115177374     0.0207864612229798       6.12258578253333     0.7519418305910424
                 403000      2.755563507774037     0.0207740983903155      3.483768645456729     0.1874770307184024
                 404000      2.601433771392573    0.02075874210516775      5.809015981519416     0.6980340921751258
                 405000      2.708612728893836    0.02074685274906347      9.408925695719597      1.179708779050766
                 406000      2.596727457522081    0.02073162850168261      5.802231623897218      0.695558525158254
                 407000      2.048668133637328    0.02072981746071738     0.3890022463000859     -2.006941602204345
                 408000      2.660345039915069    0.02071721795960916      9.062442065486596      1.140759205182214
                 409000      2.701211447514244    0.02070695761857815      10.06834196825402      1.245521240967949
                 410000       1.94217039383237    0.02070427018966994     0.5949539018838439     -1.583275946132851
                 411000      2.694772392569872    0.02069510983150476      10.48194138045015       1.28520677807932
                 412000      2.531324590284885    0.02068024549542918      5.606365111809303     0.6587369378783235
                 413000      2.563743225502769    0.02066558795382211      5.398641730658416     0.6202727275811911
                 414000       2.58748222775591    0.02065076112856297      5.772316284093854      0.686481050716154
                 415000      2.414184859327791    0.02064085708715278      2.705640378454373   -0.07173347385017743
                 416000      2.304314306118419    0.02063723609060785     0.8372804104634399     -1.244843787038277
                 417000      2.369752950394713    0.02063114303566379      1.491533358375215     -0.667738139816641
                 418000      2.663826996633303    0.02061940923055364      9.412566408088152      1.173933914052952
                 419000      2.386402100420151    0.02061216471163777      1.843822963219842    -0.4566220271376933
                 420000      2.345089548250427    0.02060687637369365      1.283006577000288    -0.8195135256915252
                 421000      2.390841803865856     0.0205990764028457      2.024502607034995    -0.3637742780130914
                 422000      2.477471722434167    0.02058463954608233      5.584718437302982     0.6502345994926378
                 423000      2.650499057220021    0.02057127610086009      8.380796742764778      1.055494163184103
                 424000      2.517663461254729    0.02055676305473027      6.011990971160691     0.7226013970844393
                 425000      2.662313763985444    0.02054516882769803      9.400998349605173      1.169097148579806
                 426000       2.08210280574766    0.02054369282902968     0.3392055904438538     -2.152939480623151
                 427000      2.005720062932848    0.02054136020406303     0.5451933016548585      -1.67851900297877
                 428000      2.650552985860744    0.02052831589944986       8.53593048613558      1.071745004598495
                 429000      2.651434244975657    0.02051550626447241      8.683814480063031      1.088297329506684
                 430000        1.9201521525269    0.02051333008300354     0.5135431468419182     -1.739690867580767
                 431000      2.487083983371734    0.02049911281107912      5.910004534205537     0.7026836441041989
                 432000      2.603475140469034      0.020484942906225      5.941259000484406     0.7072666255305168
                 433000      2.462688036195301    0.02047139348341879      5.102317381102291     0.5543787345347001
                 434000      2.567025440788735    0.02045760427862615      5.457652512064537     0.6210288529737596
                 435000      2.627682981554155    0.02044359912995834      7.096956503110836     0.8829913009036127
                 436000      2.676840509376823    0.02043446042579662       10.4178123620957      1.266395218258764
                 437000      2.486823969206619    0.02042055596575592      5.973603131722174     0.7095477616740949
                 438000      2.615112739913472    0.02040659797000974      6.511422361957983     0.7950716373736411
                 439000      2.685916668685906    0.02039804693521964      10.65895983818993       1.28749543339727
                 440000      1.979962677399224    0.02039536825051647     0.6692012979053067     -1.480707104077652
                 441000      2.606295426878785    0.02038155483124698       6.22454524656348     0.7487861415978737
                 442000      2.468037298946344    0.02036821076082406      5.393100345179014     0.6047512499261203
                 443000      2.240070545899294    0.02036666901119547     0.3798918941392964      -2.04831342544021
                 444000      2.541398895365375    0.02035335987626685      5.424601063026194     0.6098458004763128
                 445000      2.645736429454109    0.02034035285549925      8.069426862350374      1.006344635094497
                 446000      2.341422464220241    0.02033582002776954      1.206067502749751    -0.8945956285789092
                 447000      2.294299424739263    0.02033292585744621     0.7420043306180323     -1.380503226134772
                 448000      2.182344136042946    0.02033140342501375     0.3794607178222317     -2.051182102599256
                 449000      2.517649311399403    0.02031799282768353      5.825619128244557     0.6794275593583524
                 450000      2.527021996550722    0.02030472850160618      5.652687812169923     0.6486403788230888
                 451000      2.470378324821703      0.020291732735379      5.337012710863547      0.590535065458715
                 452000      2.345849421891112    0.02028695108068575      1.301157385332541    -0.8211125219701167
                 453000      2.505222782515787    0.02027359946030416      6.129727968603652      0.728125330120187
                 454000      2.705028247244379    0.02026243770963172      9.301574062630323      1.144607890548666
                 455000      2.570964289732106    0.02024959493732207      5.362326082890603     0.5931880796683878
                 456000      1.748954058276654    0.02024849067604007     0.2808305372413993      -2.35626816784767
                 457000      1.975850932773018    0.02024592589744746      0.672921652722167     -1.482517350249184
                 458000      2.053086002818203    0.02024438610242647     0.3954449978951087      -2.01421060785754
                 459000      2.075221812071998    0.02024289471471026     0.3827672987147507     -2.046868758135036
                 460000      2.693940823271277    0.02023325819802397       10.0918152620721      1.224707858954371
                 461000      2.521502809202123    0.02022021391760047      5.897678028246079     0.6868969497339257
                 462000      1.974993143765842    0.02021757778680002      0.701029876631962     -1.442996921581897
                 463000      1.990941017461791    0.02021496801748833     0.6940589889508613     -1.453119564847662
                 464000      1.846640713331197    0.02021354398237493     0.3693504472715782     -2.084001052357401
                 465000      1.834755276097397    0.02021215977809496     0.3588420086506038     -2.112933244398037
                 466000      1.880094172018954    0.02021047964891037     0.4384150787428392     -1.912732446838985
                 467000       2.11090765213446    0.02020928410599249     0.3089483085683271     -2.262783756460283
                 468000      2.329781313092667    0.02020515008772198      1.142530843276536    -0.9551611957475379
                 469000      2.528187283985516     0.0201922731774536      5.769495234388431     0.6635400486909727
                 470000      1.983561509804768    0.02018939068668672     0.7771212186384775     -1.341346241557068
                 471000      1.991813029403138    0.02018650958921131     0.7772811410475826     -1.341283188207788
                 472000      1.894345616958296    0.02018469065359878     0.4795470698289547     -1.824333358671494
                 473000      2.731736585001356    0.02017169696858873      6.333731505760594     0.7558254773541866
                 474000      2.480712495888449    0.02015883578696617      6.028305368705145     0.7057640685107379
                 475000      2.732963814534952    0.02014596859298802      6.212085322204544     0.7351562765810754
                 476000      2.592144435033405    0.02013325926456433      5.896546100752659     0.6823953479736291
                 477000      1.965766638601717    0.02013035424263979     0.7993323538090125     -1.316094182468731
                 478000      2.678733581448222    0.02012172404156558      10.45645942190551       1.25467538123647
                 479000      2.384994550195957    0.02011563658197645      1.839136349971853    -0.4835510237786089
                 480000      2.519816418874918     0.0201029101467784      6.343514414206815     0.7539529646603516
                 481000      2.267405300243318    0.02010086319357856     0.5592974565508141     -1.674655627847951
                 482000      2.173903432599942    0.02009936438858937     0.4047883052450659     -1.998047421746399
                 483000       2.63990479259987    0.02008707809231221      7.864712664230337     0.9681181674961541
                 484000      2.271365113920465    0.02008482529416461     0.6221464371705985     -1.568959777189996
                 485000      2.210283952353144     0.0200833739234916     0.3939146629143631     -2.026073242166229
                 486000      2.611047347717848    0.02007076061485253      6.403388627275286     0.7617468212233232
                 487000      2.421563452149453    0.02006205392990619      2.965514210219145  -0.008463951471306304
                 488000       2.42349548270974    0.02005305382321605      3.119003831989009    0.04155055653756653
                 489000      2.763997956828478    0.02004540357734888      2.506938417212772    -0.1772824282236952
                 490000      1.945255333040645    0.02004297192031374     0.6827342669213828     -1.478115560166618
                 491000      1.864822595789064    0.02004120829011841       0.48789089629213     -1.814217465202019
                 492000      2.137548411682393    0.02003997063682218     0.3385612746300286     -2.179665936137162
                 493000      1.763538952290849    0.02003887363635294     0.2992592900929328     -2.303115383793867
                 494000      1.942269151116438    0.02003636691631183     0.7062008357799771     -1.444651206041439
                 495000       2.27322452477426    0.02003396357017998     0.6758410980021148     -1.488712843131557
                 496000      1.702884004690169    0.02003269367522359     0.3482262429043796     -2.151881826705961
                 497000      1.718202517974692     0.0200313601511266      0.366294732197378     -2.101362499568395
                 498000      2.003363835144838    0.02002877320402254     0.7315658967135877     -1.409742640560591
                 499000      1.901183647383243     0.0200268680472781     0.5305624469135974     -1.731087402402601
                 500000      1.969247796274635     0.0200237254357383      0.901926541569551     -1.200648921683105
                 501000      1.960564916631189    0.02002060108228359     0.8970005937458924     -1.206281519695139
                 502000      1.931505171230747    0.02001811613532372     0.7028992884720748     -1.450248548972851
                 503000      1.785078890267614    0.02001702125179473     0.3002290996024501     -2.300971018455238
                 504000      1.898053896301589    0.02001499778876563     0.5666792478818892     -1.665824515964322
                 505000      1.639675858657245    0.02001400046376639      0.273101060487825     -2.395825877743366
                 506000      2.465269631380207    0.02000201753616879      5.468625726280107      0.600515929580841
                 507000      2.400843720476875    0.01999483130420119      2.353135322811476    -0.2431221380094215
                 508000      2.384640523485864    0.01998857151889038      1.986837695092668    -0.4126395992108663
                 509000      1.876483686869029    0.01998659618500769     0.5571229201035703     -1.684252085085415
                 510000       2.63331412299567     0.0199746160507575      7.681689423258899     0.9389572077115429
                 511000      2.593749764750522    0.01996247095494317      6.103951481887875      0.708445841710915
                 512000      2.701434379491502    0.01995357156753369      10.13230834008796      1.214792755010859
                 513000      2.678127918210059    0.01994562352852976      10.62402978187199      1.261783581038396
                 514000      2.511551681509338    0.01993350221680354      6.611027728786002      0.786796405128668
                 515000      2.694347011751974     0.0199256447636924      10.68478954448457      1.266484213689156
                 516000      2.698976726057357    0.01991735803709554      10.50102967264551       1.24872036889552
                 517000      2.577288493443107    0.01990556109940988      5.824625080285906     0.6587492161814008
                 518000      2.707526109302268    0.01989602148344339      9.805286760968084      1.179096929687764
                 519000      2.656737661265746    0.01988572968853519      9.290514587465303      1.124651754027759
                 520000      2.672987553253896    0.01987751586304259      10.56963752224306      1.253230180834668
                 521000      2.500519047896822    0.01986564668211557      6.618667135765851     0.7845413910281419
                 522000      2.593536730582056    0.01985393895352644      6.096140104385008     0.7017136622942374
                 523000      2.582195272924551    0.01984231766921867      5.981768713655562     0.6821886465619846
                 524000      2.514533113117434    0.01983057873996419         6.578749483344     0.7767252441068241
                 525000      2.365927932321246    0.01982546767667377      1.694963889834192    -0.5797157680582217
                 526000      2.490339956866139    0.01981379564228306      6.523542702806421     0.7674514701697969
                 527000       2.71523002627964    0.01980320283869703      8.871704755824382       1.07436609322288
                 528000      2.607380583288528    0.01979161994320527      6.469540698550416     0.7580191672855037
                 529000      2.486778053929199    0.01978008181639461      6.448968269209241     0.7542510600340141
                 530000      2.705672307058321    0.01977112418455785      10.06804412557918       1.19924439651659
                 531000      2.627115919361402    0.01975967679891681      7.318553196747199      0.879711431353881
                 532000      2.670008033068549    0.01975121445251001       10.3695659391367      1.227745582502374
                 533000      2.575669415117305    0.01974001116884083      5.895465428680119     0.6624865215795812
                 534000      2.688996868800256    0.01973295292406603       11.1266152942367      1.297285425817383
                 535000      2.695458003168139    0.01972558764698354      11.00046962864871      1.285510061455638
                 536000      2.542942229977982    0.01971461119108897      5.668415824934998     0.6219251661827385
                 537000      2.438311512042672    0.01970565388631115      3.759976359782555     0.2109737017407186
                 538000      2.743937008969382    0.01969561000690794      4.625870878550308     0.4177158577033377
                 539000      2.698484866726409    0.01968733144770571      10.47532865537057      1.234653633471109
                 540000      2.711913653815698    0.01967733820424744      9.225106891642897      1.107051843434586
                 541000      2.218883257203239      0.019676077175531     0.4025284182926117     -2.024930601140799
                 542000       2.29678684439385    0.01967363159901313     0.8050559648045257     -1.331908803061895
                 543000      2.347612204937331    0.01966960270292428       1.38949167896757     -0.786332146473846
                 544000      2.469092249066885    0.01965897859201407      5.427339183488228     0.5756385899256522
                 545000      2.458053822409182    0.01964878225506156       4.94097211422767     0.4812328985172112
                 546000      2.512043577216516    0.01963776099180239      6.426207230009441     0.7434942406037993
                 547000       2.41309824709476    0.01963102695961015       2.60187305483586    -0.1610016481130135
                 548000      2.426001126079853    0.01962316675025678      3.219532555191552    0.05160246290643696
                 549000      2.634389193773048    0.01961221454215651      7.375854411220255     0.8800197487222601
                 550000      2.720730101707987    0.01960153267393712      8.050954298431474      0.967053829400354
                 551000      2.383607025764945    0.01959636027702976      1.904479632594526    -0.4747919008605918
                 552000       2.57470422387948    0.01958585604195483      5.613288170324584     0.6055997874482956
                 553000      2.401052422055298    0.01957973078085203      2.354589637457573    -0.2634832142409532
                 554000      2.222117613061486    0.01957845117681976     0.4216521774959316     -1.983489559304687
                 555000      1.820851919510454    0.01957740866962734     0.3415854552399396     -2.194125675969844
                 556000      1.881091625187318    0.01957575669483895     0.5499216239694189     -1.718032177690228
                 557000       1.74529447364318    0.01957473709858298     0.3341055251844745     -2.216403143142761
                 558000      2.468777607179005    0.01956438163523701      5.483153460865541     0.5810464717951815
                 559000      2.706049115556017    0.01955550600880174      9.886911259021074      1.170124109189235
                 560000      2.597956828421051    0.01954492617486789      6.032946622915687     0.6756067117281829
                 561000      2.633309256790746    0.01953421595697264      7.300910370812852     0.8658220788919028
                 562000      2.676175960930274    0.01952617940097532      10.45441453635695      1.224435869215924
                 563000      2.462681247120455    0.01951617711571837       5.22921313500391     0.5311599696608295
                 564000      2.333583083057023    0.01951279839151578      1.212139610783023    -0.9308869127429841
                 565000       2.47620954747474     0.0195024350470028      5.874126744877799     0.6467521795693281
                 566000      2.661647926744226    0.01949308545903823      9.386263220097133      1.114962509505368
                 567000      2.703292957731098     0.0194846931996441      10.17892813948603      1.195604345743344
                 568000      2.645868904717557    0.01947445451117841      8.197490041792991     0.9785870343969215
                 569000      2.714603877029147    0.01946474391194208      8.954917346768539      1.066463068047407
                 570000      2.499256498597883    0.01945434646566012      6.425547904805862     0.7340078557064132
                 571000      2.713786121132353    0.01944482753665819       9.12628945061117      1.084395735197698
                 572000      2.553768974603306     0.0194350857530599      5.254578976701598     0.5318352968815396
                 573000      2.662445124093171    0.01942600364826254      9.538279250358286      1.127581097672447
                 574000      2.597459900026286    0.01941588625526917      5.994645008290459     0.6626136199819445
                 575000      2.638821056507552    0.01940568492715958      7.806662193941216     0.9261989949671844
                 576000      2.215597176726175    0.01940445361511542      0.435275338607374     -1.960618440523824
                 577000      2.692209949327503    0.01939723975772903      10.93003056489296      1.262300311801499
                 578000      2.702342674995371    0.01938929594843992      10.45233149295274      1.217201659238285
                 579000      2.475863542575616    0.01937937420396738      5.854839896468215     0.6371334048245019
                 580000       2.56534512560909    0.01936974158304234      5.416928978699175     0.5588966197873867
                 581000      2.693494909418586    0.01936260629729499      10.98600816772634      1.265621611746617
                 582000      2.637195987014885     0.0193525222653951      7.686319597270558     0.9079202714120935
                 583000      2.467584094110372     0.0193428913166532      5.555824492255661     0.5828272514653128
                 584000      2.533702045404616    0.01933325398321021      5.613658672725952     0.5926847321217257
                 585000      2.137193819693139    0.01933230981083987     0.3417986543410154     -2.206100227849949
                 586000      2.680779043804887    0.01932509276697952      10.91480434413395      1.257179897030817
                 587000      2.532062674916679    0.01931546028557651      5.711145008387085     0.6089807945126937
                 588000       2.56781025937489    0.01930598115784393      5.503673948986211     0.5714862501864335
                 589000      2.559647206780869    0.01929657431301156      5.435642575215323     0.5585607638942944
                 590000      2.724443857851103    0.01928668501949807       7.66778959610844     0.9020987858317469
                 591000       2.11452033659471    0.01928577825557841     0.3339157337144879     -2.231843227993558
                 592000       2.05113746606779    0.01928467350818441     0.4091293810544724     -2.028757738403728
                 593000      2.460537119627898    0.01927548878579638      5.211486594207005     0.5153548652882118
                 594000      2.097600625717113    0.01927450337912076     0.3648934101900881      -2.14371140305506
                 595000      2.064628855805786    0.01927335791845651     0.4261470537368951     -1.988591634413665
                 596000       1.83622988381889    0.01927224133673706     0.4151869519130749     -2.014705147978704
                 597000      1.903374140734151    0.01927073175558492     0.5677515186955029     -1.701828529756007
                 598000       2.50942334642334    0.01926098833746673      6.349059866095033     0.7120439077401928
                 599000      2.494881585187639    0.01925126001754957      6.399473760303533     0.7194477138590946
                 600000      2.506241120216789    0.01924153686496342      6.491959771299005     0.7332912114372514
                 601000      2.481770366448283    0.01923193125640501      6.204010107662908     0.6874232962162009
                 602000        2.2965322046682    0.01922985302732902     0.8062808795673714     -1.353203756902216
                 603000      2.545545921806535    0.01922062717278456       5.50294647187564     0.5669231429957062
                 604000      2.462409708181762    0.01921147822786849      5.424140320758213     0.5520227832037267
                 605000      2.543573404006215    0.01920225074917538      5.593054735103485     0.5822085386108302
                 606000      2.393437255188739    0.01919747868349629      2.061237614221715     -0.416259024373259
                 607000      2.424700778838271    0.01919087321563189      3.132123602936391   0.001801492331838225
                 608000       2.12288884583689    0.01918991582817072     0.3640057207291972     -2.150545333625943
                 609000      2.066984806606792    0.01918875492602779     0.4440527116747603     -1.951832139310867
                 610000       2.17315181632935    0.01918767815108074     0.4110016579045286     -2.029234282833977
                 611000      2.265797316987305     0.0191861236641657     0.6018215253232545     -1.647951617497084
                 612000       2.21342199486928    0.01918494260706334     0.4524523759147324     -1.933291598058505
                 613000      1.925417129053473    0.01918330034413471     0.6379194491930571     -1.589847694195503
                 614000        1.8740527285115    0.01918185323115804     0.5590917914123226     -1.721821487174632
                 615000      1.920586999434755    0.01918018110122156     0.6506192430530237      -1.57029773860602
                 616000      2.421608321827457    0.01917377131911839      3.024047554337836   -0.03420511041716569
                 617000      2.736568821392417    0.01916453369109677       5.80295825631976      0.617084636755584
                 618000      2.634523743050928    0.01915500553472131       7.41649130545726     0.8619255803310183
                 619000      2.402274388132434    0.01914969129220463      2.393116170162662    -0.2694616136625281
                 620000      2.600450296951706    0.01914041557545204       6.04336753741503     0.6564189318596136
                 621000      2.528943403260745    0.01913117850363178      6.015759639127711     0.6513574565785288
                 622000      2.539932785935266    0.01912208896248235      5.755881889910068     0.6067218641341913
                 623000      2.585122303741064    0.01911296616364005      5.877578487919429     0.6271672545528082
                 624000      2.210498131605261    0.01911176584699371     0.4712450908640781     -1.896417361434723
                 625000      2.203232362877042    0.01911052334907179     0.4885634284137125     -1.860391390914922
                 626000      2.168336599022106    0.01910941439321892     0.4344714611205819     -1.977788466986265
                 627000      1.875363308195884    0.01910794085247038     0.5837954340255657     -1.682445203852509
                 628000      2.609210228316355    0.01909869444338648      6.301612559582604     0.6960809792282137
                 629000      2.595278745006329    0.01908953607825361      6.122528207128057     0.6667708903595554
                 630000      2.665781466818526    0.01908143157171132      9.730118236056688      1.129597178773033
                 631000      2.526210367119064    0.01907231345388716       6.15892938477921     0.6717961250857312
                 632000      2.451771215990202      0.019064030272329      4.816950753801508     0.4255998696838033
                 633000      2.511442987092712    0.01905485172202319        6.5391578289861     0.7307855753459804
                 634000      2.655130058230919    0.01904618162769302      8.909285669657857       1.03961614628197
                 635000      2.426403868034221    0.01903964517961203      3.309097460661227    0.04885431315541221
                 636000      2.444073977526613     0.0190318354723692      4.395998231922066     0.3324632002916074
                 637000      2.575258915560858    0.01902299859653006      5.828077015482367     0.6139912403681806
                 638000      2.645587435440416    0.01901407837177011      8.246741251651413     0.9606532320129292
                 639000      2.332272347238829    0.01901136066626325      1.163063272066788    -0.9982505556997728
                 640000      2.669213847833224    0.01900375731300804      10.07882980479526      1.160729315819986
                 641000      2.665216415793407     0.0189959237175818      9.841848981900608      1.136523450824171
                 642000       2.68624633499666    0.01898936029553934      10.97396899052104      1.245060288559462
                 643000      2.639501545141684    0.01898042390671904      7.951427897823544     0.9224150874275645
                 644000      2.704317290383802    0.01897292725679314      10.17562878985998      1.168664046562848
                 645000      2.745294252718917     0.0189652244312582      4.493489627618587      0.350892046625402
                 646000      2.485784930242382    0.01895640841489726      6.298004894209198     0.6880303868505312
                 647000      2.492381378074201    0.01894755932329571      6.503762583809715     0.7197114338819882
                 648000      2.531638487879099    0.01893888538160643      6.042341722469707     0.6456643130413392
                 649000      2.556735693202163    0.01893046201007633      5.572929129468833     0.5643486006804004
                 650000      2.703347183564907    0.01892317104988205       10.2851196551229      1.176740747399221
                 651000      2.629773301536293    0.01891432702686749      7.312243859692635        0.8351253006332
                 652000      2.536165767728724    0.01890577740848709      5.975717320569374     0.6328271403841946
                 653000      2.665576465661177    0.01889820604982707      9.958868592042904      1.143185907307601
                 654000      2.493870060732502    0.01888951518380179      6.546530273519975     0.7231976337892433
                 655000      2.749379504856092    0.01888254579317773      3.981395846513074     0.2255259031598392
                 656000      2.615443984980136    0.01887388237480559      6.616647775348647     0.7330233825790409
                 657000      2.648709148950914    0.01886551361585177      8.697034298553087      1.005973099005888
                 658000      2.644641975031509    0.01885706241041331      8.462496733740778     0.9781871974551369
                 659000      2.707303218081975    0.01884952764389169      9.905181515583809      1.135201298313137
                 660000      2.543347344598749    0.01884124503150664      5.801010201739009     0.5997358643171983
                 661000       2.70419446268431     0.0188340784349151      10.28443480992177      1.171954918138843
                 662000      2.629885324188845    0.01882548701296373       7.50393439210728     0.8562945502814184
                 663000      2.733796881895815    0.01881709483922833      6.235693559754855     0.6707110038841101
                 664000      2.267913546213545    0.01881569971775895     0.6212517139168491     -1.635671892266062
                 665000      2.550886601827272     0.0188075677468342      5.689745939639407     0.5785803631560374
                 666000      2.747223530545771    0.01880040649574058      4.378402272045864     0.3162178092628386
                 667000      2.568017785046659    0.01879229789991461      5.720830298063091     0.5832164893562239
                 668000       2.69365710537665    0.01878600123469168      11.02109503591472      1.238578581912682
                 669000      2.562959445892246    0.01877793568554217      5.721210237753631     0.5825183476572917
                 670000      2.457561004940847    0.01877022832615687      5.151583312607951     0.4772315594891867
                 671000      2.462057027928028     0.0187623576894473      5.438141656393568     0.5309454450953288
                 672000      2.515345733628676    0.01875404451553564      6.556464380217653     0.7175163656591835
                 673000      2.439666939799586    0.01874724775968763      4.133427995139691      0.255809479000744
                 674000      2.659817924563061    0.01873969143939854      9.596429637625889       1.09769036565548
                 675000      2.464675339847294    0.01873179630088764      5.627225295620085     0.5634943326164576
                 676000      2.452741724195758    0.01872427528817562      5.051439861327605     0.4551495872339938
                 677000       2.65272370164009    0.01871645887976614      9.103266759202175      1.043692062159213
                 678000      2.777345712251658    0.01871374787314663       1.31734351656548    -0.8894689067181244
                 679000      2.540805320568499    0.01870574843694912      5.995517787369663     0.6254984720648625
                 680000      2.637670252965338    0.01869758515092639      8.100551933446999     0.9259820162742336
                 681000      2.660275144420331    0.01869024797322477      9.764314669970895      1.112391706431739
                 682000      2.520986844212148    0.01868214853541113      6.487431199402129     0.7030905252541473
                 683000      2.681381014554022    0.01867602502344139      11.05377079885526      1.235667673274087
                 684000      1.563156322571788     0.0186755374432819     0.2226593705598665     -2.669242214457748
                 685000      1.941588241022276     0.0186739781584816     0.7385405565196279     -1.470292810874795
                 686000      1.923372348215824    0.01867252369172875     0.6866038566259756     -1.543289221153954
                 687000      1.781926223584285     0.0186718258101411     0.3211654011885538     -2.303127835712773
                 688000       1.79295516150212    0.01867111084551326      0.329269622810074     -2.278245449104882
                 689000      1.801322017021237    0.01867035327782801     0.3494434961480165     -2.218821083541896
                 690000      2.431695175611728    0.01866403469915531      3.861901217392746     0.1834134372272804
                 691000      2.591385467551813    0.01865606497585626      6.284691090676725     0.6699434213635281
                 692000      2.522806650515539    0.01864799474720869      6.770715041961507     0.7440007583736467
                 693000      2.654694800139268    0.01864079600197336      9.827878502436194      1.116231042285122
                 694000      2.288384413999725    0.01863913951205159     0.7976670767221778     -1.395144883220018
                 695000      2.691733098255789    0.01863367839224275       11.5813372603747      1.280020993114666
                 696000      2.678962009109577    0.01862816677447155      11.55835512629921      1.277738778757427
                 697000      2.710764623741571    0.01862112079775346       10.0273938691815      1.135272635665267
                 698000      2.492613917816438    0.01861313936210209      6.828664071053331     0.7506522436598256
                 699000      2.377693085964521    0.01860970234372358      1.810504235879541    -0.5770560962828554
                 700000      2.575841279679221     0.0186019518908627      6.099305727881805     0.6370969029606539
                 701000      2.266983881862924    0.01860057891268513     0.6669535691661713      -1.57618670458391
                 702000      2.646941714324676    0.01859309570889181      9.269075622252018      1.055129408619945
                 703000      2.688822157402614    0.01858785635247439      11.77691976818211      1.294305585250571
                 704000      2.191839050890814    0.01858682747594764      0.497672276183893     -1.869704931152213
                 705000       2.57617450477048    0.01857912755877476      6.136215138835467     0.6419023393187759
                 706000      2.747659361915901    0.01857248983140175      4.440659959404742      0.318139887217204
                 707000      2.546712408806447    0.01856480600956301      6.189280587834152     0.6497419343640145
                 708000      2.678506460535735     0.0185594217044523      11.64453662516218      1.281470117287643
                 709000      2.632785866872799    0.01855162977687379      8.218093694537112     0.9325513530959864
                 710000      2.663842683069498    0.01854526811740154       10.7229957301396      1.198260675321656
                 711000       2.59420543741204    0.01853760547188055      6.356493802068411     0.6749337712288558
                 712000      2.242644506444906    0.01853657119125668     0.5112332122874751     -1.845528369094304
                 713000      2.504431503890265    0.01852877549405922       7.09760994376049     0.7847384932779877
                 714000      2.464670473478368    0.01852128927698153      5.985339527361499     0.6138893470794102
                 715000       2.69258965818307    0.01851632783120113      11.99004839439127      1.308385371343709
                 716000      2.513970139479962    0.01850858492267107      7.098864623793228      0.783824971216607
                 717000      2.392488464323904    0.01850471080972366      2.194504959754603    -0.3903627339615073
                 718000       2.44753584974648    0.01849782281025124      5.012219182051379     0.4351872445366945
                 719000      2.666354838459454    0.01849197167483171      11.19110054642323      1.238110980524645
                 720000       2.45897562509238    0.01848468480188202      5.760581132585777     0.5736363391519747
                 721000      2.423824966617905    0.01847921928210321      3.470452089514847    0.06658712709475985
                 722000      2.675917816348367    0.01847416783204556      11.90705783320586      1.299160180210704
                 723000      2.759628771624677     0.0184692921222728      2.985335813661449   -0.08452285365033121
                 724000      2.644366009017491    0.01846211937205397      9.399948002454861      1.062080626756487
                 725000      2.420330829896533    0.01845689694120963      3.297649128363227    0.01430338562459802
                 726000       2.29074782800538     0.0184552835395572     0.8435610499919431     -1.349116864648283
                 727000      2.514680742823407    0.01844769915993554      7.070254351983095     0.7764915492059221
                 728000      2.429300891259131    0.01844190383885867       3.86241960672646     0.1715747238491061
                 729000      2.588710899035072    0.01843450318803488       6.37069469909126       0.67158804129281
                 730000      2.482313226083406    0.01842702532809327      6.737878702499341     0.7272189354582066
                 731000      2.661520418327108     0.0184209473630808      10.85761867692993      1.204010914280388
                 732000      2.424154422728943    0.01841547855665981      3.595063044444185    0.09840850238744249
                 733000      2.766795584793606    0.01841165464451642       2.25383106543142    -0.3687292295093052
                 734000      2.491157372346768    0.01840418337824862      7.032430442528609     0.7687658045377305
                 735000      1.943045559189976    0.01840270576343159     0.7839692321112318     -1.425232360215793
                 736000      2.788999769538798    0.01840099968590164     0.9138643127374563     -1.272012741211308
                 737000      2.658577536562801    0.01839496195260616      10.85833193889348      1.202664963898924
                 738000      2.700326992451345    0.01838968438102059      11.65068555534745       1.27281033794691
                 739000      1.798619266243952     0.0183889749649566     0.3686593869021981     -2.180475395837879
                 740000      2.545809303040645    0.01838175134268824      6.246416496462496     0.6490217741531249
                 741000      2.396027807950065    0.01837777406805157      2.405294486441639    -0.3055302151815833
                 742000      2.550182637397343    0.01837058703299881      6.215974896323324     0.6435288670631311
                 743000      2.567815710554253    0.01836343513890693      6.165002420418014     0.6349054337609595
                 744000      2.572664808868759    0.01835626624035112      6.262176889141855     0.6501543090054529
                 745000       2.65846787845059    0.01835012022489265      10.66038019481882      1.181825647679216
                 746000      2.643364474244407    0.01834320735719649      9.443694572774934      1.060262050303359
                 747000      2.367721584086928    0.01834032388280986      1.673243427463465    -0.6704785206518162
                 748000      2.676057551700803    0.01833539244321784      11.93732465718933      1.294158660415988
                 749000      2.761592930369537     0.0183310224736795      2.772582170210971    -0.1659706431019595
                 750000      2.579762855251793    0.01832391588583361      6.329276937501452     0.6590485251582143
                 751000      2.511930159296149    0.01831665184695053      7.118025297904491     0.7760963620319034
                 752000      2.750646339831055    0.01831096921932421       4.04179835546739     0.2098454593630397
                 753000      2.689334650563557    0.01830625380032557       12.1140137674258      1.307261122015896
                 754000       2.30064599332516    0.01830464741080754     0.8952403937382953     -1.297852578158773
                 755000      2.653979054622693    0.01829836387246311      10.40013093717986      1.154285483933519
                 756000      2.587038996537577     0.0182913207932205      6.390420637933982     0.6668822052830835
                 757000      1.751423665843537    0.01829065735871462     0.3585482040502565     -2.213646327174341
                 758000      2.037610580311037    0.01828983191442875     0.4489152645316593     -1.988920419356609
                 759000      1.479923246597965     0.0182894064438245     0.2280211237460687     -2.666339559153398
                 760000      1.971666813883944    0.01828791036955668     0.8358322772308187     -1.367431667581268
                 761000      2.102650605646342    0.01828719442334479     0.3880338504070917     -2.134806205454094
                 762000      1.745181582066044    0.01828650887577299     0.3712028319916582     -2.179187642969388
                 763000      2.713956913461287      0.018279823433933      9.675331055345412      1.081032800719234
                 764000      2.553042035345046    0.01827286024714857      6.278712683764752      0.648237323025068
                 765000      2.369735172018287    0.01826997952959793        1.7265458970673     -0.642962490897118
                 766000      2.379099537915476    0.01826677987200618      1.951802204623236    -0.5205073063248851
                 767000      2.478794210404543    0.01825975523495017      6.587074666918297     0.6954642535074694
                 768000      2.445501626414972    0.01825351345950372      4.919854754259283     0.4032920261825287
                 769000      2.093888129933175    0.01825275542701999     0.4165909797990125     -2.065678913624169
                 770000       2.74263972843793    0.01824637984507435       5.15267972634057      0.449139048036051
                 771000      2.221814324217884    0.01824544574457675     0.5180454300506118     -1.848121399346224
                 772000      2.112979463371278    0.01824470398624442     0.4084204467384292     -2.085927845315836
                 773000      2.298310014957595    0.01824311741102417     0.9040548650786151     -1.291421910460337
                 774000       2.37929971376091    0.01823989297253364      1.989031376854554    -0.5030856703887973
                 775000       2.50771179767034    0.01823282107396383      7.188932489881002     0.7814214526845291
                 776000      1.929953878531978    0.01823150007055563     0.7474624998213779     -1.482264833532458
                 777000      1.998267313169592    0.01823022170624398     0.7223254236027632     -1.516543328414166
                 778000      1.911837100647907    0.01822900531694224     0.6858021792289298     -1.568496599309814
                 779000       1.96281647165057    0.01822748332291489     0.8693732294661106     -1.331396787330936
                 780000      2.161922222673229    0.01822668432843403     0.4433801544216679     -2.004785610561444
                 781000      1.685842005461275     0.0182260930553287     0.3255752379259969     -2.313652008866395
                 782000      2.465829969296212    0.01821930199273725      6.126407154323382     0.6207454884533931
                 783000      2.565997431098288    0.01821247646680307      6.270641094502214     0.6436409144979062
                 784000      2.617272882570888    0.01820546571863336      7.211095583922974     0.7829981941264731
                 785000      2.744280634373137    0.01819930808774981      4.958103481933423     0.4080623190856029
                 786000       2.30409411701254     0.0181976658354663     0.9529550428336279     -1.241238777964779
                 787000      2.387002914759833    0.01819422376972745      2.187818703715867    -0.4103353720385741
                 788000      2.453444980926878    0.01818777531007271      5.501184093283658     0.5113684786734921
