#! FIELDS time e sigma_e height
#! SET action OPES_METAD_state
#! SET biasfactor       2.698418390276557
#! SET epsilon     0.01374333274381851
#! SET kernel_cutoff       2.928208142815685
#! SET compression_threshold                       1
#! SET zed      0.1316804528054608
#! SET sum_weights       1202.535829310778
#! SET sum_weights2       2779.487587675305
#! SET counter  789
                      0      2.690405755765017    0.02787982104984288      1159.136865503913
                      0      2.504746007094067    0.02928575799005034      503.0457222403273
                      0      2.055743379847607    0.02528115766419111      4.748440622383121
                      0      2.175393041915909    0.02772960438816726      4.872184040549046
                      0      1.760563660161616    0.02606250734901297      3.004438257629845
                      0       1.86687949020501    0.02632462031838652      6.469072414881565
                      0      2.368182534715441    0.02610583148278915      43.96848456455789
                      0      2.581528592827177    0.02777194545442186      406.5844278102658
                      0      2.319394063311158    0.02536994299126089      14.12998197246287
                      0       1.98208283232423     0.0259877896729312      15.47059814790457
                      0      2.641117874835388    0.02587588925919616      563.8384972806655
                      0      2.456859392760994    0.02383864303229456      240.1464036541422
                      0      2.281587569217585    0.02354202580700378       12.3138485811156
                      0      2.739132343759517    0.02366034478610475      139.2115150717506
                      0       1.64588427849885    0.02461264224663301      1.109019220532927
                      0      2.413919748052496    0.02446607557685533      92.32897282280702
                      0      1.941971355755456    0.02277121231643259      9.252181611463941
                      0      2.219320550974098    0.02272888347342941      4.981528579566251
                      0      1.471027931503911    0.02354566499750146     0.3931864078115577
                      0      1.810514530157331     0.0247538366392409      2.276286709020129
                      0       1.70475184460122    0.02401173990098693      2.697276613417285
                      0      1.909654617769662    0.02259029115213108      6.356260300079658
                      0       1.58886251077501     0.0239130977207691     0.1792524616402968
                      0      2.102618765357198    0.02226182668761101      3.100585701759417
                      0      2.765710554828289    0.02005522561341984      13.29135619088769
                      0      2.132322880856572     0.0207001550041409      1.044365649700241
                      0       2.54135073202242    0.02063416738703487      105.7090882397176
                      0      1.563156322571788     0.0186755374432819     0.2226593705598665
                      0      2.242644506444906    0.01853657119125668     0.5112332122874751
                      0      2.788999769538798    0.01840099968590164     0.9138643127374563
