#! FIELDS time e sigma_e height logweight
#! SET action OPES_METAD_kernels
#! SET biasfactor       5.011348439085033
#! SET epsilon    0.001910020759284688
#! SET kernel_cutoff       3.538542402811424
#! SET compression_threshold                       1
                   1000      2.630595816231578    0.06321896844457647   0.006322704301097473     -5.011348439085033
                   2000      2.396629054619179    0.06305404047490903   0.006339242349656035     -5.011348439085033
                   3000      2.439106997940272    0.05516890698305624     0.9167848270447885    -0.1708275299990194
                   4000      2.553848782627396    0.05242959320980992     0.3576389828012823     -1.163104603713656
                   5000      2.690325001422048    0.05185393505337427    0.07331622976128246     -2.758887016429075
                   6000      2.623865901063945    0.04919421201156327     0.5609042555307208    -0.7767736432135706
                   7000      2.687727134668272    0.04694591906956431     0.7238468085792739    -0.5685237804666495
                   8000      2.703950579385345    0.04527356350107672      1.301749022646583    -0.0179125249981254
                   9000      2.501455870187159    0.04382150605843332     0.8557317684137606    -0.4700181660463951
                  10000      2.445972154060548    0.04259602366374887      1.245984999418546    -0.1226572732270303
                  11000      2.288157374020555    0.04254414284244283      0.025061232615661     -4.030235514349625
                  12000       2.67901445027853    0.04180643001235908      1.852389102441164     0.2551818061918913
                  13000      2.389068431824507    0.04090869961854539     0.9297475732105794    -0.4558439735148589
                  14000      2.514048558930359    0.04006371553164535      1.365827131897707    -0.0921132845649168
                  15000      2.576330436863377    0.03932948285318452      1.086856514554277    -0.3390805266834209
                  16000        2.2723474913712    0.03926955650723953    0.05561083202069985     -3.313272263304422
                  17000      2.606203979808076    0.03861851444046096      1.558958307745092   0.003405094741311003
                  18000      2.679787108897408    0.03818796017878479      2.168621887400007     0.3222676160213744
                  19000      2.756754507666435     0.0377065422400055     0.8630585164646406    -0.6117837329345819
                  20000      2.697665990240168    0.03749947106123725      2.723378697803888     0.5318555433865043
                  21000      2.709214103314065    0.03730448085343613      3.040983528796784     0.6369498796348648
                  22000      2.193393290318984    0.03729298892278986    0.01979587553614251      -4.39782088701218
                  23000      2.360374114984577    0.03698866677836049     0.6554566999098168    -0.9061560343291194
                  24000      2.150571474875707     0.0369764696966999    0.02194703242407946     -4.303186151707302
                  25000      1.790065600474093     0.0369704481944467    0.01081173919215591     -5.011348439085033
                  26000      1.594456357677554    0.03696443013787091    0.01081349941564369     -5.011348439085033
                  27000      2.044089614939634    0.03695815043060061    0.01129369996698376     -4.968068592947294
                  28000      1.965384218373669    0.03695107039721052    0.01274884898285098     -4.847064233753748
                  29000      1.791827015999561    0.03693547374503109    0.02825146586533315     -4.051782058568477
                  30000      1.921350182248603    0.03692364069774481    0.02142729976826874     -4.328582026850601
                  31000      1.978812082509048    0.03689956501944907    0.04398326503816231     -3.610090856789171
                  32000      1.947767771378049    0.03684939731034319    0.09343582558315451     -2.857985734673056
                  33000      1.652271050934363    0.03684042319638606    0.01639701098089566     -4.598405081510818
                  34000      2.420624618061147    0.03639480465768118      2.155141974155292     0.2679380757134248
                  35000      2.222770738709529     0.0363568969941202    0.07819596207592992     -3.049497906372126
                  36000       2.53167696506517    0.03595333436955681      2.301503191444661     0.3214397387946932
                  37000      2.255986013624168    0.03588147517484141     0.1686322939266977     -2.294158121830064
                  38000      2.144228707299752     0.0358540910589306    0.06275914239797174     -3.283337901675594
                  39000      2.723926956472559    0.03615594564556638      4.643211275236117      1.028903056419844
                  40000      2.271146787093252     0.0360559165687948     0.2730726028965116     -1.807291165248783
                  41000      2.541056020826511    0.03566482907468869      2.700285562530155     0.4731779922917529
                  42000      2.279160126952287    0.03553129217054807     0.4198842225398017     -1.391707050739617
                  43000      2.518773573932587    0.03524015976985663      3.390951128089004     0.6889522233981008
                  44000      2.641057254134448    0.03490849979232465      3.033989603469909     0.5682642386376058
                  45000      2.626839490857876    0.03462340383576787      3.442114890876535     0.6862713789532888
                  46000      1.876868943631578    0.03461277815959346    0.04010186025583157       -3.7664541926919
                  47000      2.484568769024533    0.03430646371172887      3.096562027551857     0.5712816933013501
                  48000      2.714063072375282    0.03421945186040075      4.884264612975032      1.024468422348923
                  49000      2.468121299252024    0.03391865852308945      2.906220317591154     0.4964740766609775
                  50000      2.693624248393315    0.03387624432585629       5.54429432614965      1.141138798780492
                  51000      2.554172858563783    0.03359204486089172      3.057168943696224     0.5374340225432872
                  52000      2.722009376375801    0.03347624160969261      5.481343952284218      1.117841736981832
                  53000      2.055441127530872    0.03347177042890387    0.02646095233136715     -4.215727281987965
                  54000      2.412719344568293    0.03326334690235252      1.710172114936419   -0.05329444760775331
                  55000      2.247600340174863    0.03321132619275172     0.3363654851409896     -1.681010550892323
                  56000      2.512278486064637    0.03296463210642302      3.727029285850947     0.7167021483749076
                  57000      2.456732178075974    0.03272405542503406      2.985177564856324     0.4874251159293673
                  58000      2.335446999837937    0.03264753490166543     0.5787086818115358       -1.1555312783132
                  59000      2.294397221640465    0.03257832923029637     0.5241816984149049     -1.256614144494686
                  60000      2.450601926202129     0.0323525564922603      3.307774308990199     0.5786240306530752
