#! FIELDS time e sigma_e height logweight
#! SET action OPES_METAD_kernels
#! SET biasfactor       5.011348439085033
#! SET epsilon    0.001910020759284688
#! SET kernel_cutoff       3.538542402811424
#! SET compression_threshold                       1
                   1000      2.629599529349101    0.06321896844457647   0.006322704301097473     -5.011348439085033
                   2000      1.891430347439133    0.06305404047490903   0.006339242349656035     -5.011348439085033
                   3000      1.539960369539634    0.06289061590264555   0.006355715204224208     -5.011348439085033
                   4000      2.812751331734579    0.06207382056034663    0.03358594541542511     -3.359667821973171
                   5000      2.466301251414097    0.06117933591231497    0.03933274537757041     -3.216232969535668
                   6000      2.665343879103073    0.05517331373928671     0.5220568016028639    -0.7338440542774619
                   7000      2.070783911219952    0.05505198567394065   0.009566968709543858     -4.735505502289504
                   8000      2.035982848527203    0.05347552018307215     0.1478974820300539     -2.026356513931268
                   9000      2.198826777425363    0.05307420477836304    0.03790307311753385     -3.395376623010133
                  10000       2.37515087922365    0.05136235531835606     0.2014721524714212     -1.757543153170069
                  11000      2.504831365787446    0.04867879752071332      0.532034283096407     -0.840148345925012
                  12000      2.659681706974562    0.05001288313294516      2.614927384625692     0.7791724010213668
                  13000      2.545050646497339     0.0474877913397656      1.459506654622756     0.1442265621799784
                  14000      2.474964576887157    0.04554416568472129      1.841834462997646     0.3351000330398186
                  15000        2.4796917718359    0.04445108671106052       3.07554755195044     0.8235277984634459
                  16000      2.277906150225014    0.04433940941521014    0.08157780215179712     -2.808668764054221
                  17000       2.75815500489037    0.04365813428561072     0.5980999434976114    -0.8319523542226243
                  18000      2.619872968167817    0.04243495250780992      2.236766993468483     0.4586593288335076
                  19000      1.710789184868849    0.04242457343803095   0.009927814158590545     -4.959031755819979
                  20000      1.762367575474491    0.04240281970717005    0.02089984669036643      -4.21514315509523
                  21000      1.847083526604042    0.04237535507074532    0.02649239488253585     -3.978675190048848
                  22000      1.870477628275658    0.04230403033543897    0.06991373709991743     -3.009955324927392
                  23000      1.682189722526465    0.04226907185336699    0.03415871782782004       -3.7270263505386
                  24000      1.863808667162503    0.04210554814842434     0.1670042288697801     -2.143901189530902
                  25000      1.931676472358867    0.04194583687127452     0.1660069432521953     -2.153691039169056
                  26000      2.154573269358923    0.04185895633499499    0.08978272228544491     -2.770401502141621
                  27000       1.88982435379089    0.04148216283691523      0.438301806357799     -1.193928588823507
                  28000      1.671858246861392    0.04140128165401022    0.08807123054432792     -2.800642077962156
                  29000      1.825133973780148    0.04104803352982672     0.4323412778993228     -1.218141639221042
                  30000       1.53234158018696    0.04102580275755709    0.02496249441403212     -4.070524161930797
                  31000      2.240020143271461    0.04087426240831851     0.1788462584923953     -2.105072711527544
                  32000      2.677514800001043    0.04032947833868573      3.517436765063977     0.8604706443653624
                  33000      2.581643628649453    0.03962100999321068      3.144753346840014     0.7307504307266394
                  34000      2.342435448014099    0.03946347631830439     0.2759015557036952     -1.706680127361416
                  35000       2.64806731999107    0.03946534824024817      5.348158475771556      1.257830756444758
                  36000      2.725841647895393    0.03878406251241107      2.596744043954411     0.5179232095020495
                  37000      2.332406844515658    0.03862812783385879     0.3777727429053647     -1.413826324171839
                  38000      2.696027723077441    0.03820286367987635      4.789384397634334      1.114967800946919
                  39000      2.687491109760246    0.03788772170901958      5.627012516138854      1.267861196666066
                  40000      2.711097966800497    0.03744798788658674      5.253457791423905      1.187494905044599
                  41000      1.852574320761074     0.0373326501619752     0.4307264375040926      -1.31675838515884
                  42000      2.185246039226423    0.03729621769503371     0.1315709716776955     -2.503661507370784
                  43000      2.057468499322349    0.03726741693457514     0.1040203879387927     -2.739393519139965
                  44000      1.990611324810402    0.03722996522399812      0.136439490027769     -2.469104667565301
                  45000      1.976318140604365    0.03717235578606028      0.213442094727882     -2.023168903400323
                  46000      1.958459451355793    0.03708842678572586     0.3185201150941541     -1.625109238003053
                  47000      2.135293658033967    0.03705127516727271     0.1384233884601867     -2.459480051913737
                  48000      2.586209120686424    0.03659499912088493       2.84874145301682     0.5524443341241574
                  49000      2.036804275926331    0.03653907180465481     0.2289352153761345     -1.970278631506262
                  50000      2.454762690226078    0.03624906139935084      1.482604369477465    -0.1101308232800196
                  51000       2.37859926939472    0.03613177859399943     0.5289312288546162     -1.144068648391771
                  52000      2.351582989925668    0.03600352206681969     0.5938050662826145     -1.031931978082952
                  53000      2.675227961922489    0.03576221202666884      6.133848293341456      1.296369577032354
                  54000      2.744757095937646    0.03537890637738133       3.34240816046485      0.678462768589536
                  55000      2.642807761453633    0.03506285949126028      5.436653088198645      1.155961504267826
                  56000      2.524305253184357    0.03480309981049057      1.968312651473308     0.1325385492359702
                  57000      2.661977928227406    0.03459619750159961      6.657787508077464      1.345186438369851
                  58000      2.735799275948548    0.03427464886446249      4.295230165348087     0.8975665616576285
                  59000      2.714380095210869    0.03402788930392698      6.252181326594953      1.265766314911299
                  60000      2.490279359522225    0.03383021344921506      1.881264595158517    0.05895393772477951
                  61000      2.415702428335209    0.03372342781468714      0.911268775760283    -0.6690691704858353
                  62000       2.57157059554775    0.03348624542378059      2.702021540374527      0.410790419448851
                  63000      2.442955025609875    0.03332834913837501      1.562059294887107     -0.141931190358746
                  64000      2.626146745954707    0.03307759151006974      5.139607360886619      1.041488184860478
                  65000      2.237073737608474    0.03306084276339076     0.1485839383463751     -2.502600217256935
                  66000       2.64630798236718    0.03287816730958967      6.787937508377922      1.313611408791939
                  67000      2.388949897510584    0.03279704266535168     0.8410468913772258     -0.777114077411038
                  68000      2.246428939737001    0.03277829496495865     0.1811215878366013     -2.313164721991082
                  69000      2.542877791740079    0.03258781648366649      2.562997740392229      0.330771494557559
                  70000      2.307420969983116    0.03255304211407242     0.3552668121488222      -1.64635992649525
                  71000      2.338266451699147    0.03249065327673062     0.6660221859286295      -1.01982440252542
                  72000      2.197585280121282    0.03247131243155339     0.1965221164690859     -2.240967859105063
                  73000      2.509698531115268    0.03228891463523808      2.596542301782728     0.3345600849697269
                  74000      2.709186922592902    0.03212172545707309      6.720089455905714      1.280289510837787
                  75000      2.671910764952834    0.03200608241423249      7.880354954869587      1.435954345849845
                  76000      2.393844700063112    0.03192884763053606      1.006769344476196    -0.6240881112991102
                  77000      2.683640594432531    0.03181740062102385      8.176387023661189      1.466919136145387
                  78000      2.483928655833679    0.03167526534129555       2.34650318273973     0.2141177535732338
                  79000      2.483977048540082    0.03152679526202526      2.601782493466255     0.3126900497952194
                  80000      2.485453330159989     0.0313727375246786      2.886387403131917     0.4116004085248944
                  81000      2.597313258413154    0.03120108327090943      3.833592628450215      0.689910638829927
                  82000      2.720625233523676    0.03103786332794807      6.296614355289699      1.180875379661432
                  83000       2.60520403776201    0.03086981349355701      4.544218619566995     0.8492900265628006
                  84000      2.661915365043523    0.03075803878278568       8.01383823188262      1.412976648016103
                  85000      1.477906917981987    0.03075688391258874    0.01831246859039852     -4.668403833354414
                  86000      2.118012575988187     0.0307495593014562     0.1173547115253285      -2.81102310788092
                  87000      1.700881675797135    0.03074615354323859    0.05427173510116194     -3.582331383591625
                  88000      2.331959396364477    0.03070790359430456     0.6493994573266888     -1.101531749661079
