#! FIELDS time e sigma_e height
#! SET action OPES_METAD_state
#! SET biasfactor       5.011348439085033
#! SET epsilon    0.001910020759284688
#! SET kernel_cutoff       3.538542402811424
#! SET compression_threshold                       1
#! SET zed      0.1330996382928958
#! SET sum_weights       99.25142723335929
#! SET sum_weights2       263.6896637990488
#! SET counter  89
                      0      2.659393597152311    0.03953012135185101      68.47208309412918
                      0      1.869746661081469    0.04370007427191746      1.138777847063781
                      0      1.533887736749446    0.04640698435667072    0.03131820961825633
                      0      2.714396729370539    0.03912333346210856      45.80480810166785
                      0      2.574954337802095    0.04521878388292894      23.63551166321084
                      0      2.041602398634136    0.04392739553848082     0.4904200540545249
                      0       2.17392198761506    0.04558819813118932     0.5942022720099469
                      0      2.356199105115387    0.04207659927941301      4.134351280850256
                      0      2.481294844158687    0.03971286015831498       20.2745256555918
                      0      2.246482520517567      0.039427260490974     0.5901295868271688
                      0      1.684273454518305    0.04122498574011842     0.1864294976319004
                      0      1.762367575474491    0.04240281970717005    0.02089984669036643
                      0      1.962956553365039    0.04275921308848533     0.8344086431020005
                      0      1.825133973780148    0.04104803352982672     0.4323412778993228
                      0      2.404229407787773    0.03456257053440975      1.918038120236479
                      0      2.307420969983116    0.03255304211407242     0.3552668121488222
                      0      1.477906917981987    0.03075688391258874    0.01831246859039852
                      0      2.118012575988187     0.0307495593014562     0.1173547115253285
