#! FIELDS time e sigma_e height logweight
#! SET action OPES_METAD_kernels
#! SET biasfactor       2.698418390276557
#! SET epsilon     0.01374333274381851
#! SET kernel_cutoff       2.928208142815685
#! SET compression_threshold                       1
                   1000       2.71243734899171    0.06053155025577301    0.06672079877255445     -2.698418390276557
                   2000      2.446331371234888    0.05920511112449938    0.06821562036279934     -2.698418390276557
                   3000      2.714638905261559    0.05331148711222157      1.126878934699899   0.001259070442840869
                   4000      2.728365228167827    0.05026727844838674      1.753827708568636     0.3848104367328122
                   5000      2.600802607435683    0.04907616414656945      0.315222688690402     -1.355447042259724
                   6000      2.456093805270892     0.0482396554248623     0.2363714053934607     -1.660514112101486
                   7000       2.37456551395552     0.0473826433346039     0.2675346359428529     -1.554594815822432
                   8000      2.741686946013737    0.04619370096696523      2.411096723406338     0.6185805998052631
                   9000      2.571103475699616    0.04533744611875789     0.4580757611661743     -1.060931937215872
                  10000      2.652495961142715    0.04384874046500989      1.424639876625292    0.04032049609087449
                  11000      2.682743755151833    0.04270856384783309      2.259365358198307     0.4751388552923638
                  12000      2.563640823309557    0.04200991622161137     0.6891005063591307    -0.7288070170984975
                  13000      2.258814333924294    0.04188157435532914     0.1098059607992703     -2.568539048460647
                  14000       2.43111342353575    0.04141226220223589     0.4671589685111604     -1.131853212359438
                  15000      2.526061534580768    0.04075502522554195     0.7902044722336251    -0.6222289531185692
                  16000      1.913029172931917    0.04065500157274831    0.09934111985653964     -2.698418390276557
                  17000      2.468512366516685    0.03999891178020889     0.9189322446647393    -0.4900352005593054
                  18000      2.309424467023065     0.0397506510073575     0.2930408300283904      -1.63916167175316
                  19000      2.539821751033505    0.03904090521921966      1.472178802030976   -0.04299113227731183
                  20000      2.473853147090379    0.03839600697550443      1.550252453099266  -0.007973302412079452
                  21000       2.65878184385291     0.0378938336264193      2.436789410740746     0.4311251930689993
                  22000      2.712825437409567    0.03752671899027465      2.952701528934998     0.6134291472576431
                  23000      2.658252880888589    0.03710008349251032      2.841207063171472      0.563503641980954
                  24000      1.999655651876853    0.03704301642469043     0.1194827375572383     -2.606848092441494
                  25000      2.461038253754857    0.03657833335533451      1.683890882123141    0.02621863494783165
                  26000      2.693979024540338    0.03634098694629775      3.597597372081725     0.7788678850632811
                  27000       1.84615367944399    0.03628806289867249     0.1360618918774451     -2.497501130232284
                  28000      1.812123062597184    0.03621220539791847     0.1996765751312609     -2.116004680264319
                  29000      1.970613798639523     0.0361276681473913     0.2263152709916026     -1.993111807202497
                  30000      1.809489944095701    0.03600162931860743     0.3531210998458427     -1.551724587766699
                  31000      2.096194445449806    0.03595955705061379      0.112312656641505     -2.698418390276557
                  32000      1.697572739799487    0.03591766275078699      0.112443657930323     -2.698418390276557
                  33000      1.890983955835956    0.03580604271743844     0.3184193548982094     -1.660613930931678
                  34000      2.089325186556698    0.03572286424017778     0.2354192488940366     -1.964940940029607
                  35000      2.566698550379511    0.03534484933498667      1.817431010618928    0.06823208600618699
