#! FIELDS time e sigma_e height
#! SET action OPES_METAD_state
#! SET biasfactor       4.240371756148875
#! SET epsilon    0.003891431002318289
#! SET kernel_cutoff        3.33135957893421
#! SET compression_threshold                       1
#! SET zed      0.1195160104984712
#! SET sum_weights       95.41478829031784
#! SET sum_weights2       222.8321790923463
#! SET counter  108
                      0       2.48931208554021    0.04575689056302919      28.40672425252326
                      0         2.700456936683    0.04201238766714411      64.71716002404304
                      0       2.30183139027703    0.03758746187537054     0.7631373738462547
                      0       2.55580040073199    0.04048195749457317      25.56380017898996
                      0      2.341032990113343    0.03563060689902745      2.768418526636163
                      0      1.916497962783882    0.03701311632687256      2.091589019209295
                      0      1.576985752509805    0.03450550620049247     0.1683017575047596
                      0      2.068009303059034    0.03396032338893702       1.08453521030849
                      0      1.824921130264248    0.04314513227907081     0.5477637499337433
                      0      1.978179047986591    0.03522737590252921      2.222915911602929
                      0      1.663449933896318    0.03914659857817494     0.5819997697774419
                      0      2.132835973200977    0.03301608753462864     0.1543950483036969
                      0      2.216614886889698    0.03448712686670556     0.7905390097651904
                      0      2.027653518420835    0.03730301462530813     0.7037541402361884
                      0      1.424752748856601     0.0378029932668755    0.02294735125579557
                      0      1.479163609133125      0.037014509763869     0.1007257933765846
                      0      2.622463053426934    0.03829200145677599      25.37825879100848
                      0      1.751247100643638    0.03304921142756165     0.4847928221409331
                      0      2.429299715386938    0.03496483434209056      7.880112516493786
                      0      1.708908128963766    0.03027309425933716     0.4007339857206881
