#! FIELDS time e sigma_e height logweight
#! SET action OPES_METAD_kernels
#! SET biasfactor       5.011348439085033
#! SET epsilon    0.001910020759284688
#! SET kernel_cutoff       3.538542402811424
#! SET compression_threshold                       1
                   1000      2.506212448457871    0.06321896844457647   0.006322704301097473     -5.011348439085033
                   2000      2.686671038649091    0.06230377343718132    0.03697794172625674     -3.259756283126076
                   3000      2.332903192641349     0.0618146545613818    0.02054693825622691     -3.855247436148731
                   4000      2.482414004996383    0.05602250101296951     0.4386978547499737    -0.8925355092233968
                   5000      2.695018660387597    0.05287154495790827     0.3317435391008982     -1.229872351740294
                   6000      2.640229162527403    0.04951832607786144      1.034640804420372    -0.1579474197554631
                   7000      2.673010472409883    0.04823958483720828      1.943606567340537     0.4463806864666919
                   8000      2.335826123810567    0.04798056924954582    0.07307170414033179     -2.839862511998376
                   9000      2.259636645564282    0.04774432891638254    0.06810239684526519     -2.915227138977995
                  10000      2.605971198684383    0.04608863896276474      2.081138482188092     0.4691370052635765
                  11000      2.685932324533956    0.04467011171285195      2.343959365197517     0.5568016098840817
                  12000      2.433788868798719    0.04423255255030716     0.2812042632496723     -1.573557519414595
                  13000      2.166843985297104    0.04419372707457257    0.02359815682276587     -4.052348375330856
                  14000      2.706533476627826    0.04318318807945071      2.825920153734684     0.7099407221560899
                  15000      2.640446735301395    0.04239607423547018      3.427025550230939     0.8844039053756299
                  16000      1.670430424448116    0.04238693214249509   0.009430143289250563     -5.011348439085033
                  17000      2.067516270327648    0.04237563348623684    0.01167332474434885     -4.798220023676554
                  18000      1.860527134512973    0.04236650685496691   0.009434689649156381     -5.011348439085033
                  19000      1.754331010865387    0.04235483808299344    0.01208332047184076     -4.764191157950008
                  20000      1.958623892568734    0.04234398828621429     0.0112465708631623     -4.836210113260077
                  21000      1.668808779569889    0.04231737159854708    0.02775017502640216     -3.933660015937478
                  22000      1.979768745476249    0.04229018503451271    0.02843039089977541     -3.910086139235875
                  23000      1.755006483440754    0.04225525689176293    0.03671784600939884     -3.655108167510362
                  24000      1.912650393713524    0.04221806159564432     0.0392758686475724     -3.588641410873169
                  25000      1.491784734982279     0.0422090538705324   0.009469883995066847     -5.011348439085033
                  26000       1.90239307534315    0.04212234153203692    0.09343518522484519     -2.724253573790161
                  27000      2.692046982958867    0.04259545943928406      5.964988651570045      1.443310252485384
                  28000      2.376015847235527    0.04240974056019017      0.272208862426757     -1.648152126958522
                  29000      2.475597988946235    0.04204894174127698     0.5751292305574638     -0.908670857437188
                  30000      2.621626631879737    0.04126008917025507      4.897652283540298      1.214307071088933
                  31000      2.725200856448855    0.04041894079082187      4.490952828936022      1.107018834918708
                  32000       2.66409490876291    0.04010905157758544      7.134593324887274       1.56221272383684
                  33000      2.271374491994747    0.04007451501681254    0.09308689217748921     -2.777825863237547
                  34000      2.163656215573585    0.04006032193291106     0.0381026454045709     -3.671429761817362
                  35000      1.986803783034566    0.04003953963615919     0.0560250836906017     -3.286432870927711
                  36000      2.465650578261448    0.03983147898089708     0.6097073426146291    -0.9044632365280213
                  37000      2.446575007247858    0.03957971503086934     0.7753900404429981    -0.6704169201397612
                  38000       2.48982487474243    0.03929051918451779     0.9421178227937574    -0.4829862495262094
                  39000      2.386797059970011    0.03912935555717971     0.5093652942295598      -1.10206144485449
                  40000      2.643792935183956    0.03864015570154732      6.578965649430657      1.443825013502708
                  41000      2.315255999396963    0.03858303393297564     0.2049350712662203     -2.026593993332945
                  42000      2.680165707271955    0.03816993164837193      7.389170625691167      1.547719013208934
                  43000      2.549418349302125    0.03792565636233223      1.150536431278722    -0.3184884346889682
                  44000      2.483247801109183    0.03769297637109484      1.127690876897653    -0.3446987180636149
                  45000      2.686839707027666    0.03730286449023431      7.587064787680695      1.551170353084849
                  46000       2.70478746379663    0.03686376242803568      7.132496989005832      1.477545840232702
                  47000      2.200471456991174    0.03685334962515939    0.05796333286912322     -3.335342709063922
                  48000      2.301520900723596    0.03681774567691455     0.2015400574851409     -2.090131734696775
                  49000      2.530500701664488    0.03665611484095184      1.005277033685765    -0.4875011446447203
                  50000      2.556956540844542    0.03642901296482813      1.536171557497018   -0.06968572602203237
                  51000      2.136778416589691      0.036421385925526    0.04489415506959825     -3.602636104009646
                  52000      2.679826794396244    0.03611860863727424      8.517188758012168       1.63454997343534
                  53000      2.058571346901832    0.03611428220948742    0.02842622371440469     -4.068099335685639
                  54000      1.764249086598067    0.03610887348170437    0.03558222855513528     -3.843714887924892
                  55000       2.05615173025424    0.03610265124362023     0.0409840669509146     -3.702550156688378
                  56000      1.880303423754858    0.03609288755917127    0.06451389719117109     -3.249123354876349
                  57000      1.953365704744112    0.03608181005145605    0.07335018120257972     -3.121066004576132
                  58000      1.540947779626829    0.03607973010848417    0.01370864594597964     -4.798341901673965
                  59000      2.691931568807542    0.03576404597588238       8.59297911927078      1.633544012543868
                  60000       2.23340295089923    0.03574957208863501     0.1067572919130059     -2.755003583590145
                  61000      2.588478143607107     0.0354567311805643      2.922361393269592     0.5463605366723078
                  62000      1.967220809976863    0.03544482929855539    0.09175274459029793     -2.915025057583602
                  63000      1.561981728925547    0.03544239718256163    0.01864676868117353       -4.5085182071481
                  64000      1.761585912313602     0.0354362023117328    0.04764217596340863     -3.570647460877486
                  65000      2.345118514760599    0.03539774223999805     0.3034262830906216     -1.720313109954909
                  66000      2.117412672772141    0.03539100021220283    0.05217193969124892     -3.481097488133214
                  67000      1.810857184334296    0.03538508386588495    0.04579391362558552     -3.611658277563838
                  68000       1.78281098977611    0.03537585195230997    0.07168924012553075     -3.163729733713293
                  69000      1.931317613748746    0.03536004630114398     0.1234964937010693     -2.620304529433621
                  70000      2.061498216096575    0.03535219847255622    0.06107460687988808     -3.324643078764685
                  71000      1.943263696461524      0.035331312098833     0.1643377926908652      -2.33540622109025
                  72000      1.616658605131573    0.03532830713752977    0.02338720995745479     -4.285226006785564
                  73000      2.385458879698362    0.03526374911783038     0.5280304233396536     -1.170090440090429
                  74000      2.487321690237221    0.03512151807622618      1.265196061729574     -0.300303469304907
                  75000      2.489042523333009    0.03496130754992908      1.488679205958605    -0.1422133229363495
                  76000      2.447339606063334    0.03481729898215106      1.348554350975407    -0.2451970342150128
                  77000      2.562513034623481     0.0346032404583542      2.265587934914893     0.2674370694873404
                  78000      2.481681967344512    0.03441537135786333      1.989903813326381     0.1322450467078961
                  79000      2.507465163497772    0.03421567762505134      2.238838080912372     0.2442964043078319
                  80000      2.274749795741065    0.03419070912908315     0.2326034110455093      -2.02081099210198
                  81000      2.172650624697351    0.03418063465850595    0.09287586675581701     -2.939176760071291
                  82000      2.666094650691783    0.03399421204878077      9.375535799404883      1.669949436203129
                  83000      2.700833535151895    0.03377940567997958      9.172063370035511      1.641669029206413
                  84000       2.54382928967751    0.03360623827765995      2.330742588380164     0.2665540747998783
                  85000      2.003456499542838     0.0335962213225097     0.1115709692902248     -2.773025356899802
                  86000      1.665032692151857    0.03359309106452955    0.03467324171320794     -3.941811161164638
                  87000      1.854506487249309    0.03358531462114722    0.08657513194353275     -3.026998320297903
                  88000      2.452249406605565    0.03343246097055827      2.060345041832318     0.1380562159425271
                  89000      2.124011371915893    0.03342437806700966    0.09221046097822891     -2.968740741450083
                  90000      2.572704736539827    0.03321480622383081      3.332287731331249     0.6123102593995857
                  91000      2.464560482454727    0.03304181624852875      2.629933433070128     0.3703878913718901
                  92000      2.394804944082845    0.03297079143782631     0.9325524298718189    -0.6685524046207274
                  93000      2.243648973257872    0.03295467945395832      0.199579416946498     -2.210754336477622
                  94000      2.597842986342183    0.03272735602474564      4.557576014166782     0.9106576479761567
                  95000       1.69900383653847    0.03272332802642176    0.05143535672952497     -3.573685812243653
                  96000       2.58115271804339    0.03250704680826753      4.462208637603945     0.8827561821612012
                  97000      2.226143595869896    0.03249173901154641     0.2063315638293452     -2.191629560407484
                  98000      2.565281622516082     0.0322859773308354      4.372567065658928      0.855638701228005
                  99000      2.388798388636341    0.03222192846658097     0.9640600383951394    -0.6582990389917976
                 100000      2.467819438896765     0.0320653825196404      2.918248868150795     0.4444161935130453
                 101000      2.417115348849438    0.03196020140515816      1.779366454287727   -0.05359576316509704
                 102000      2.638650312474887    0.03178015135652357      8.029937525002268      1.447674109239036
                 103000       2.33424888968021    0.03174894187590967     0.4989941363502415      -1.33164609828253
                 104000      2.371262504365658    0.03168442806323141      1.095611966695237    -0.5472061494692353
                 105000      2.433040647164044    0.03155785392211223      2.505719969844088     0.2760540378634047
                 106000      2.306912878648252    0.03153158341962472     0.4323648313086936     -1.481840400687993
                 107000      2.544901754820715    0.03137067321030373      3.792656075597078     0.6845955052161111
                 108000       2.45526131837411    0.03122897878844453      3.204525741377597     0.5115660136547948
                 109000      1.758975501328844    0.03122382525001654    0.08706035656051432     -3.094316776309525
                 110000      2.058318114103783    0.03121881883327818    0.08461978194989096     -3.122910692014749
                 111000      2.491946083550372    0.03107298892127418      3.514863839259359     0.5989951436059014
                 112000      2.513505047588378    0.03092637500225235      3.721725756348901     0.6514522912576172
                 113000      1.847521482325106    0.03092127902514279    0.09089627679149127     -3.060936211759936
                 114000       1.53711916018404    0.03091979567218556    0.02632614286966142      -4.30014075485031
                 115000      2.015780282032706    0.03091322299510797     0.1176299176420922     -2.803372415363249
                 116000      1.627060365620767     0.0309110379171168     0.0388692795318132     -3.910782297575473
                 117000      1.623032329222337    0.03090827816261942     0.0491525886143401     -3.676146278633988
                 118000       1.90394027469526    0.03089968233143765        0.1546099187967      -2.53044864598878
                 119000      1.561791740100745    0.03089752454255685    0.03845866797609175     -3.921839666847143
