#! FIELDS time e sigma_e height
#! SET action OPES_METAD_state
#! SET biasfactor       5.011348439085033
#! SET epsilon    0.001910020759284688
#! SET kernel_cutoff       3.538542402811424
#! SET compression_threshold                       1
#! SET zed      0.1195354187771913
#! SET sum_weights       112.0816686587698
#! SET sum_weights2       346.3024585545031
#! SET counter  120
                      0      2.474049121712789    0.03917254843312324      27.41534857219978
                      0      2.687063510380387    0.04164015027782986      83.87388262601465
                      0      2.390687789191313    0.03960196438311311      6.478240394733072
                      0      2.296053254791099    0.03997709900120301      1.232632660128318
                      0      2.628594319524433    0.04118414053837863      29.57229550455903
                      0      2.177980686730019    0.03982963057491128      0.212540001852277
                      0      1.680468032617384    0.03941126938973884     0.1232889167583856
                      0      2.059288260110113    0.03462248077644569     0.2267780042394472
                      0      1.907331694382545    0.04018481792133703     0.4847660532105144
                      0      1.765230866911767    0.03706881381624476     0.2907751676858286
                      0      1.958762147701659    0.04003779593239156     0.4251427639372822
                      0      1.491784734982279     0.0422090538705324   0.009469883995066847
                      0      2.563948334886899    0.03732577710453809      27.17039644921736
                      0      2.125220706842258    0.03540258661436102     0.1892765557390761
                      0      1.552200104340223    0.03458589574201557    0.09714022547290634
                      0      2.234470036814054    0.03427451574944572     0.5126682726888492
                      0      1.810857184334296    0.03538508386588495    0.04579391362558552
                      0      1.623099677856228    0.03210955732222207     0.1114090781036081
                      0      2.009781280998637    0.03283019060657029      0.229200886932317
                      0      1.850928947940269    0.03243682566655458      0.177471408735024
                      0       2.33424888968021    0.03174894187590967     0.4989941363502415
                      0      2.433040647164044    0.03155785392211223      2.505719969844088
                      0      2.513505047588378    0.03092637500225235      3.721725756348901
