#! FIELDS time e sigma_e height logweight
#! SET action OPES_METAD_kernels
#! SET biasfactor       5.011348439085033
#! SET epsilon    0.001910020759284688
#! SET kernel_cutoff       3.538542402811424
#! SET compression_threshold                       1
                   1000      2.480208738057887    0.06321896844457647   0.006322704301097473     -5.011348439085033
                   2000      2.685261574530232    0.06285486536405312    0.01417746024080874     -4.209618100332782
                   3000      1.805625737233947    0.06269325316786009   0.006375723439095425     -5.011348439085033
                   4000      2.181510244502259    0.06253309312573176   0.006392052970925092     -5.011348439085033
                   5000      1.575369875372179    0.06237436303852895   0.006408319447664151     -5.011348439085033
                   6000      2.083078272296598    0.05724915168050396       0.32749122824359     -1.163225745959894
                   7000      2.675563490235731     0.0539644240720992     0.2968443806296474     -1.320566794694565
                   8000      2.672832734224387    0.05294114062242265      2.374580917878488     0.7396571462001161
                   9000      2.435595190644916    0.05278508504096546    0.03164331473818822     -3.581344269104526
                  10000      2.427843693438193     0.0521441770996312     0.1397347214290726     -2.108341544577311
                  11000      2.281596189623513    0.05199539242773334     0.0323503600462333     -3.574319583109107
                  12000      2.499090895257476    0.05079998299386938     0.3048843280462097      -1.35427136902065
                  13000       2.33572187442202    0.04999335981902706     0.2190589709173703     -1.700868681050561
                  14000      2.672210714951383    0.05033128569104309      4.767163413806827      1.386033759317022
                  15000       1.73840841551123    0.05029302679445828     0.0189908748577235     -4.140274812872402
                  16000      1.960681002962438    0.05011981145442838    0.08790474899594167     -2.611429642577063
                  17000      2.504139169883672    0.04900605264283243      0.672002420293173    -0.5998940852554684
                  18000      2.419751863400992     0.0479307592214502     0.7334002703795008    -0.5346507636413329
                  19000      2.511743422354127    0.04634955999016518      1.462941844574169     0.1223166069885741
                  20000       2.43494891976405     0.0448653046693472      1.791455486027604     0.2923486194421517
                  21000      2.566627884849598    0.04358888699403021       1.88556002256218     0.3146825411597213
                  22000      2.566011593852359    0.04237493760706616      2.807511481627703     0.6845110283268742
                  23000       2.43178928607959    0.04139120828029725      2.228449902056077     0.4300301682628353
                  24000      2.488464736368966    0.04048402099069217      2.938334759916604     0.6844058032871944
                  25000      2.613507591735712    0.03968630613136202      3.156486108719707     0.7361210502156098
                  26000      1.858938892748879    0.03967244200047507    0.02787577345818922     -3.993685073934033
                  27000       1.88731066884522    0.03964187612914778    0.06197849314550118     -3.195426363554346
                  28000      1.437836443078514    0.03963652877106193    0.01076913534048917      -4.94566450055165
                  29000      1.775388636301271    0.03961787245462865    0.03780015990779555     -3.690506167166732
                  30000      1.615152521392922    0.03960946945191896      0.016990529240795     -4.490375538622768
                  31000      2.089455017629997    0.03948988169139903     0.2540041115565093     -1.788704907705205
                  32000      1.981485271455633     0.0394233842304234     0.1399189594714407     -2.386677298484055
                  33000      1.836347813292834     0.0393797799895959    0.09155231161269961     -2.811936834334385
                  34000      1.451125003664623     0.0393689639753614    0.02250697024116797      -4.21529700194111
                  35000      2.235508887491269    0.03933589739580036    0.06955281403201553     -3.087875941390591
                  36000      1.672912932561585    0.03932190482428334    0.02930464735767347      -3.95257198660568
                  37000      1.960583331208568    0.03922556725043062     0.2096690546562254     -1.987240723813495
                  38000      1.862131161676302    0.03914368514265734     0.1791056014783676     -2.146885146535271
                  39000      2.122360078144547    0.03900109456078308     0.3245840106399496      -1.55596573459704
                  40000      1.637008189357412    0.03897778952704976    0.05099458902238411     -3.407388327112067
                  41000      2.758689036591352    0.03861208666035024     0.9805553390798492    -0.4604154041345034
                  42000      2.683233842625496    0.03801189571123666      3.345577852625067     0.7511940233673499
                  43000      2.688852208805199     0.0375081203344839      4.044612713698362     0.9275986910415982
                  44000      2.643011372061581    0.03707995467881036      4.576852556686523      1.039743503409071
                  45000      1.983251692532434    0.03700194023557084     0.2686749405037383     -1.797627241851712
                  46000      2.295318052779939    0.03695212593732793     0.1702145237684516     -2.255417113910571
                  47000      2.455598497282826    0.03650309001012329       2.55093860023118     0.4395137225627567
                  48000      2.309106019995308    0.03643090965672625     0.2721303783431631     -1.800400976908745
                  49000      2.773191091707197    0.03619608925338141      1.030569330028977    -0.4752820837669555
                  50000      2.635342141662884     0.0358552190023225      4.805320342032259      1.054868281770364
                  51000      2.570818750200805    0.03546866852862124      2.878813209417708     0.5316832970568605
                  52000      2.642138986961864    0.03520238569104261      5.416371640665134      1.156195445684566
                  53000      2.685846011804136    0.03499771010551592      6.169577686983141      1.280568460951048
                  54000      2.375580416771263    0.03484084217370725     0.9843620231783132    -0.5593157777786899
                  55000      2.289356063419179    0.03478580164694769      0.318213511789853     -1.690167958127899
                  56000      2.463412648620094    0.03447449325661839      2.847964706735584     0.4924797636589695
                  57000      2.263479158234222    0.03442368703452857     0.3119162257964648     -1.720620292507444
                  58000      2.437039415150593    0.03412244413535815      3.083077883192856     0.5615392020756036
                  59000      2.445668822077911    0.03382609025636214      3.715634387460022     0.7394372709561688
                  60000       2.23909263912184    0.03378502312349201     0.2831799506388045     -1.835999676223117
                  61000      2.747015120388643     0.0335576663291794      2.151983883390424     0.1853109328285531
                  62000      2.726966287066015    0.03328958869560582      3.617964725636892      0.696811771334737
                  63000      2.484498323937288    0.03303783912545291      3.318008928445116     0.6026738651962421
                  64000      2.703280817837865    0.03282119917837514      5.243342390866672      1.053689216647973
                  65000      2.652759487285303     0.0326919437402022      6.757180371311303      1.303389814733021
                  66000      2.676096050314798    0.03258397005159332      7.317697758268803      1.379771653615355
                  67000      2.093734593757801    0.03255480337987565     0.2827341202960923     -1.874667962384313
