#! FIELDS time e sigma_e height
#! SET action OPES_METAD_state
#! SET biasfactor       1.927441707340398
#! SET epsilon     0.01821196306674905
#! SET kernel_cutoff       2.830433390657354
#! SET compression_threshold                       1
#! SET zed       0.139002946516523
#! SET sum_weights       628.0574595847061
#! SET sum_weights2       1100.454630511497
#! SET counter  462
                      0      2.659681678521832    0.02913143272593341      591.4139470467237
                      0      2.535140397926417     0.0299923982178591      190.9137660333677
                      0      2.476406282358881    0.02796896928434105      174.6804955851836
                      0      2.747679944636866    0.02485455909312629      57.07852395361919
                      0      2.706832698110026    0.02663913496096004      308.3727402285286
                      0      2.330669306339635    0.02894708110813663      8.506647704954261
                      0      2.123337347363744    0.02713669914659485     0.7785115131334817
                      0      2.424069343736364    0.02843264752181029      70.98479261610848
                      0      2.604324463798183    0.02739608347048657      204.1351982313481
                      0        2.1564071889515    0.02461562534887363      2.777264484992867
                      0      2.246352584643922    0.02364382443550243      1.586655457142752
                      0       2.20582643588814    0.02289896560008638      1.504829725295404
                      0      2.380848194774175     0.0250630017369832      13.45703035880733
                      0      1.916171747453981    0.02365131432906142       1.36105049339533
                      0      2.046640431211075     0.0245381700436839      2.099546421575177
                      0      1.814287146723731    0.02580519817134372      3.254635341351271
                      0      2.285067603029272    0.02258104438574093        5.6871560012089
                      0       1.87959586613461    0.02371295776273078      1.594691917199196
                      0      2.001981033294904    0.02394491511889711      5.124337287407239
                      0      1.726207784514944    0.02243313593251845     0.3892099772893841
                      0      1.969311479693714    0.02472735113981931      5.833221382361889
                      0      1.666851701742165    0.02208996273948835     0.3964203171543064
                      0      2.076496658580139    0.02217984452806783      1.904682293474744
                      0      1.752887905282146    0.02172150610293968     0.4793208200288435
                      0      1.507467262732987    0.02089729048178559     0.4178149475615236
