#! FIELDS time e sigma_e height logweight
#! SET action OPES_METAD_kernels
#! SET biasfactor       1.927441707340398
#! SET epsilon     0.01821196306674905
#! SET kernel_cutoff       2.830433390657354
#! SET compression_threshold                       1
                   1000      2.639870375121368    0.05785834540142751     0.1509064987297364     -1.927441707340398
                   2000      2.736162131807518    0.05292542888512309      0.587010415359007    -0.6581733575345182
                   3000      2.748142688320119    0.05001076442880981      1.399364731649052     0.1539120791427413
                   4000      2.598730615299073    0.04824838714416052     0.4416218440508638     -1.035283481607581
                   5000       1.89533149312716    0.04750162463488246     0.1838084569514593     -1.927441707340398
                   6000      2.572138427539463    0.04556614455895044     0.9583469219430095    -0.3177250004329094
                   7000       2.29896998500359    0.04500679086243949       0.19399739815957     -1.927441707340398
                   8000      2.693691252140531    0.04381245211097829      1.612993312630833     0.1636651627417416
                   9000      2.651839590028734    0.04274163226738668      1.754701630621946     0.2231277089890805
                  10000      2.447748783501751    0.04235036620515772     0.2468785947429646     -1.747226076498862
                  11000      2.693459453597687    0.04165030645629962      2.212384436507033     0.4290350287066184
                  12000      2.521593626059269    0.04087224220315078     0.8511331567040978    -0.5450800961033094
                  13000      2.519174805279969    0.04005025165584671      1.234485791788669    -0.1935550847330571
                  14000      2.360897965487368    0.03970446562177497     0.3761429569078328       -1.3906668999887
                  15000      2.475866724353616    0.03900790748468249      1.229162321033666    -0.2242472830658369
                  16000      2.694199818689842    0.03856253452990286      2.415536264132837     0.4398579528654845
                  17000      2.501418068543738    0.03795773054012806       1.63183410128551    0.03183322192278155
                  18000      2.678933593925589    0.03751537642850133      2.449842049797139     0.4264298778128214
                  19000      2.709956729727138    0.03709426975654566      2.562518491895709     0.4601085022486102
                  20000      2.023661278600497     0.0369727483819952     0.2380439518354574     -1.919463401948666
                  21000      1.936987902064014    0.03678793255577546       0.38660052521177     -1.439538044172942
                  22000      1.856228177528944    0.03659285568597354     0.4235649367440714     -1.353539983833839
                  23000      1.773905554105528    0.03646126022464514     0.2791292870273721     -1.774174439118766
                  24000      2.067088836797585    0.03628467418623059     0.3967715486106563     -1.427343717060919
