#! FIELDS time e sigma_e height logweight
#! SET action OPES_METAD_kernels
#! SET biasfactor       4.240371756148875
#! SET epsilon    0.003891431002318289
#! SET kernel_cutoff        3.33135957893421
#! SET compression_threshold                       1
                   1000      2.630662739022943    0.06284082615044533    0.01375115918422312     -4.240371756148875
                   2000      2.741316623769737    0.05763944559741029     0.3192939006071631     -1.181780691335521
                   3000      2.473555265623299    0.05726966324355282    0.02300900607016007     -3.818443087416111
                   4000       2.55298113574722    0.05466035933002122     0.2127197141270351     -1.640985683773437
                   5000      1.947000966237874    0.05446067557680243    0.01586712236876737     -4.240371756148875
                   6000      1.656192158752691    0.05426355759489711    0.01592476133087387     -4.240371756148875
                   7000      2.179780698380283    0.05406894956902431    0.01598207863386938     -4.240371756148875
                   8000      2.000571180059142    0.05233771816140249     0.1752807335449551     -1.877993661242391
                   9000      1.894632563091873    0.04972651680175111     0.3979163219587975     -1.109319776278579
                  10000      1.531425935179555    0.04945938091617923    0.03500313995214928      -3.54551032566379
                  11000      2.340457474922236    0.04912847547854986    0.04492689645786532     -3.302624380219149
                  12000      2.398243972991745    0.04719024346853321     0.4090158014754561     -1.134158886443708
                  13000      2.628102090607325    0.04543944539753082     0.9774580320650571    -0.3007639150367569
                  14000      2.712125577615414    0.04501682072525958      1.745343937305505     0.2696432865747379
                  15000      2.675078159952104    0.04672271997692984       3.60369796718785      1.031846524634947
                  16000      2.615328783523811    0.04509880832000639      2.871873701893072     0.7694759354327592
                  17000      1.920304134697988    0.04446515819703437      0.521682581316838    -0.9503345994137395
                  18000      1.751728633585135     0.0444256559090104    0.02983885058863855     -3.812471447414174
                  19000      2.492794663620129    0.04397376058410656     0.3825908649749795     -1.271540554989898
                  20000      2.639542420907565    0.04352035675322878      4.564293905831969      1.197148064218283
                  21000      2.673162458514065    0.04268967238110623      4.805173898818756      1.229305697136176
                  22000      2.382593825715355    0.04246019045758036     0.3420957658761482     -1.418442184315805
                  23000      2.404782302780409    0.04212332292609035     0.5361036356025267    -0.9771707727819641
                  24000      2.721023395259867    0.04112148070644447      3.309436802579232     0.8189640923080479
                  25000      2.459997225357859    0.04084851401900118     0.5314526114734555     -1.016615363251375
                  26000      2.343955952563842    0.04061781602347305     0.4567609324524087     -1.173732922256284
                  27000      2.214531744176825     0.0405974434249429    0.03816748462890109      -3.65641078098677
                  28000      2.272956056282255    0.04051810410186153     0.1523002043384953     -2.274497350527983
                  29000      2.503713481094011    0.04019994689157313     0.6854378937981354     -0.778176271644168
                  30000       2.45941391447692    0.03977610444280758      1.017246883528765     -0.393978376851477
                  31000      2.486444213489282    0.03927512694101287      1.371492625622603    -0.1078534914674478
                  32000      1.943981523285799     0.0390605290053076     0.5234335126826748     -1.076577355581749
                  33000      2.558045776875313    0.03854940245772628      1.633718984244334    0.04845503859990221
                  34000      2.511542166831287     0.0380477041845141      1.788280688051996     0.1257508322584844
                  35000      2.490731004335236    0.03751799499772297      2.345804523957733     0.3831045458995993
                  36000      2.570777637576249    0.03701859244763688      2.512997306314579     0.4385519094573629
                  37000      2.357401515011928      0.036825162128129     0.6811671458227457    -0.8721107584301021
                  38000      2.466182325564027    0.03638053359853113        2.4399882436169     0.3916824992233131
                  39000      2.467525072608917    0.03594918907924036      3.029864817001378     0.5962799684598269
                  40000      2.698680825304897    0.03558688556572241      4.160185837800486     0.9031923706044551
                  41000      2.348376379676747    0.03541924052049241      0.789018061476092     -0.764055439000083
                  42000         2.093011640636    0.03540584036869427    0.05632124032966332     -3.404151317999927
                  43000      2.700653201690419     0.0351303095136797      4.913577501104181       1.05672200633135
                  44000      1.856017768538498    0.03506523641917952     0.3147460031592877     -1.693123642543357
                  45000      2.150643212902335    0.03505194676021166    0.06208705292626301     -3.316731207188872
                  46000      1.755288663843484     0.0350399326298857    0.05616832887044306     -3.417258442982048
                  47000      1.930848730588152    0.03490280446846073     0.7220738106427785    -0.8674052934870571
                  48000      1.933126413247654    0.03473215425986603     0.9574655443771121    -0.5901442121596816
                  49000      2.522865564734974    0.03440335426547623      3.213031167020812     0.6110242854942793
                  50000      2.674386313505487    0.03421469523734414      5.560558701259858      1.154009263912857
                  51000      2.598239944036065     0.0339172015864791      3.107043196361511      0.563249278130393
                  52000      2.427798482354384    0.03368400136217874      1.980993140420132     0.1062767304105516
                  53000      2.240120239181266    0.03366476274246255      0.121390273609618     -2.686637409955489
                  54000      1.806648019964513    0.03364462052528408     0.1275483796456542     -2.637750922584974
                  55000      1.630695063070875    0.03363829126580586    0.03963364280991545     -3.806756478613496
                  56000      2.090684726772744    0.03362329178856305    0.09482971671947357     -2.934797978754514
                  57000      2.020032796757005    0.03358554047506192     0.2449740142837943     -1.986852069091565
                  58000      1.910092859067076    0.03344929128833746      1.012754900437085    -0.5716397212349432
                  59000      2.088526378421034    0.03342419046742908      0.164918235262118     -2.387370130671184
                  60000      1.650522896502999    0.03341435554358008    0.06380171106055338     -3.337334217745959
                  61000      1.800641203250745    0.03338772979800592     0.1760926762351629     -2.322900954069101
                  62000      1.997167287211168    0.03331572257437208     0.5045222090441218     -1.272458545548792
                  63000      2.007057490051313    0.03323577223989912     0.5725361771890413     -1.148397143209756
                  64000      2.242966982536791    0.03320826431254279     0.1869119063203936     -2.268663654520457
                  65000      1.677789515174475    0.03319603931726683    0.08198582860263839     -3.093122859661233
                  66000      2.032864291535692    0.03312493469582026     0.5127634620692789      -1.26199887709378
                  67000      2.033846066577031    0.03303489718580752     0.6744441715123363    -0.9906464459676073
                  68000       1.84578170849768    0.03297306331150063     0.4518030497815776     -1.393162522047544
                  69000      1.583903012141842    0.03296431512642794    0.06046354766325322     -3.404633559147172
                  70000      1.930504455235046    0.03281153568631137      1.317909388891118    -0.3275177261372901
                  71000      1.665376533965008    0.03279202629710461       0.14003748150655     -2.570004344241799
                  72000      1.722845561287847    0.03277535340678611     0.1196052240568641     -2.728226508829029
                  73000      1.589728250093534    0.03276098366250266     0.1030454499066251     -2.877691404210331
                  74000      2.536648073281938    0.03252845769432186      3.179202644343596      0.544401189923499
                  75000      2.605125683410385    0.03231174436088009      4.039327479450746     0.7771644170568202
                  76000      2.569330027601507    0.03210280346509755      4.065711729990136     0.7771876144638766
                  77000      2.439085932980377    0.03190687290888075      2.674582299700563     0.3522700945620637
                  78000      2.523861311564073    0.03171428561547583      4.187215934873696      0.794458725881355
                  79000      2.586494305076912    0.03153734497582167      4.598409774945973     0.8825383788103014
                  80000        2.1659071818838    0.03152609724736492     0.1080781126996462     -2.868429922901719
                  81000      2.378552608747616    0.03141524025387928      1.294724293036201    -0.3887536572978944
                  82000      2.304277307837813     0.0313706827659409     0.4610033261635434     -1.422820796229816
                  83000      2.483645955101033     0.0311930407406886      4.067691224815212     0.7489260263979637
                  84000      2.522417120241695    0.03104178708817575      4.994441965942501      0.949315392482124
                  85000      2.520197914385761    0.03090964304358608      5.490176375727986      1.039684027336831
                  86000      2.703837877888472    0.03075243604411997      4.651817926532313     0.8688827449795027
                  87000       2.63360832181562    0.03060204394909765      4.819722212669848     0.8994385344031808
                  88000       2.63429800733241    0.03046648950675565      5.323460553581763     0.9944063845559703
                  89000      2.703271485348913    0.03032711778864274      5.111218442429418     0.9491355451015333
                  90000      2.662272694998722    0.03021599272482052      6.055075107753676      1.114923563597019
                  91000      2.729673265680506    0.03007128512040379      4.092609772514674     0.7184090242444603
                  92000      2.017469815317615    0.03002416983352653     0.7466630608829825    -0.9844830958005009
                  93000      2.590773766444387    0.02989211069769961      5.060260180838796     0.9246679282096819
                  94000      2.062799139301059    0.02986083722199331     0.5006895169827426     -1.389565828847717
                  95000      1.687959296668105    0.02985079402149556     0.1543583621079237     -2.566611475579407
                  96000      1.892796340150397    0.02979592869170344     0.9395720173095994    -0.7623036072614371
                  97000      1.624163948332911    0.02978651711421781     0.1460108971048898     -2.624362739281188
                  98000       1.90229351118543     0.0297165488166129      1.270881716501958    -0.4629295478364907
                  99000       2.09890001034919    0.02969709288223403     0.3125958940333189     -1.866139399928578
                 100000      2.620421671296814    0.02959806017953447       6.18821369741461      1.116010728765036
                 101000      2.685269257824674    0.02951533386249242       6.75894740241113      1.201432526255892
                 102000      2.659474391677866    0.02944156369516343      7.136038497175213      1.253220634920218
                 103000      2.708823359380029    0.02934436371174315      6.503796030167505      1.157141939610326
                 104000      2.465551117882245     0.0292289936238542      3.451897072588808     0.5197405427741769
                 105000      2.714129892849332    0.02913385517340045      6.532945219113906      1.154414214307443
                 106000      2.708318832134863    0.02906210570222562      7.458354474367717      1.284425363839079
                 107000      2.641207876288801    0.02897504914926509      7.011305649455893      1.219614462241839
                 108000      2.524160622754799    0.02886226068703947      4.663224541751457       0.80789749153166
                 109000       2.52966496306974    0.02875234868977468      5.024376813301161     0.8786763242427654
                 110000      2.471863906477898    0.02864863373320053       3.84612586368638     0.6078275641046879
                 111000      2.575094607459578    0.02854349112393183      5.060600078104494     0.8785694350181376
                 112000      2.720420373852379    0.02844615611512369      5.977447454619511      1.041662108816873
                 113000      2.719464053390148    0.02835580537456724      6.466503792844221      1.117122812515517
                 114000      2.266450291474411    0.02834719881098335      0.214687492027327     -2.288388178004477
                 115000      2.302309105481815    0.02833241464674555     0.3758667259136734      -1.72885866994066
                 116000      2.092709202006628    0.02831938933688836     0.3302938733369751     -1.858570352132471
                 117000      1.825970843179872    0.02830762681178241     0.2978462951805929     -1.962391008757292
                 118000      1.808407123356307     0.0282971251481126     0.2654884288985953      -2.07776836915807
                 119000      1.597996212347778    0.02829232236580975     0.1197160643237897     -2.874386559420044
                 120000      1.721973306365759    0.02828716909618229     0.1286759008792953     -2.802394681480899
                 121000      1.847033352905338    0.02826760983499613     0.5097050315035893     -1.426551032029691
