#! FIELDS time e sigma_e height
#! SET action OPES_METAD_state
#! SET biasfactor       4.240371756148875
#! SET epsilon    0.003891431002318289
#! SET kernel_cutoff        3.33135957893421
#! SET compression_threshold                       1
#! SET zed      0.1364458260786479
#! SET sum_weights        130.723095534875
#! SET sum_weights2       301.0468490148945
#! SET counter  122
                      0      2.618913000324787    0.03876807273279529      48.57511954369346
                      0      2.697256674355535    0.03920265922504607      95.16202266659232
                      0      2.477678080076924    0.03725144642402857      24.98088231918651
                      0      2.534211505757769    0.03670387354727792      39.17681717763729
                      0      2.017261464384704    0.03680900180996143      3.447050950895278
                      0      1.669481548643894    0.03724096201404394     0.4957417874184548
                      0      2.252793978077636    0.03981702304751691     0.7294394395586044
                      0      1.917229365203512    0.03864279597791857       7.66368979411796
                      0      1.531425935179555    0.04945938091617923    0.03500313995214928
                      0      2.361491761826775     0.0380832846892359      3.266597329245313
                      0      2.426165844517169     0.0391627845686669      5.942790643074826
                      0      1.730539142879039    0.03559828271639629      0.334288304395241
                      0      2.083182795902006    0.03392375162091319      1.459648476664291
                      0      1.848805971836169    0.03200877075471898      1.276254084444455
                      0      2.160337917184229    0.03366803754898832     0.1701651656259092
                      0      1.812604929709256     0.0318512735195227     0.8669757799600053
                      0       1.59197943981612     0.0314942105734683      0.283225061893668
                      0      2.303393321400912    0.03006007257926202     0.8368700520772168
                      0      1.624163948332911    0.02978651711421781     0.1460108971048898
                      0      2.575094607459578    0.02854349112393183      5.060600078104494
