#! FIELDS time e sigma_e height
#! SET action OPES_METAD_state
#! SET biasfactor       4.240371756148875
#! SET epsilon    0.003891431002318289
#! SET kernel_cutoff        3.33135957893421
#! SET compression_threshold                       1
#! SET zed      0.1319771543684439
#! SET sum_weights       519.4548826907575
#! SET sum_weights2       1640.871964140222
#! SET counter  362
                      0      2.676041638393588    0.03403508281557487      561.6009500248152
                      0      2.521709374595152    0.03409697175960244      144.0431663013435
                      0      1.931506070109326    0.03318767098661163      7.235489693690867
                      0      1.870031219050919    0.03206181021803197      3.483775218231468
                      0      2.127774487511831    0.03384506581217329      1.778116881961324
                      0      1.620508602236921    0.03690272927358431     0.4918557088638261
                      0      1.688127302328482    0.03463561254104008      1.510458114372109
                      0      2.010306105374871    0.03881396779082535      6.297548168919563
                      0      2.326036498653401       0.03132964732407       15.1679828094837
                      0      2.379963782114263    0.03328098244457457      26.31598259211522
                      0      2.271035270221921    0.03299562005626412      5.018645156168493
                      0      1.806194794138832    0.03448548846677279      4.163384270074132
                      0      2.732922922375806    0.03152247371937567      109.3677271847773
                      0      2.608523199302686    0.03272575953288588      141.4340344553782
                      0      1.492141874700658    0.03068924570701795    0.06557454966599562
                      0      2.459445061168326    0.02996939534311899      72.91914554378232
                      0      2.191308138222997    0.02851247027723859      1.912904419511457
                      0      2.080481435823758    0.02799953856303014      2.463058513823183
                      0      2.424239526285959    0.02604524917389217       23.0314260847869
                      0      1.739065514770579    0.02668418411387744     0.8007301654509698
                      0       1.40670301725476    0.02611127321160104    0.03331672816201451
                      0      1.557294955102859     0.0256949836133052     0.1129640207357305
                      0      2.779414424295448    0.02561068594086618      2.001497874241663
                      0      2.881670612273316    0.02557538783848111    0.03378772627497267
                      0      2.563357973114706    0.02500513584226268       28.0342424158228
