#! FIELDS time e sigma_e height logweight
#! SET action OPES_METAD_kernels
#! SET biasfactor       2.698418390276557
#! SET epsilon     0.01374333274381851
#! SET kernel_cutoff       2.928208142815685
#! SET compression_threshold                       1
                   1000       2.64288656523316    0.06053155025577301    0.06672079877255445     -2.698418390276557
                   2000       2.48791246840421    0.05818817696926003      0.131782789934198     -2.057262615549677
                   3000      2.696754138585434    0.05287624044423643     0.6912836464176642    -0.4955955177774659
                   4000      2.711121578409248    0.05029596051980319      1.615480841394974     0.3032128508717183
                   5000      2.551814089163159    0.04925532441891754     0.2345416335356137     -1.647449255543463
                   6000      2.665000624530297    0.04725682774761312       1.87274004940075     0.3886552093425814
                   7000      2.328097427947288    0.04699890797755828    0.08887762398681884     -2.664715062131665
                   8000      2.652496987443869    0.04570912513981258       2.50151811462076     0.6448511840007828
                   9000      2.539717115084747    0.04475902758039291     0.6044916728516133    -0.7964187884949837
                  10000      2.444063400816043     0.0442871490791753     0.2916540704512207     -1.535836885010626
                  11000      2.375335335266922    0.04385978430504543     0.2759340423155112     -1.600940155992354
                  12000        2.6603488393409    0.04316565467244136      3.112862357051198     0.8062432610435817
                  13000      2.695459868022997    0.04225006193296835      3.153586709551129     0.7978017004828286
                  14000      2.731905939785592    0.04123418016841003      2.448874302597828     0.5205514165718662
                  15000      2.491244584452337    0.04085015290963065     0.5479753656711043    -0.9859589439247457
                  16000      2.434843944395181    0.04049475038110845     0.5277548109626021     -1.032295693037959
                  17000      2.106356857652055    0.04042199120615419    0.09991376633101909     -2.698418390276557
                  18000      1.989220787604614    0.04034959569205773     0.1002440490811835     -2.696910762923275
                  19000      1.851681691281224    0.04027777189165566     0.1002715193598606     -2.698418390276557
                  20000      1.942458585421752    0.04015758975354175     0.1725710351869363      -2.15847943382792
                  21000      2.663252267088534    0.03972891415036876      4.023396022068877     0.9798610041207071
                  22000      2.382579552790745    0.03942394343083189     0.5901107967273552    -0.9474161978533104
                  23000      2.646460603866804    0.03889553637704519      3.925228259807084     0.9339594406353564
                  24000      2.521941176142823    0.03852845083982101     0.9264649661559744    -0.5193266580683298
                  25000      2.528149993304117    0.03810579017040068      1.200866345514003    -0.2709350677546703
                  26000      2.453959333906191    0.03774501018830764      1.043277086449796    -0.4211244720261324
                  27000      2.355251332840014    0.03751337851668048     0.6360475865386471    -0.9221288292641631
                  28000      2.682009869533229    0.03714229013267378       4.20402408538849      0.956453836121067
                  29000      2.689021126773173    0.03675991357625275      4.277607143742096     0.9634571589218446
                  30000      1.705686795136005    0.03672547025570767     0.1099703654135926     -2.698418390276557
                  31000      1.528492942104047    0.03669114262222705     0.1100732518904874     -2.698418390276557
                  32000      1.966395233586711     0.0366076383786377     0.2779515303519635     -1.774396176463853
                  33000      2.110635383966482    0.03655098540953457     0.1871886242418019     -2.171274900524746
                  34000      1.725627845348012    0.03649563028329431     0.1840993176954606     -2.189431923978966
                  35000      1.886021094667526    0.03642820804187479     0.2277682913013658     -1.978427574488251
                  36000      2.021309437478362    0.03635244680441317     0.2597998307429035     -1.848926874380278
                  37000      2.053032499086724    0.03625961026633764     0.3257537436776989     -1.625253675817594
                  38000      2.207224312930918    0.03622505304570101     0.1177265152691661     -2.643984621351505
                  39000      1.630807923652885     0.0361872877402527     0.1295187469324923     -2.549566316822784
                  40000      1.809418801758365    0.03612877882794713     0.2046543889139368     -2.093687447348685
                  41000      1.718966302658715    0.03602948583801535     0.3611718525245663     -1.528408296097962
                  42000      1.927050387061132    0.03590067826712786      0.487195344125139     -1.232678492697088
                  43000      1.797473988072441    0.03580531711768761     0.3571939099473462     -1.545724636548095
                  44000      2.466698819325109     0.0355012929171271      1.488183083511958    -0.1272194773664701
                  45000      2.395101380030328    0.03525672514138114      1.158132902883328    -0.3848791251135419
                  46000      2.613141728646246    0.03490553073178731      3.317030204909737     0.6573705941370638
                  47000      2.469161601929809    0.03462148083030486      1.718968603688666  -0.008145777604084671
                  48000      2.626642575715873    0.03434390056075998       4.05745370860495     0.8426354848018962
                  49000      2.693625909236164    0.03412713628119095      4.735031607164448     0.9907366928055301
                  50000      2.319810691433605    0.03402663215370979     0.5701123143290709      -1.12912294046701
                  51000      2.624070641866696    0.03376913050417232      4.252958771732471     0.8728174465608398
                  52000      2.574120658316097    0.03352205840426903      2.104410354232965     0.1618944308886719
                  53000      2.513027632923697    0.03331681070360999      1.638146729882788   -0.09471690658124386
                  54000      2.131361435655586    0.03327146612586196     0.2865167046494934     -1.839602844253696
                  55000      2.485905604814235    0.03305218969143343      1.963062835945725    0.07824918072491228
                  56000       2.53042248778982    0.03284169291370646      1.951393416786043    0.06589796149084845
                  57000      2.402128865670253    0.03268902913574319      1.259197527885332    -0.3768304056109403
                  58000      2.643154775948731    0.03252479649730168      4.928252695253803     0.9826427077108957
                  59000      2.657229690037594    0.03237891789124078      5.285740477879055      1.048175685272473
                  60000      2.758769971871005    0.03221464835263761      1.688094342358754   -0.09832301069675063
                  61000      2.677931152640308    0.03207122739790454      5.380768299796618      1.056445893845534
                  62000      2.714529405823599    0.03187242471712902      4.167423604078758     0.7946946489243985
                  63000      2.486330693477185    0.03170837799837253       2.04724468755972      0.078731208161647
                  64000      2.597738656479104    0.03151784538651017      3.170361373484794     0.5100549227408154
                  65000      2.146181498072225    0.03148528019657873     0.3188909750574296     -1.787730426547865
                  66000      1.581295524180997    0.03146741699257252     0.1717791642453043     -2.406937488837937
                  67000      1.973102881755196    0.03141993376650182     0.4806952294882076     -1.379423865626309
                  68000        1.9643161471233    0.03136009588852836      0.624628010963496     -1.119407297970191
                  69000       1.94293467906779     0.0312917212457431     0.7335260981058077    -0.9608830983949723
                  70000       1.74602606126102    0.03125420194560958     0.3842033420223078     -1.608774062852392
                  71000      2.682337891369955    0.03112475419216693      5.385910918521455      1.027445349893638
                  72000      2.485435126951142    0.03097718492159675      2.214221721495049     0.1338073755151972
                  73000      2.682567740894688    0.03085586242878107      5.549110063470926      1.048619766159141
                  74000      2.491267156760136    0.03071232531127878      2.372383450141637     0.1942146126983742
                  75000      2.025941132456476    0.03067480395328936     0.4542396552948147     -1.460033307855486
                  76000      2.091841283031497    0.03064113365178193     0.4070448690146468      -1.57083307529177
                  77000      2.047966487564372    0.03059815228856068       0.53246520312407     -1.303642667593245
                  78000      1.670269325439117    0.03057458686865306     0.2829194852032476     -1.936768319204001
                  79000      1.910014665751965    0.03052400864345351     0.6442553543401955     -1.115491138143313
                  80000       2.01920996574668    0.03046937290464817     0.7087610192397711     -1.021859426815752
                  81000      1.906943548805395    0.03041148360781418     0.7643449966369499    -0.9482603003448006
                  82000      1.825569825098846    0.03038197203766005     0.3696936825932301     -1.675575655908795
                  83000      1.938789705122838    0.03030879286771656      1.022278617366276     -0.660872623791125
                  84000      2.589181464633974    0.03016555035907905      3.005992793161451     0.4129638883029293
                  85000      2.535572699320407    0.03004354804601297      2.212128702554613     0.1022586341812948
                  86000      2.421394799303791    0.02995112305559357      1.494964112555901    -0.2926755391058779
                  87000       2.52108437491031    0.02982480413317555      2.573540409868513     0.2462783808246671
                  88000      2.517175045195997    0.02969680519641621      2.836888114978063       0.33940262591124
                  89000      2.531256353390567    0.02957112837593869      2.900780668185758     0.3574338270899526
                  90000      2.583370631192509     0.0294465120024256      3.077419406871428     0.4123222937899714
                  91000      2.487519109350083    0.02932495168544248      3.084950541386088     0.4106298100240637
                  92000       2.55000988752959    0.02920736798893926        2.9914576080193     0.3758372065476913
                  93000      2.680113067783384    0.02912676168266161      5.725672337409997       1.02227281618665
                  94000      2.685542152732346    0.02904687380959448      5.827816085210908      1.037208631890704
                  95000      2.713896865853728    0.02893995149460375      4.769124336369798     0.8330411936791493
                  96000       2.70488747376554    0.02884631149446301      5.395963586857065     0.9532887615627001
                  97000      2.708569656176355    0.02875203637485911      5.360958484059205     0.9435068136916461
                  98000      2.687673947391133    0.02871271885194647        7.1352041205439      1.228036486812577
                  99000        2.5783905958998    0.02861131956661206      3.110987058143047      0.394397924217946
                 100000      2.242538431345128    0.02860173509420901     0.1866400874766688     -2.419450361183919
                 101000      2.352135322656362    0.02856004572502405     0.8968998862084445    -0.8511468564660034
                 102000      2.395825150979146    0.02850221236641013      1.338447368451773    -0.4528525891547221
                 103000      2.602207184415188    0.02840006810486663      3.855547662336228     0.6015600433826885
                 104000      2.559483145545883    0.02830341579816173      3.268916125597754     0.4330964046274543
                 105000      2.643601836689536    0.02822323397838283       5.79329295733905      1.002501838201105
                 106000      2.729104433748204    0.02812977844284457      4.825459720216441     0.8163901931146573
                 107000      2.661695450160999    0.02805771650630651      6.166562239535146      1.059060639321412
                 108000      2.769492244070129    0.02799696045650517      1.699972145678111    -0.2316367470315383
                 109000      2.557248529247427    0.02791085835307206        3.1050660758649     0.3677062348040603
                 110000      2.723464578578928    0.02782448086339413      5.053511899512796     0.8516551048018899
                 111000      2.457850220469334     0.0277578720659818      2.091661244590037   -0.03286648008676293
                 112000      2.539184772197788    0.02767510684711705      3.217134813947856     0.3946799312542842
                 113000       2.49588360420202    0.02759630780897529      2.979537915857196     0.3151056532163014
                 114000      2.510841933822967    0.02751542122621033      3.325607809751934      0.422054514466175
                 115000       2.70968769183466    0.02744558755036707       5.88941224509616     0.9910170519108794
                 116000      2.625906419115409    0.02736596060901015       4.92579897452019     0.8094418551164138
                 117000      2.450030096625916    0.02730262151024797       2.29105666093022    0.04165129650485201
                 118000      2.516579480688288    0.02722432211619393      3.796540056592011     0.5438563475154495
                 119000       2.45203078267268    0.02715867786709573      2.562773875323014     0.1484422767970723
                 120000      2.462173420336269    0.02708787653383955      3.063328790712151     0.3242438699901453
                 121000      2.371946101129678    0.02705180028433418      1.170293105586713    -0.6393367701638659
                 122000      2.486653979406529    0.02697779756709284      3.763614213088014     0.5260493757722685
                 123000      2.522874822875381    0.02690416815061981      4.078084424258815     0.6035640365258645
                 124000       2.24373360042779    0.02689622770681772     0.2377369329498787      -2.23894905976677
                 125000       2.64288886073051    0.02683356409796835       5.85421484388565     0.9624708213741449
                 126000      2.295403514702792    0.02682117887115016     0.3870141951387542     -1.754446637087205
                 127000      2.678143000933722    0.02678463614004476      7.357172697836788      1.189159597174108
                 128000      2.283055815599263    0.02677259303243813     0.3864906803407446     -1.757613370215865
                 129000      2.506245200991026    0.02670217143386642      4.249952719948828     0.6373081851448574
                 130000      2.478470222997728    0.02663338057606406      3.975362593202877      0.567936738062089
                 131000      2.572336196626441     0.0265674890936617       3.55449167395133     0.4535557555163119
                 132000       2.62780315434909     0.0265032692097204      5.344436105041063     0.8589795689525619
                 133000      2.598095474170942    0.02643706735901675      4.202916140609671     0.6162011333337768
                 134000      2.401852222034047     0.0263992421839113      1.542381045919782    -0.3876819015311561
                 135000      2.587246665831933    0.02633479184249934      4.083515256073661     0.5835045863050937
                 136000       2.68913888918765    0.02629623159962927      7.255511077495565      1.156842410230143
                 137000      2.647503608221616    0.02624529334733797      6.499567612641589      1.044877763242284
                 138000      2.434113978723359    0.02619677254649679      2.371667415578118    0.03488491435679617
                 139000      2.491472814429332    0.02613517392475549      4.203538131382026     0.6048640876733369
                 140000      2.431902698198186    0.02608703612997139      2.437957894328457    0.05825468904010901
                 141000       2.56524745729735    0.02602790035076104      3.873625998208117     0.5190155096822969
                 142000        2.6272457595968    0.02597166035716461      5.613966201081236     0.8879188525209769
                 143000      2.660477291240691    0.02593019774942676      7.065421225242315      1.116276299345335
                 144000      2.530874270722148    0.02587229494761131      4.252615492803448     0.6063623445315401
                 145000      2.518725356777345    0.02581486564341065      4.489144755018609      0.658268157388989
                 146000       2.69833979074141    0.02577290224481692      7.011695930909308      1.102558679180478
                 147000       2.53864077356898    0.02571687728996195      4.433985995637397     0.6421018708182986
                 148000      2.779023290652139    0.02568973784764291      1.327231317199477     -0.565157899544846
                 149000      2.683977253558273     0.0256546833705385      7.528603931258739      1.169091204000639
                 150000      2.651567962722372    0.02561215800579303      6.981665196105541       1.09201005372395
                 151000      2.462156022567051    0.02556184649065722      3.498905673284272     0.3992065609260858
                 152000      2.375936617208736    0.02553687928869585      1.279253741901522    -0.6079440144763276
                 153000      2.581964490104122    0.02548485619029875      4.061226977193979     0.5452249777270709
                 154000      2.513563789257853    0.02543237072393611      4.641649700162807     0.6767480802233077
                 155000      2.387511610556488    0.02540449375588267      1.519037918801418     -0.441341298018109
                 156000      2.654763704104274    0.02536544180017799      7.148048952080989      1.105882571987691
                 157000      2.722648458814678    0.02531542541736869      5.511787268395802     0.8439582867096825
                 158000       2.69073909731597    0.02528071470091683      7.565316374063156      1.159271445181628
                 159000      2.650472782375628    0.02524117285460869       7.14364798956505      1.100355511245075
                 160000      2.769365545218554    0.02520997873803644      1.914263732382312    -0.2177715896649059
                 161000      2.736530737383201    0.02516104293827159      4.533071241453303     0.6423520090048486
                 162000       2.35139029186836    0.02514275452879501       1.02693316674276    -0.8431979448596683
                 163000      2.519202242188453    0.02509482873652726      4.401673629801126     0.6103020752671767
                 164000      2.568696478150712    0.02504933511105513      3.811686754969719      0.464574531491469
                 165000      2.583924305641198    0.02500378730221444      3.947142085878311     0.4976745377427188
                 166000      2.623344985492439    0.02495739207411754      5.425134447755608     0.8138681737260917
                 167000      2.054815084059568     0.0249485681726344     0.4914687278841747     -1.587885096832277
                 168000      2.048911472098084    0.02493842996703284     0.5705165786694624     -1.439147626564604
                 169000      1.855667763418649    0.02493169416721057     0.3716637729980365     -1.867970379469514
                 170000      1.864714378058322    0.02492343765000639     0.4605478574717261     -1.653874434051254
                 171000      2.045670153092481    0.02491196942841943     0.6544647062557266     -1.302933794143261
                 172000      2.386570322242097     0.0248878223883921       1.52887591833925    -0.4554331675991704
                 173000      2.268479180963445    0.02488158600994735      0.346567710658889     -1.939893616288192
                 174000      1.767085290570917    0.02487528392191575     0.3507859754373936     -1.928048863378268
                 175000      2.049263656681076    0.02486275507020156     0.7276855791590634     -1.198859879700035
                 176000      1.695571356182029    0.02485669117696741     0.3382779475377347     -1.965104974703405
                 177000       2.08725935363825    0.02484714466277187     0.5452997652334232      -1.48802132676546
                 178000       1.91987579172973    0.02483430416274716     0.7518522196227199     -1.167334123270276
                 179000      2.021021256289103    0.02482138734636537     0.7587959569018681     -1.158661256914256
                 180000      2.727273699329341    0.02477696997624742      5.398228453323983     0.8016408650609961
                 181000      2.633592046473626    0.02473625526454058      6.344706593133187     0.9615462875659553
                 182000      2.434262799849447    0.02470343934722437      2.444893407782961   0.006599442522780607
                 183000      2.666361017260563    0.02467240744945638      7.617000126180208      1.141723557629178
                 184000      2.646605762624095    0.02463748297098392      7.189580960269766      1.082557308200024
                 185000      2.796516223255566    0.02462608686266961     0.7126823328653161     -1.229257733384573
                 186000      2.643967618028265    0.02459149060420461      7.226965487663702      1.085875147294648
                 187000      2.491526850971035    0.02455025146215563      4.191462253929886      0.539427194494126
                 188000      2.644930847729543    0.02451699036318316      7.375617034559819      1.103201363620205
                 189000      2.592627909522604    0.02447603189572583      4.411216187077941     0.5875002173416164
                 190000      2.524097663821945    0.02443519958971384      4.563122208611932     0.6196872207570386
                 191000      2.018031509437236    0.02442352276705789     0.7842552699129088     -1.141818558737363
                 192000      1.964750102752107    0.02441257883512517     0.7326263787743896     -1.210365458953729
                 193000       1.77583131123748    0.02440656342694844     0.3891345861557957      -1.84332248855329
                 194000      2.464865297768609    0.02436965373899258      3.549600230757912     0.3658290829118322
                 195000      2.704426920485408    0.02433438351965533       6.87903294954258      1.026023830075195
                 196000      2.714085523244075    0.02429705985252699      6.408960321738839     0.9537078485616457
                 197000      2.456923989001707    0.02426228930988091      3.348794900574544     0.3031792524055812
                 198000       2.60797366881078    0.02422313138151361      5.133309947644867     0.7287141217130675
                 199000      2.635166142839217    0.02418897366220161      6.926116407355659      1.026851586452992
                 200000      1.947708307551285    0.02417759155180724     0.8265596180189004     -1.099401558175419
                 201000      1.655700358320999    0.02417348460004988     0.2824446974402218     -2.173360716269892
                 202000      2.297032392517834    0.02416690905086667     0.4609126822262428     -1.683906922802118
                 203000      1.903510248869955    0.02415684521524046     0.7262075644321405     -1.229696180118714
                 204000       2.17226251470861    0.02415299003017584     0.2657466818997611      -2.23514812664796
                 205000       2.23239733897229    0.02414857265145996     0.3059717781833447     -2.094381696771451
                 206000       2.18061618392884     0.0241441840458695     0.3041801914325157     -2.100436055583335
                 207000      1.827307897811165    0.02413863731458132      0.388089999192225     -1.857048806993392
                 208000      2.243380243597903    0.02413324228708429     0.3774674107063352     -1.885025367414668
                 209000      2.683140006146772    0.02410669266003782      7.993982200011744      1.166833977076092
                 210000      2.628414506358453     0.0240726136515687      6.804225287985709      1.004274054213532
                 211000      2.449445505914449    0.02404071274991608      3.210860324468976     0.2519431105902942
                 212000       2.47734270212257     0.0240051104920125       4.16727777378842     0.5111851932201349
                 213000      2.687935697247944    0.02397815191092456      7.922948220242223      1.152561903061691
                 214000      2.732771153646003    0.02394167805521771       5.11721705362602     0.7138869767181966
                 215000      2.554074027760379    0.02390703721095945      4.169960052749954     0.5077347534369983
                 216000      2.512468439161767    0.02387160320516775      4.683325095452547     0.6223533880256639
                 217000       2.44021439333664    0.02384263460476235      2.990223853322564     0.1724790377459202
                 218000      2.722870407695718    0.02380815910504157      6.054643325426788     0.8765092487233016
                 219000      2.593649081109913    0.02377364648143551      4.659962852662235     0.6132405908341481
                 220000      2.690453753552887    0.02374729730779978      7.880127434249411      1.137468239814877
                 221000      2.698112715640471     0.0237200245876841      7.750185841089946       1.11969187106039
                 222000      2.649478173359012    0.02369275740906912      7.765009261938485      1.120452494041577
                 223000      2.595168647011676    0.02365923139725069      4.750384137261674     0.6276342962563033
                 224000      2.448959063030506    0.02363036095448725      3.334786895920225      0.272596582175651
                 225000      2.659159744670286    0.02360549105379757      8.115320163964604      1.160888448058577
                 226000      2.652326017826267     0.0235802093230904      8.073944278428085      1.154705331041217
                 227000      2.657346294499126    0.02355623640185828      8.312930551259441      1.182858238829317
                 228000      2.265631138734912    0.02355115349010817     0.4396425027889971     -1.756963138470566
                 229000      2.568147365032242     0.0235202745625387       4.15130073920786     0.4869399505852697
                 230000      2.492355341963199    0.02348908698012536      4.360918118482181     0.5348739800701112
                 231000      2.435913738533453    0.02346405272733695      2.876194061537469     0.1175929303870566
                 232000      2.656447570892164    0.02344082735204265      8.369613638276814       1.18474242158716
                 233000      2.635683053096978    0.02341338171178771      7.576115742133473      1.083963797952282
                 234000      2.389575162447554    0.02339852271229682      1.497316682908944    -0.5379970457101269
                 235000       2.52812333158484    0.02336803980410526      4.518270951595821     0.5651540940484169
                 236000      2.539539453180463    0.02333781897242493      4.507323601502795     0.5614341552460274
                 237000      2.705808850635978    0.02330969847270608      7.242580844112165      1.034502568266519
                 238000      2.689376663549715    0.02328551029110189      8.151179512838505      1.151649371268851
                 239000      2.707923604440385    0.02325778119963535      7.315876570448005      1.042342048279548
                 240000      2.581094864994937    0.02322890526901189      4.341791963667588     0.5193400154566745
                 241000      2.444448480224169    0.02320420114125365      3.210569930196848     0.2164372534612302
                 242000      2.507270941615462     0.0231751553793963      4.603136182249656     0.5754741037593359
                 243000       2.53334733078856    0.02314612823183947      4.715969189183021     0.5984374067196947
                 244000      2.751552062141715    0.02312097371163003      3.438705917313084     0.2814908100318729
                 245000      2.651997595098865    0.02309814172149102      8.268529896232405      1.157864336892119
                 246000      2.544102755319972    0.02306993426832012      4.600716913778975     0.5703978029050278
                 247000      2.679691844908934    0.02304813840538468      8.464632928853623      1.179137091884119
                 248000       2.69553060184836    0.02302435982435334      8.055378503751051       1.12854822146835
                 249000       2.69891301190066    0.02300031461489219      7.992208035688467      1.119630404020865
                 250000      2.649969822375572    0.02297753962995448      8.296952503624116      1.156060917897005
                 251000      2.681054679034899    0.02295662764922222      8.709101908219031      1.203630794177707
                 252000      2.580233262773276    0.02293039016693615      4.277667277311622     0.4915263824153712
                 253000      2.454698560999777    0.02290687990675142      3.473996362295176     0.2823983565219885
                 254000      2.242882721046549     0.0229030544939795     0.4110816251398567     -1.852037759431205
                 255000      2.548763221737368    0.02287657768270474      4.541194704651812      0.548959144536428
                 256000      2.449948560463363    0.02285359103403752      3.421178215292005     0.2647486987617164
                 257000      2.594722773870489    0.02282724409858379      4.648835893386815     0.5702270197475878
                 258000      2.383841102506673    0.02281577369912809      1.379504980579394    -0.6451677114635657
                 259000      2.683467069545544    0.02279539470276369      8.674485760735825      1.192600012389888
                 260000      2.261296385223203    0.02279111109056453     0.4789536143953617     -1.704125491410941
                 261000      2.613544425033631    0.02276417871420236      5.711245366486192     0.7732807318251688
                 262000       2.25714059058493    0.02275959798934673     0.5186828325758271     -1.625820311346245
                 263000      2.698916296673864    0.02273712846587318      8.141179830804903       1.12658975321077
                 264000      2.647769438638421    0.02271504006310198      8.244012638531469      1.138169896801809
                 265000      2.430649488477745    0.02269597468590734      2.763444401069639     0.0443208929910849
                 266000      2.361856867074188    0.02268656374558004      1.160298043072709     -0.823894812661167
                 267000      2.283907191824085    0.02268199000875239      0.532954300992532     -1.602092942039543
                 268000      2.659054274877372    0.02266219606477552      8.761053495025061      1.196669762103216
                 269000      2.761964514981714    0.02264517851389211      2.412946611920529   -0.09354894088695913
                 270000      2.667178481855754    0.02262633265476744      8.970712761963986      1.218734961053876
                 271000      2.460214933416052    0.02260418084464258      3.682442165169133     0.3273664839868424
                 272000      2.597018072485815    0.02257938363948024      4.829937344421955     0.5975261947920447
                 273000      2.689200477612163    0.02255950903965032      8.698227639831902      1.184931387091443
                 274000      2.690047222682263    0.02253980091963506      8.755352281900452      1.190603316760091
                 275000      2.674757674068384     0.0225217559443979       9.16805819220369       1.23586271794328
                 276000      2.703962744561657    0.02249972106236357      8.103370592540765       1.11143844734246
                 277000      2.695566152062465    0.02247983898159132      8.748531178233076      1.187160120970906
                 278000      2.660519479821208    0.02246112962992727      9.065373039809758      1.221903676033065
                 279000      2.674457590420384    0.02244373529108799      9.402108652346067      1.257600950238696
                 280000      2.480140394004067    0.02242223554334881      3.942428745370863     0.3875055286931847
                 281000      2.479145500768222    0.02240065935533178      4.013011168391645     0.4042877060454567
                 282000      2.778912658246575    0.02239188235696052      1.221895613225016    -0.7852426296126362
                 283000      2.572465931906337    0.02236984199577436      4.260426412407841     0.4627384021165306
                 284000      2.466308578858169    0.02234886977986246      3.899578453873073     0.3732996469682417
                 285000      2.482186761022173    0.02232719835706844      4.209639831247261     0.4488381235959023
                 286000      2.664564761498704     0.0223098187187782      9.291259220494153      1.239756410071858
                 287000      2.707411295483861     0.0222881765554826      7.949784502722121      1.082856598055923
                 288000       2.49794908738648    0.02226653222690005      4.384488062900893     0.4868130635857258
                 289000      2.566474734027917    0.02224533768092838      4.240850229193277     0.4525516568972774
                 290000      2.576768616496828    0.02222384497606786      4.428239800812674     0.4948234171851025
                 291000      2.448920997494578    0.02220480066550821      3.546638129971609      0.271964098624741
                 292000      2.492068812549205    0.02218351324905217       4.43949638314985     0.4955457471108475
                 293000      2.400285570861466    0.02217294084445794      1.629314284856931    -0.5073126554941882
                 294000      2.439253776605823    0.02215516782593989      3.238633200790781      0.178877606674612
                 295000      2.038119018641679     0.0221501936816471     0.7098164023354024     -1.339247252323247
                 296000      1.762402636943757    0.02214754605829045     0.3672107793835879     -1.998437124351311
                 297000      1.919553279977833    0.02214262314435971     0.7032403629095925     -1.348896697442081
                 298000      1.985357572922534    0.02213827495110482     0.6171471086226475     -1.479684411315907
                 299000      2.268773658055739    0.02213431039147857     0.5604573885839947     -1.576217714484509
                 300000      2.214736638352563    0.02213170965644068     0.3617492412912473     -2.014137166796177
                 301000      2.091249032743115    0.02212844039579739     0.4587704504601151     -1.776686187248854
                 302000      2.309226200522994    0.02212463198206552     0.5384770906983787     -1.616663331143167
                 303000      2.433081209864212    0.02210728043737624       3.17645642125657     0.1573286661297612
                 304000      2.401669883743128    0.02209562933323997      1.870625514090249    -0.3726918665361998
                 305000      2.556487240139801    0.02207462840441535      4.595052999803866     0.5250646407790082
                 306000      2.282198355767979    0.02207033308548169     0.6198662808861154     -1.478361750033449
                 307000      2.669149098016808    0.02205599995782818       9.78529069075965      1.280120417787659
                 308000      2.678713982345108    0.02204204898975723      9.914675890170487      1.292623457208242
                 309000      2.690334292608611    0.02202688971723766      9.664279212063748      1.266355937411038
                 310000      2.636343069130096    0.02200648215778239      7.879696714324004      1.061281906372052
                 311000      2.524504151986522    0.02198584046591128       4.76502261728816     0.5573563523813572
                 312000      2.305267358229029     0.0219819037664736     0.5908073139939903     -1.530390352005784
                 313000       2.31768234350098    0.02197759830261229     0.6499678751258026     -1.435153226811003
                 314000      2.690047226752184    0.02196272003110896      9.738293537413327      1.271067810539211
                 315000      2.664207528675727    0.02194839171621948      9.912633379440784      1.288159346834721
                 316000        2.3233679769285     0.0219437646194389     0.7155368642641285     -1.340583693995488
                 317000      2.511552067416661    0.02192355623355195      4.758615162865522     0.5531738173740861
                 318000      2.427711667717273    0.02190826826521918      2.931310186964955    0.06796903557286761
                 319000      2.592814755194019    0.02188820136201652      4.789175103440341     0.5579613631964524
                 320000      2.075168445512002    0.02188444302715884     0.5838778510243844     -1.546632019119985
                 321000      2.551919404615037    0.02186466163399261      4.693804995063194     0.5367707004079154
                 322000      2.571243633622228    0.02184493883116864      4.722617583485022     0.5419879186988306
                 323000      2.431233461626768    0.02182915969114654      3.168033973791808     0.1420133122387444
                 324000       2.54207849768503    0.02180932032565963      4.920782470947996      0.581460410748416
                 325000      2.754020467727885      0.021794446012618      2.944453776822496    0.06723393018796227
                 326000      2.594256189064355    0.02177470685253126      4.982361414776841     0.5923084561784947
                 327000      2.210030455541964    0.02177233402012718     0.3733193146261727      -1.99902563421327
                 328000      2.366090562192024    0.02176490479512537      1.262421657174357    -0.7810139349276355
                 329000      2.602048668898791    0.02174497249661811      5.277668978501108     0.6485225379047364
                 330000      2.604346996265477    0.02172497428612463      5.467421549345364     0.6829250502446584
                 331000       2.65683078563332    0.02171011415813883       9.53567449504909      1.238473655387309
                 332000      2.014516409060234    0.02170578618829049      0.716430711102468     -1.350239433659534
                 333000      1.861123720772639    0.02170310876109393     0.4332070752779149     -1.853428482455488
                 334000       2.14439269823859    0.02170114174649019     0.3153608125397439     -2.171017547048599
                 335000      2.651681368806349    0.02168557112187431      9.313227669431402      1.213738271556553
                 336000      2.654432259881859    0.02167074818958151      9.570854966742521      1.240341318937259
                 337000      2.723587752903649    0.02165082477843133      6.396129835871146     0.8363920818099662
                 338000      2.754036250077782    0.02163648091359503      3.013948804568495    0.08328737319618436
                 339000       2.40941934564203    0.02162515269959805      2.203686595472185    -0.2303557650580559
                 340000      2.544246880842249    0.02160655409518416      4.866373172494751     0.5610010679809585
                 341000      2.454114122283161    0.02158980362527868      3.937620758131728     0.3484532590433685
                 342000      2.399419019499838    0.02157971840481066      1.936642124516477    -0.3616350416251748
                 343000      2.454421977025163    0.02156287523239573      4.029870564246659     0.3703627918900418
                 344000      2.497766980370991    0.02154493582021372      4.638451337419579     0.5101767770093477
                 345000      2.660995147574223    0.02153134328342401      9.810214833091699      1.258589311184374
                 346000      2.667160438523722    0.02151842955761181      10.04211084811819       1.28135253046312
                 347000      2.715426442925283    0.02149974125918484      7.352505661335146     0.9687374998160784
                 348000      2.538032721015611    0.02148182792126875      4.878094585533112     0.5576174923873289
                 349000      2.668826061375598    0.02146890423566038      10.04840905471816      1.279675330329225
                 350000      2.667605470688302    0.02145607040424638      10.10669907244296      1.284861524120436
                 351000      2.629865482487642    0.02143770137930668      7.427663185197753     0.9760178549670849
                 352000      2.730579934059465    0.02141944102813404      5.516353990561741     0.6776715397655946
                 353000      2.673493506864723    0.02140699320552314      10.23584240397483      1.295268613655862
                 354000      2.489023125253135    0.02139029805526733      4.468830923645094     0.4657197311866623
                 355000      2.639453531436751    0.02137361564557328      8.531721646698443      1.111603860835779
                 356000      2.648356671799156    0.02135881386190402      9.417531390815613      1.209692913339732
                 357000      2.732250375006387    0.02134115719937903      5.352886558780629     0.6439288680601755
                 358000      2.126122309129569    0.02133921944257544     0.3581457891029217     -2.060613037563227
                 359000      2.639465067746867    0.02132300076390294      8.712192934900454      1.130165307212041
                 360000      2.701195882290242     0.0213071713415527      8.904403741143517      1.151245093269821
                 361000      2.521936956663207    0.02129042355360805      4.844995701956735     0.5418591692047502
                 362000      2.707575456086756    0.02127379389631011      8.366731225680907      1.087394693161775
                 363000      2.419170848903955    0.02126246448205335      2.610302162959238   -0.07793528906930293
                 364000      2.622266555458476    0.02124470980158244      6.850915676129518     0.8861456703289901
                 365000      2.400286431647003    0.02123565264522441      1.987209672834446     -0.351931584202992
                 366000      2.544344274714424    0.02121927671047347      4.829143184103042     0.5352345424407987
                 367000      2.456682580847999    0.02120440183973283      4.015245590944058     0.3499627457352846
                 368000      2.560862326387243    0.02118828528025758      4.747872240857522     0.5168004540008677
                 369000      2.680652358411762    0.02117604890058911       10.2210100507035      1.282971622630859
                 370000      2.457824409175735    0.02116121976182451      4.096810639322282     0.3680344659517065
                 371000      2.666793333896649    0.02114937326788061      10.36312819337328      1.295519850527974
                 372000      2.747881243518832    0.02113574155273742      3.611542660392014     0.2407559684742305
                 373000      2.694403260712277    0.02112194119508374      9.608511946463167      1.218617171750222
                 374000      2.690794678683404    0.02110886395689016      9.923559382036521      1.250260148402657
                 375000      2.654603085827655    0.02109582945097696      9.956303008669414      1.252936621193717
                 376000      2.321944321630212     0.0210926172395692     0.6679226449385663     -1.449004389967612
                 377000       2.56486447704288    0.02107718322084093      4.708317042846524     0.5031770576549137
                 378000      2.627040169689278    0.02106047433100759      7.382562784861344     0.9521743062225776
                 379000      2.543382936947109    0.02104490742761424      4.906259981299804      0.542825978159444
                 380000      2.741531773787895    0.02103025871992507      4.355760744698643     0.4231170079411849
                 381000      2.662008003129921    0.02101855035357469       10.4077768533033      1.293614136806862
                 382000      2.572890978943912      0.021003314996675      4.816496729460087     0.5223825642147319
                 383000      2.216018616877794    0.02100142144989096     0.3975096877793918      -1.97229041211205
                 384000       2.34759572519897    0.02099706083493458     0.9570059015961814     -1.093907815316264
                 385000      2.704568275751614    0.02098211665121649      8.824735935015632      1.126884604650775
                 386000      2.580885274944709    0.02096692638914149      4.907990377535651     0.5394662664183314
                 387000      2.633772128433789    0.02095134990421936      8.241100731793601      1.056992435594544
                 388000      1.562470986779564    0.02095032983618732     0.2150994787299178     -2.588844838103377
                 389000      2.430982295581419    0.02093859164381335       3.19351663767458     0.1083720880777774
                 390000      2.336961213089149    0.02093475843584235     0.8519203104143229     -1.213195990492736
                 391000      2.576879694182378     0.0209197067567343      4.963720624988905     0.5485026450506282
                 392000      2.639847787338233     0.0209052664032878      8.971780985062164      1.139740751447111
                 393000      2.593289001920319     0.0208901022155424      5.176248381008419     0.5890114494759028
                 394000      2.446340609706533    0.02087718151986967      3.806366159158344     0.2809871770163954
                 395000      2.513771568400471    0.02086269664501653      4.733128601376479     0.4982045742594898
                 396000      2.736011396053905    0.02084781654813994      5.086039636383072     0.5694041188298016
                 397000      2.555308711591317    0.02083305759481195      5.037072951672158     0.5590216201332178
                 398000       2.43880029338237    0.02082071902553097      3.626893169107903     0.2299804412232129
                 399000      2.760112577677508    0.02081097391691976        2.6046105205368    -0.1015809707257206
                 400000       2.41536548153878    0.02080121352545984      2.618528698005912   -0.09672064025714169
                 401000      2.530644149846452     0.0207865913246944      5.082327368085844     0.5657328687579385
                 402000      2.769769605341148    0.02077905748831023      1.910209814911555    -0.4131858474894377
                 403000       2.75088813394277    0.02076706530320785       3.54855630704737     0.2055646174019081
                 404000      2.569869445144757    0.02075256229086197      5.099785825943393     0.5675237046634687
                 405000      2.677432655207196    0.02074176946215448      10.48352212299096      1.287609656209519
                 406000      2.646117976288404    0.02072896543239325      9.563593250441563      1.195150975658837
                 407000      2.674934501657761    0.02071839257553152      10.61033331653564      1.298505641210373
                 408000      2.068797773561042     0.0207158722579511     0.5901270320006315     -1.590861836808951
                 409000      2.409670817327869    0.02070704650845724      2.402734459543709    -0.1872630619196706
                 410000      2.450208188685476    0.02069449542612902      3.988617957575029     0.3189679755947519
                 411000      2.513538943366776    0.02068067847881511      4.823965177926503     0.5084515362260003
                 412000      2.305407858820825    0.02067791012946304     0.6581821871705676     -1.483552081040655
                 413000      2.483102377041567    0.02066484802779849      4.345955078966851     0.4033350772298605
                 414000      2.727431453072361    0.02065000753227661      6.147363777554406     0.7493944578078522
                 415000      2.651894631928867    0.02063834457859122      10.04019139846285       1.23940234832288
                 416000      2.693943028868612    0.02062613829580213      9.767828499038963      1.211308737801051
                 417000      2.295871703111611    0.02062341243497328     0.6622809782640815     -1.479982980441974
                 418000      2.455332246269838     0.0206109248966447      4.145224717396028      0.353433708990252
                 419000      2.095983853903259    0.02060892153136351     0.4819999722668717      -1.79843171860277
                 420000      1.969117435507687    0.02060631028447325     0.6359842457682358     -1.521328695598817
                 421000      2.099852748278205    0.02060426445989623     0.4931472850605568     -1.775793892133205
                 422000      2.090634960323249    0.02060192196792065     0.5681648337229818     -1.634303893509468
                 423000      1.612037596106783    0.02060094613925038     0.2308449307075366     -2.535016647909967
                 424000       2.62772096132391     0.0205865334623041       7.84990019742118     0.9907934023954001
                 425000        2.6185264846975    0.02057188117570688      6.884174146176685     0.8588057649193304
                 426000       2.54653213470703    0.02055842978661774      4.952870064851925     0.5288937228384326
                 427000       2.52062423636312    0.02054512625579636       4.87340755798072     0.5120725817373099
                 428000      2.473436130510184    0.02053286039225352      4.185083582055232     0.3592086620984721
                 429000      2.552413222638202    0.02051947556617716      5.025471355291108     0.5415491521440193
                 430000      2.671062828206025    0.02050861974127906      10.28910057451715      1.257585849033087
                 431000      2.794602442715217    0.02050539985661287     0.8224545123112345       -1.2691184051766
                 432000      2.594038011412644     0.0204920031291261       5.14988332558813     0.5646642157481366
                 433000      2.579866537790738    0.02047870681653747      5.104349766591356     0.5551341638635361
                 434000      2.669756220839884    0.02046840661971455      10.52340351765602      1.278139677921838
                 435000       2.68502202258347     0.0204574898918804      10.24043192146608      1.250348305646301
                 436000      2.691857234455386    0.02044593862185687      9.905061871467753      1.216485626764263
                 437000      2.688694710374464    0.02043487653724735      10.18355901726686      1.243673071838202
                 438000      2.637980560834957    0.02042177307275199      8.764643095358677      1.092982875195013
                 439000      2.663079045687289    0.02041151163758323      10.60272817306678      1.282865818253363
                 440000      2.663635938620127    0.02040137517167689      10.68237664119685      1.289853087455169
                 441000      2.670010446995405    0.02039152886896505      10.84158839623571      1.304164517160894
                 442000      2.343480235832368    0.02038823589754814     0.8943352363043471     -1.191061088817146
                 443000       2.62914452914557    0.02037460205051022      7.892002262678076     0.9857944403163948
                 444000      2.358675846770497    0.02037030530038114      1.201896251497455    -0.8963658251921967
                 445000      2.530487400618345    0.02035734606918832      5.360183362561648     0.5980954546582852
                 446000      2.699039537411889    0.02034599309015691      9.996636742549406      1.220788141211412
                 447000        2.7182890025184    0.02033242219420639      7.641009712812815     0.9514019579669196
                 448000       2.72760898557659    0.02031893888837673      6.423119766593088     0.7771127836855182
                 449000      2.539902027794522    0.02030613042131025      5.429402985829809     0.6084074499732237
                 450000      2.611925786363468    0.02029275684122309      6.410081562079539     0.7737914493492111
                 451000      2.488258443311943    0.02028107896342656      4.517224644905696     0.4232416070553706
                 452000      2.650701130029095     0.0202711827597836      10.72957305153189      1.287859512486334
                 453000      2.741479407547954    0.02025939507232301      4.669127034879049     0.4552462017001542
                 454000      2.661438322087228    0.02025084574900323      11.38199525142204      1.345884738821355
                 455000      2.738207788092792    0.02023860639639297      5.136395096411629     0.5495989161938325
                 456000      2.655472003244854     0.0202296121317298      11.19012773039392      1.327834852798709
                 457000      2.558057736626327     0.0202172555660947      5.351391766005666     0.5895485837336416
                 458000      2.369566414222403    0.02021263211920066      1.391897290229877    -0.7573690273950939
                 459000      2.714361914258654    0.02019980156961286      8.239735429214262      1.020296454151157
                 460000      2.486020727536983    0.02018855470166046      4.479757552104147     0.4103402098081031
                 461000      2.485459031030041    0.02017726514470536      4.538408510372171      0.422788322682704
                 462000      2.703824781111368    0.02016567688932927      9.525968369884959      1.163659015048928
                 463000      2.702260151704073    0.02015440551188595      9.768912009119292      1.188283437575796
                 464000      2.624341724524189    0.02014159842486851      7.817611921360058     0.9648218146213953
                 465000      2.389783636548116    0.02013601767670909      1.780362025662492    -0.5150176976958312
                 466000      2.418200445623141     0.0201280586106572      2.757302963493939   -0.07797675498102602
                 467000      2.607959411279966    0.02011552881582694      6.141159979558511     0.7221611785278669
                 468000      2.644730154552253    0.02010521391686173      10.35570274689324      1.244171976063804
                 469000      2.457866293333798    0.02009462992575791      4.255735604383621     0.3543756763539584
                 470000      2.632007493469794    0.02008271557221425         8.986602910936      1.101249863988127
                 471000      2.720838303054787    0.02007010553351743      7.521419148944751     0.9226416956162425
                 472000      2.700244100012377    0.02005934043835817      9.987425684058705      1.205677210496849
                 473000      2.660439942781335    0.02005092354035444      11.41728409883639      1.339059008560394
                 474000      2.627988379936639    0.02003878636525976      8.530599183015218       1.04698475478023
                 475000       2.68373542366934    0.02003001039060992      11.25289637595341      1.323512657362576
                 476000      2.713366695240327    0.02001796692340452      8.597658252043262      1.053775524136757
                 477000      2.583653334486875    0.02000651016204955      5.300221304203292      0.569461741664493
                 478000       2.55077161130458    0.01999507417892229      5.320010641641289     0.5726166936034479
                 479000      2.691085473054585    0.01998564119650743      10.85217347251653       1.28503489328749
                 480000      1.991012686330452    0.01998369073445642     0.6062721978947633     -1.599854306932947
                 481000      2.111264643244222    0.01998214455195874     0.4763917610342129      -1.84102019569804
                 482000      1.919101279058073    0.01998007588446174       0.64534626791654     -1.537577247743284
                 483000      2.694564755125256    0.01997066540351283      10.86465231517397      1.285434517558581
                 484000      2.556436586511318    0.01995926673589944      5.442601824264223     0.5936061943572748
                 485000      2.513491123587427    0.01994822743295329      5.099186480198612     0.5278767400078744
                 486000       2.73891632117262    0.01993698540289708      5.350303183445408     0.5753852365819893
                 487000      2.624274142169244    0.01992504225254567      8.160862500968324     0.9969826450697722
                 488000      2.615747315219656    0.01991299830720522      7.203538806184509     0.8716005436788885
                 489000      2.325229845459745    0.01991063437433944     0.7621203929479579     -1.374741322338024
                 490000      2.455758738631257    0.01990110575610819      4.013818695318246     0.2861738148700977
                 491000       2.41660918475193    0.01989415040126784      2.591356568911168    -0.1517373130171049
                 492000      2.659207504586487    0.01988513819927473      11.00011806596714      1.293534072349722
                 493000      2.464164464004747    0.01987545908104142       4.17824903653056     0.3250334644639591
                 494000       2.55982351076795    0.01986463500361322      5.176243140434751     0.5386759837098863
                 495000      2.711248073880179    0.01985314611637956      8.623522001210397      1.048511512934849
                 496000      2.691948116623394    0.01984341020571325      10.46411459119837      1.241479155881249
                 497000      2.701501815589721    0.01983285524206974      9.761620682709868      1.171453796124946
                 498000      2.760917431188932    0.01982607073652586      2.595962201559165    -0.1533895482774473
                 499000       2.58839686705323    0.01981536202073585      5.249451472202044     0.5502365239476521
                 500000      2.552600283410209    0.01980466363403684      5.275835700965532      0.554709978353721
                 501000      2.586884070127287    0.01979397353396554      5.304924638806241     0.5596685284514024
                 502000      2.568209043781597    0.01978334810896328      5.270802008248022     0.5526785517405846
                 503000       2.70379903793172    0.01977279688972368      9.577690157946428      1.149398988410988
                 504000       2.67390319555074    0.01976432832774065      11.23536811252796      1.308600820937465
                 505000      2.539693369600208    0.01975374089919743       5.35866428922013     0.5677130680612406
                 506000       2.61638582848771    0.01974236820953158      6.855367515535839     0.8134543590219168
                 507000      2.704189923055614     0.0197319407736564      9.615031892847909      1.151221815631204
                 508000      2.479597979517913    0.01972268561572945      4.233603539360583     0.3304784960448575
                 509000      2.535085218356181    0.01971224161135622      5.355479532318523     0.5650155305328531
                 510000       2.72422080613414     0.0197009573724077         7.183842265405     0.8581570443094363
                 511000      2.615114669182543    0.01968979601869893      6.751980695924217     0.7955918690094127
                 512000      2.066246452665924    0.01968803527611534     0.6082117749747464     -1.611565600937816
                 513000      2.571888100901266    0.01967772605410138       5.32899702557718     0.5583058218513234
                 514000      2.233793539974187    0.01967645448144915     0.4354829427894206     -1.946221495706904
                 515000      2.591075542996408    0.01966601112967107      5.538676898241067     0.5963029052735431
                 516000      2.510440276674177    0.01965627893577288      4.796651121355178     0.4519702551364839
                 517000      2.464755198051054     0.0196473011513366      4.182407914706719     0.3144825575023323
                 518000      2.447489914507678    0.01963874089576043      3.892501811265628     0.2422117195198128
                 519000       2.53529317424872    0.01962847949891776      5.454202594485609     0.5790234148090831
                 520000      2.700839847109223    0.01961873653888385      9.979212500308098       1.18264467267576
                 521000      2.768702999983328     0.0196137348214119      1.951143664930649    -0.4496987897151156
                 522000      2.668436114719796    0.01960552842485475      11.20564762775328      1.297884930421276
                 523000      2.549972152243673    0.01959533173570021      5.526402469783227     0.5904838547722628
                 524000      2.444058341699019    0.01958703144234108      3.818051093501999     0.2202632313977508
                 525000      2.458766133621057    0.01957822737472057      4.206910048390206     0.3168019613021688
                 526000      2.522641904784376    0.01956830725637104      5.284080590938294     0.5442653570053879
                 527000      2.638731300641309    0.01955819069556183      9.369341600583219      1.116492424914046
                 528000      2.628556748615192    0.01954754059007513      8.300057363819201     0.9947673413586747
                 529000      2.554387113078692    0.01953752664142618      5.531233376634526     0.5884033215446076
                 530000      2.418359361140456    0.01953122727044881      2.677746604880729    -0.1373543572773426
                 531000      2.473542854923401    0.01952245413678678      4.310216845837824     0.3382089501902454
                 532000      2.546622251269356    0.01951243820656786      5.637360198312547     0.6061234627463381
                 533000       2.53413950925761    0.01950245374890164      5.636360844012202     0.6054343455376732
                 534000      2.691042607129314    0.01949375933001309      10.66163774114218      1.242401858958026
                 535000      2.365388307349246    0.01949051293122805        1.2546542328211    -0.8975567084600643
                 536000      2.166965167935348     0.0194896604070751     0.3083732751497891     -2.300904770312775
                 537000       1.82894463725715    0.01948875829546066     0.3267877850585609     -2.242951054676385
                 538000      1.946854457132439    0.01948703305426748     0.6387709509087405     -1.572804627565086
                 539000      1.952165247013523     0.0194852563628011     0.6590285689552111     -1.541674860025657
                 540000      1.840697288380127    0.01948427022500495     0.3583773169736251     -2.150905966880031
                 541000      1.608275997369776    0.01948358009726591     0.2489872894663329     -2.515125927806862
                 542000      1.582105657059157    0.01948288578938097     0.2505629028310528     -2.508853414714706
                 543000      2.233532039288199    0.01948165618042538      0.449942178084626     -1.923507445711642
                 544000      1.819827922524091    0.01948066557114032      0.360357169007182     -2.145581700937749
                 545000      1.659118950217848    0.01947989933775252     0.2772140493897914      -2.40792676121395
                 546000      1.807500810460246    0.01947888643368008     0.3688352060013701     -2.122418761134792
                 547000      1.595492115622919    0.01947813685117916     0.2711917108152642     -2.429981200995373
                 548000       1.82394349012756    0.01947704026834559      0.400340310428497     -2.040548530002279
                 549000      1.892874882244279     0.0194756540095779     0.5100905677934451      -1.79834637414379
                 550000      2.103577105514357     0.0194742671862667     0.5104806067907153     -1.797653230362069
                 551000       1.92726507775213     0.0194724547200459     0.6751077935411719     -1.518226580465364
                 552000      1.785852121103767    0.01947144203139481     0.3694235530453331      -2.12120713428292
                 553000      1.851529363149353    0.01947030864108374     0.4148524855787087      -2.00528616920575
                 554000      2.149904180539729    0.01946933878723211     0.3535913790012116     -2.165117033177349
                 555000       2.03172590472356    0.01946762455379214     0.6375863149203344     -1.575657370897507
                 556000       1.89975287675956    0.01946603417240866     0.5897852425137029     -1.653670256811656
                 557000      1.987438712264511    0.01946439840610039     0.6076046876570437     -1.623988281331962
                 558000      1.870383536019323    0.01946312939198045     0.4669566668678432     -1.887341502934662
