#! FIELDS time e sigma_e height
#! SET action OPES_METAD_state
#! SET biasfactor       2.698418390276557
#! SET epsilon     0.01374333274381851
#! SET kernel_cutoff       2.928208142815685
#! SET compression_threshold                       1
#! SET zed      0.1383098707708234
#! SET sum_weights       899.3644055557636
#! SET sum_weights2       2182.760448309037
#! SET counter  559
                      0      2.688073414295157     0.0286333469475522      757.8671006912883
                      0      2.534850377599256    0.02797621083950327      282.5355277906023
                      0       2.40216331127843    0.02857963877084659      43.82418703060917
                      0      2.478644238859729    0.02773338735282892      141.4488070435024
                      0      2.125643326132185    0.03084575454226854      2.906480418748549
                      0      1.955209056404106    0.03195423680809376      8.009206785717135
                      0      1.909770402523112    0.02822127502248127      6.338270180367685
                      0      1.728743139388484    0.03731338531965917      1.039444877655927
                      0      1.528492942104047    0.03669114262222705     0.1100732518904874
                      0      2.033858611514396    0.02979488848933906      8.332039699220667
                      0      2.240300947355701    0.02593463403539904      3.040732303175123
                      0      1.652397355445863    0.02735806887073308     0.6891774937625055
                      0      1.820615963491832    0.02801460639585986      3.134329768115973
                      0      2.645640355732797    0.02616355634870312      542.4340743434237
                      0      2.355051398523724    0.02604409751938843      11.46837429039063
                      0      2.586123169168854    0.02686166400677119      220.1627155199418
                      0      1.575261780440801    0.02544765940240387      0.637441545806275
                      0      2.084154691514252    0.02522506281129114      4.736643833758357
                      0      1.684047745273343    0.03034773057850577     0.6211974327409824
                      0      2.760308593088304    0.02454613425282011      34.90812542135239
                      0      2.280695258136444    0.02657868240602032      4.875140334275713
                      0      2.446081625721292    0.02391428708203554      103.6240281209845
                      0      2.725505765875686    0.02314638258439897      130.6963321699745
                      0      1.861109552355582    0.02314791311262998      2.147227858194229
                      0      1.772921014995597     0.0245052890913142       1.47655489402211
                      0      2.173295715636637    0.02333916115308588     0.8783001484820658
                      0      2.213635336906067    0.02177533167455976      1.132578243696812
                      0      2.316089485006792    0.02280773375301414      4.583014369139392
                      0      1.604816005411099    0.02108769858767929     0.7510239309891338
                      0      2.794602442715217    0.02050539985661287     0.8224545123112345
                      0      1.989223737696635    0.01980624713980328      1.213876885551807
                      0      2.619403145132713    0.02055184921916297      29.11094438146377
