#! FIELDS time e sigma_e height logweight
#! SET action OPES_METAD_kernels
#! SET biasfactor       3.469395073212715
#! SET epsilon    0.007640039155174105
#! SET kernel_cutoff       3.122291642622147
#! SET compression_threshold                       1
                   1000      2.654847587771428    0.06206017502565676    0.03010226110527593     -3.469395073212715
                   2000       2.40258600928407     0.0613590197611887    0.03044624246170084     -3.469395073212715
                   3000      2.570927727093386    0.05500827195932374     0.5856164845055413     -0.621951155998874
                   4000      2.309374255988795    0.05375764662823346     0.1156844538784651     -2.266747662079089
                   5000       2.47599801737108     0.0500420758726534     0.8220980547403322    -0.3773759962531185
                   6000      2.727173014723099     0.0491466707398949     0.1494243594909765     -2.100500425422327
                   7000      2.680535732278433     0.0468531034249997     0.7481961703838751    -0.5374173895229177
                   8000      2.580538161007988    0.04551357201168183      1.503889081081964     0.1317204787548447
                   9000      2.446924629817162    0.04397237339048122      1.152311732019945    -0.1690128766108331
                  10000      2.719396223144471    0.04273086320559177     0.9340721517254916    -0.4076247048711154
                  11000      2.684443750461272    0.04179500672166939      1.635966228246284     0.1306659088399744
                  12000      1.977362585329225    0.04172135710263596    0.04477686543766368     -3.469395073212715
                  13000       1.87176900711201    0.04164220919116454    0.04860568061017887     -3.389245135262921
                  14000      1.980500145509904    0.04141360703637049     0.1494171613373569     -2.271748207506685
                  15000       1.99077223173765    0.04093019103107428     0.3656207123276743      -1.38863539249751
                  16000      1.746944914621884    0.04086148151835282    0.04622603916590477     -3.458368736444752
                  17000      2.117965078333017    0.04079391721447591    0.04579485669492221     -3.469395073212715
                  18000      2.697314224305355    0.04158419403334748      3.334533297171499     0.8377083104207836
                  19000      2.400325140448222    0.04075157208738785      1.124080745847008    -0.2698845576143133
                  20000      2.642467712266492     0.0402235941862101       2.88763649030146     0.6605475253868619
                  21000       2.71007954091208    0.03977174667259195      3.324147982242333     0.7900256107132003
                  22000      2.470204850216573    0.03913521147009907      1.376032754615645    -0.1081174079201317
                  23000      2.668115601327155    0.03878922861993628      3.803795523572747     0.8997974232116853
                  24000      2.500879632315283    0.03823376681319125      1.556437238630356   -0.00822610109913963
                  25000       2.47306028782597    0.03765956029640054      2.254461798319645     0.3471535594254848
                  26000      2.687316786095682    0.03755859035770968      4.826493501456524      1.105677781877079
                  27000       2.55477973571878    0.03715056507927806      1.429791054012329    -0.1218372629057602
                  28000      1.993577156655616    0.03701343100432461     0.3948519742793946       -1.4123080483062
                  29000      1.827235239825212    0.03698290936884106    0.08344867492566377     -2.967412172903188
                  30000      2.096577765848554    0.03694308968544081     0.1099136987766482     -2.693025727994522
                  31000      2.716894259322566    0.03667426268974035      4.617391560300659      1.037560606023332
                  32000      2.659328740730874    0.03644480615436827      5.140570780950685      1.138618513923384
                  33000      2.453924037622805    0.03604951674584355      2.163215684452309     0.2621447537297838
                  34000      2.708956462880387    0.03582951419253814      5.471457397733653      1.183972425956727
                  35000      2.539608383305603    0.03553726367903918      1.625367044284415   -0.03802907148908297
                  36000      2.663320569671856    0.03531081045415435      5.652136590333284      1.201878231249758
                  37000      2.449200024085403    0.03500031397032428      2.192713237140705     0.2461521678755838
                  38000      2.469386986801169    0.03467691466329404      2.666722233409254     0.4325797101759988
                  39000      2.467983507731368    0.03435888995693703      2.993410972702583      0.538929758851096
                  40000      2.576945912839408     0.0341316159562732        1.7073387791672    -0.0291845645551899
                  41000      2.447329373449777    0.03384109037391333      3.016936314071906     0.5315730443773967
                  42000      2.722466748253613    0.03357926565098096      4.579268458229987     0.9411034806369136
                  43000      2.500216719926927    0.03332362942078046      2.789894077835993     0.4379258055176575
                  44000      2.485586759551872    0.03306585875575911      3.528326373374945     0.6649803736384154
                  45000      2.328414036692678    0.03303932018739306     0.1976942164168539     -2.217679992797229
                  46000      2.445693393678653    0.03279467905636525       3.46648001720678     0.6390613909563517
                  47000      2.676670152457282    0.03261340034002617      5.527584383488398      1.100129594821068
                  48000      2.652555101904762    0.03240089560747662      4.810500194337956     0.9546425716180962
                  49000      2.675722548698368    0.03224535255904677      6.043772930796725      1.178057838285253
                  50000      2.722053662507481     0.0320411288832273      4.821907678891599     0.9458454266793618
                  51000      2.709563044307079     0.0318765283657983      5.925991912295384      1.146873473205261
                  52000      2.704084087093706    0.03173239846347589      6.433243339654194      1.224472448778666
                  53000      2.577337177727062    0.03162056772982064      1.480949616228641    -0.2478532612274095
                  54000      2.575248390476738    0.03150225718818164      1.632377433428874    -0.1542478619036675
                  55000      2.698586421270311    0.03137665213643551      6.770628211476939      1.264313367621091
                  56000      2.167827353046694    0.03137045032185841    0.07424849954211245     -3.248815894637508
                  57000      1.970626343998867    0.03134600541580661     0.3012999127160773     -1.848906844752197
                  58000      1.883890642522213    0.03133771394334771     0.1000287652704647     -2.951819753343172
                  59000      1.755790699527446    0.03133083882495485    0.08286617860675222     -3.140269962051215
                  60000      2.718751337766625    0.03118768244394378      6.419432149204704      1.205008324688811
                  61000      2.558115149038118    0.03107508450854176      1.789719508864873   -0.07587929671054561
                  62000      2.707238621718768    0.03096995309088925      7.348337415698817      1.333147002790427
                  63000      2.723154803352049    0.03083043405182298      6.558587831721456      1.214933068682839
                  64000      2.662259823607334    0.03068900332349197      6.473665806426378       1.19730236356318
                  65000      2.507669120342753    0.03056433462005547      2.549970481146943     0.2615710147619518
                  66000      1.765631331724778    0.03055738925902749     0.1063001158996191     -2.916226934906747
                  67000      1.791457075822853    0.03054931963640288     0.1238790441924888     -2.763451786845358
                  68000      1.974074855239869    0.03052781771942067     0.3386405958960125     -1.758522161001967
                  69000      2.019333243400141    0.03050874937381732     0.2999623303233377     -1.880429432830057
                  70000      2.034034235878819    0.03048999792856774       0.29568536096913     -1.895405228869949
                  71000      2.604452990346225    0.03037555055577695      2.356825980676755     0.1766092549416256
                  72000      2.327703443057178    0.03036223251980572     0.2128528910180089     -2.228299081870898
                  73000      2.388079202762649     0.0303069563228133     0.9679499219626195    -0.7155422209990772
                  74000      2.266787666765781    0.03029950480072694     0.1191073933265025     -2.810942920969314
                  75000      2.522880970878489    0.03017856204181333      2.716829545296566     0.3122528360306183
                  76000        2.4838132245214    0.03004239955038572      3.631779857096706     0.5979879868611131
                  77000      2.601336574731451    0.02993206489643346      2.533933300174241     0.2343585077232944
                  78000      2.648724979047925     0.0298033942743752       5.89563774637342      1.074490439052709
                  79000      2.297960854241728     0.0297928945246708      0.188345384351533     -2.369552486754898
                  80000      2.459131433485956    0.02967514909046259      3.129488676369057     0.4368350313955514
                  81000      2.476306882199794    0.02955484378722731      3.444843880230844     0.5287816722001369
                  82000      2.446499986543224    0.02944266330156346      3.120300802534044     0.4260296011959407
                  83000      2.509268595243907    0.02933539008936144      2.986534824005066     0.3785638714087743
                  84000      2.589085264390175    0.02925041243872235      2.127758937567469    0.03661839566979583
                  85000      2.460217544255975    0.02913713895469814      3.655808841009434     0.5739864168248019
                  86000      2.748161051461961     0.0290256304668027      3.733755229841681     0.5912491778764071
                  87000      2.636280918083054    0.02891466983190942      3.956891251566863     0.6454631902280653
                  88000      2.185358324874072     0.0289106509218197    0.08506596554490668     -3.194462749232311
                  89000      2.416715365322716    0.02883650311993681      1.984663226530792    -0.0472532676323023
                  90000       2.55599784197647    0.02876262842171044      2.012393895957441   -0.03594263555466091
                  91000      2.402907712297224    0.02870312425068151       1.54294527517138     -0.303645480232782
                  92000      2.267055940876321    0.02869619055417227     0.1535531311104223     -2.611288822402353
                  93000      2.305480679125862    0.02868628449833908     0.2213083695344293     -2.246123658510202
                  94000      2.653850578016577    0.02858138190305181      5.259351186492283     0.9184186317778242
                  95000      2.501790104825466    0.02848862035292085      3.164779201355851      0.407243450012082
                  96000      2.178080308097803    0.02848402332422072     0.1063910445192248     -2.985635090918462
                  97000      2.411115499208064    0.02841817502303952       1.90099450272319    -0.1049384844250996
                  98000      2.660983617062328    0.02832185313734751      5.706431460490329     0.9908830052639112
                  99000       2.69307861944566    0.02823523442369772      6.446040512756222      1.109692151779292
                 100000      2.685140874726961    0.02815152697477066      6.614402594372693      1.132506517847871
                 101000      2.695972603852121    0.02806905398365523      6.674402858048206      1.138602866356986
                 102000      2.707420789369019    0.02798419819440686      6.441546014870624       1.10006401417415
                 103000      2.506590300784592    0.02790786505979405      2.919540187664174     0.3059901225655791
                 104000      2.605944466643297    0.02784099133565879      2.422613702243577     0.1170118805232244
                 105000      2.492627611688931    0.02776146061719081      3.328786523374395     0.4319120181101426
                 106000       2.40413721904006    0.02771320784351167      1.623177023077693    -0.2880500911097932
                 107000      2.576205862904905    0.02765499584012806      2.099925463028534   -0.03263631889219647
                 108000      2.704675587189954    0.02758008402716259      6.703451213520912      1.125371857079328
                 109000      2.629721738136973    0.02750057346309822      3.808120777533926      0.556998128652095
                 110000      2.088839329118056    0.02749669710410565     0.1169207171967231     -2.926537874745184
                 111000      1.921563424138636    0.02749159327363965     0.1546561895210998     -2.647015061309221
                 112000       2.53980558358084    0.02742882281452481      2.530872809225941     0.1458140529511944
                 113000      2.467573454290005    0.02735091061124874      3.935453835946286     0.5844314692049177
                 114000      1.907369132678841    0.02734606325649203     0.1513886524384895     -2.673676874804324
                 115000      1.940004492982228    0.02733846832931919     0.2396202706275378     -2.214749569931769
                 116000      1.805417934104495    0.02733440991755483     0.1266826620019993     -2.852268261113178
                 117000      1.673125904554478    0.02733215115775274    0.07013663619972571      -3.44359084868043
                 118000      2.080131467500098    0.02732723608206226     0.1540281273581723     -2.657080746741433
                 119000       1.88518898091278    0.02732207440089688     0.1620258386241112     -2.606649059435842
                 120000      1.963316716193002    0.02731127229528312     0.3461032075152868     -1.848063301450586
                 121000      1.826037819067495    0.02730675980093145     0.1417243022020776     -2.741081921315104
                 122000      1.677779448262338    0.02730398943603258     0.0865701961452346     -3.234111415535197
                 123000      1.981750669061354    0.02729116906943326     0.4151116448685861     -1.666989160823515
                 124000      1.676561817427944    0.02728784536363404     0.1043296681326209      -3.04810269139492
                 125000      2.704500311262047    0.02722668567825608      7.359415234091407      1.205833498931432
                 126000      2.507725668322457    0.02715444972568423      3.657840674176139     0.5040693584341374
                 127000       2.53749231985614    0.02709193766373787      2.850186612918811     0.2522760885716799
                 128000      2.603400862068829    0.02703134269321084      2.766181179355155     0.2201202044121569
                 129000      2.638345655504903    0.02695674794003351      4.895537979764345     0.7882132650554974
                 130000      2.750914650596874    0.02688862598876975      3.663826212646935     0.4958668239142642
                 131000      2.594760380762922    0.02683054311594962      2.780934191907711     0.2179832563793751
                 132000      2.534879558975599     0.0267699444989532      3.053382129839334     0.3091850933312774
                 133000      2.686797992537469    0.02671865227444868      7.666881669227998      1.227927317023918
                 134000       2.60214732256025    0.02665996227333085      3.049977134821322     0.3039524312349165
                 135000      2.693846761430065    0.02661025546245841       7.77882866339218      1.238357892414914
                 136000      2.717495541078635    0.02654978514707318      6.859733354029529      1.110345664351499
                 137000      2.647476354900134    0.02648365176026364      5.784765846193691     0.9374109494940392
                 138000      2.696965003002868    0.02643607289737002      7.984068502452308      1.257833031824914
                 139000      2.056526930403095     0.0264310563891077     0.2038126646724667     -2.410358882557748
                 140000      1.806292491093665    0.02642698689151865     0.1648393406690536     -2.622742815795807
                 141000      1.862464102885357    0.02642308979637589     0.1578572483924795     -2.666170466358441
                 142000      1.998103355977215    0.02641290355323077     0.4241040241866864     -1.678268414301926
                 143000      1.811847281587635    0.02640809340133274     0.1960662736823563     -2.449976576692572
                 144000      2.568001304290104      0.026357135988407       2.79987401306786     0.2069689124366202
                 145000      2.595022287972654    0.02630348411599136      3.104998625706698     0.3083701168594749
                 146000      2.640674080938798    0.02624033717550991      5.588466908749867     0.8936582449620283
                 147000      2.470691359592937    0.02618056349870411      4.144266830992945     0.5923986146453146
                 148000      2.548863151269645    0.02612991792996398      3.020870995755783     0.2742815754653188
                 149000      2.510899323291146    0.02607345671544832       3.81315454280712     0.5050300611017933
                 150000      2.512933352050383    0.02601702585149433      3.929011468870379     0.5327944615294712
                 151000      2.684614099731732    0.02597652861236513      8.254857508407795       1.27365063837717
                 152000      2.267221093741561    0.02597255093648174     0.1809946076720604     -2.546592355118876
                 153000      2.298773046920106    0.02596740670921838     0.2355016045595763     -2.283539950838873
                 154000      2.703924427789406    0.02592486117264036      8.135183893698173      1.257056182582524
                 155000      2.149775503851682    0.02592229248521876     0.1187632290572813       -2.9698646896878
                 156000      1.921983101779134     0.0259167843769402     0.2582660030146598     -2.193218963725025
                 157000      1.841581591816811    0.02591277910580822      0.186673864687591     -2.518000537268701
                 158000      2.048120906513806    0.02590729292402838     0.2576560863699112     -2.195949634934185
                 159000      2.070227015276449    0.02590255578630569     0.2219163920785636     -2.345457499681908
                 160000      2.039570946405652    0.02589566232345124     0.3265410056717479     -1.959468831909294
                 161000      1.996139143985495    0.02588628890137458       0.45004781452424     -1.639032567102258
                 162000       2.11316608223669    0.02588288589830671     0.1590366465539772     -2.679383209899651
                 163000      1.865996106002486    0.02587850910147858     0.2056000506821664     -2.422754201275901
                 164000      2.163595172473942    0.02587543920867726     0.1434483690313707     -2.782830442748209
                 165000      1.911330183114076    0.02586966965572893     0.2731857109098685      -2.13887679082741
                 166000      2.663041626261287    0.02581879934907082      7.179764703217247      1.128024932688107
                 167000      2.703179916737097    0.02577448446286718      7.942807264587777      1.227307238583516
                 168000      2.654701720747462    0.02572117333277733      6.680569101102215      1.052173134272595
                 169000      2.680118100844109    0.02567960347500737      8.238618747280663      1.260185177589137
                 170000      2.606296718743795    0.02563381105816739      3.252995131931117     0.3291438133114277
                 171000      1.839669566387927    0.02562948853801059     0.2218676546589825     -2.356275202706528
                 172000       1.80139152232933    0.02562531040620401     0.2144716709939331      -2.39034163071848
                 173000      2.246810319953607     0.0256222502421643     0.1563396191332397     -2.706608030481227
                 174000      2.565835843468739    0.02558011585921947      2.895994328824236     0.2107992794502352
                 175000      2.634416495873546    0.02552662867225311      5.152000052366767     0.7847626057037558
                 176000      2.427253615569589    0.02549091100296791      2.351274425621883  -0.001065114915523473
                 177000      2.667839737802897     0.0254473397487036      7.814221137034494      1.198211943112007
                 178000      2.547524526356014    0.02540607021925519      3.011462541291217     0.2430694231292145
                 179000      2.493074619947217    0.02535861151227663      3.971403965722402      0.517893490695511
                 180000        2.0979660787556    0.02535494752018212     0.2013055829859787     -2.464301894845145
                 181000      1.635706544111927    0.02535333784506852    0.08755950873274677     -3.296870787414608
                 182000      1.996400270971711    0.02534500896833415     0.4698990369727587     -1.617000158753264
                 183000      1.734070269655463     0.0253429410740029     0.1129552788801947     -3.042607630307388
                 184000       2.01735429505816    0.02533488298933361     0.4548291491898282     -1.649995768676798
                 185000      2.642489573213827    0.02528501546346343      6.252791003977659     0.9688953085825444
                 186000      2.722913485339078    0.02523685227988218       6.65989626374798      1.030064664517344
                 187000      2.698900173659926    0.02520103626309795      8.549833287731396      1.278452337248938
                 188000      2.480794709782244     0.0251549946105915       4.21157050531822     0.5685475272479942
                 189000      2.670322707355666    0.02511797110520094      8.409254670080518      1.258571853821153
                 190000      2.151163424224371    0.02511525075174453     0.1614741882992517      -2.69427927479241
                 191000      2.350604151667337    0.02510948362808344     0.3484413965075302     -1.925384175811634
                 192000      2.318114680173153    0.02510515266785526     0.2598090595442475     -2.219079755709294
                 193000      2.476411005220169    0.02505955127658789      4.393323534367516     0.6069964911099915
                 194000      2.735082818920319    0.02501205150259157      5.701868388434486     0.8658071151707015
                 195000      2.489397055364599    0.02496732936603103      4.435807291108501     0.6129332091504472
                 196000      2.310871321195373    0.02496291820756768     0.2747032011381096      -2.16901714292164
                 197000      2.246801099470805    0.02496005162558591     0.1770682893044989     -2.608287755926475
                 198000       1.92690518929266    0.02495510604964886     0.3093838944192104     -2.050438506108853
                 199000      1.677668225533487    0.02495313203510861     0.1214927401116107      -2.98524598558841
                 200000      1.613675231461752    0.02495170087254759    0.08784529669840631     -3.309580574752715
                 201000      1.873696972590143    0.02494768907959087     0.2499820132538707     -2.263929677067463
                 202000       2.46301970446215    0.02490448124962176      4.215723333980544     0.5595243811361522
                 203000       2.22373329867337    0.02490215501147024     0.1451702472220741     -2.809238322378023
                 204000      2.240970119587483    0.02489893688235177     0.2019594914311227     -2.479207594311747
                 205000      2.470756561679545    0.02485446339094441       4.73794447189773     0.6742961734430518
                 206000      2.551500521247144    0.02481779683101854      3.199358756994035     0.2801668490267601
                 207000      2.604134616830868    0.02477888722053178       3.60433121659655     0.3977836446355092
                 208000      2.562513816811711    0.02474232836102732      3.277995164888915     0.3014029188343515
                 209000      2.641855457345266    0.02469932987244308      6.540409544307727     0.9904313353357138
                 210000      2.729187544449054    0.02465667935518303       6.51916186447586     0.9854490885996062
                 211000       2.23670952071796    0.02465349826722556     0.2130809256976389     -2.435509006844395
                 212000       2.56074245992625    0.02461851844424676      3.220837374508449     0.2787957597474569
                 213000      2.557037184890233    0.02458299000507755      3.352103075452781     0.3172981109175031
                 214000      2.676895750922439    0.02455144418914684      8.605089954269795       1.25878000005998
                 215000      2.599289819983976    0.02451575398774471       3.50247655414037     0.3584416737588453
                 216000      2.492212245482606    0.02447593583541604      4.523327625907458     0.6125937852476607
                 217000       2.33021632879553    0.02447166657717118     0.3030792998166564     -2.090589372280205
                 218000      2.521967534667029    0.02443500509060794      3.821185315284063     0.4422328432796994
                 219000      2.559971770686932     0.0244001994588592      3.519951994523673     0.3586940961846516
                 220000      2.482242260534869    0.02436088956587271      4.741804713858372     0.6550522019990406
                 221000      2.437556262751281    0.02432930215941573      3.081031249590291     0.2226012740936172
                 222000       2.41133270935992    0.02430765303027758      1.851948607642633    -0.2873149357550888
                 223000      2.532164691107632    0.02427236791576716      3.827769731700148     0.4372763363998453
                 224000      2.627971550349598    0.02423360628512084      5.077897866177892     0.7182931671494934
                 225000       2.67570857032073    0.02420390297738156      8.537604972464045      1.236649858271708
                 226000      2.749498045844872    0.02416929344901746      3.905961365919786     0.4532423409537231
                 227000      2.704986386685766    0.02413847436696439      8.334135931639862      1.209822295429211
                 228000      2.622420273651312     0.0241016526562425      4.784812403092405     0.6533826698022004
                 229000      2.323353557804615    0.02409771377007404     0.3103472514524968     -2.082291032982607
                 230000      2.368537285901204    0.02409046995914434     0.5856974321501894      -1.44748018744814
                 231000       2.35595070795547    0.02408447497605149     0.4807501484503061     -1.645184706895614
                 232000      2.549649042970762    0.02405182282776072      3.710817341416103     0.3971183847260918
                 233000      2.310930563662516    0.02404757400859683     0.3393665545264797     -1.994984917558508
                 234000      2.294481675514062    0.02404342813604927      0.331168510595282     -2.019610799084708
                 235000      2.653900255545303    0.02400951855637818      7.505064401372594      1.099683842191561
                 236000      2.516191712191592    0.02397557065855318      4.196598099220729     0.5169650812030435
                 237000      2.680887139040696    0.02394891663396807      8.865185176911197      1.263710353970333
                 238000      2.103384528087643    0.02394641464609316     0.2047514892680027     -2.504484233879298
                 239000      2.033488266929237    0.02394180049387074      0.383856841623929     -1.876204260496561
                 240000      2.773474978217357    0.02392361588645461      1.719856844971177    -0.3772374210487296
                 241000      2.635120223710295     0.0238876936900688      6.130743322599566      0.892334858140121
                 242000      2.594995464191209    0.02385697107284879      3.669588274313772     0.3778113695117254
                 243000      2.536118812757141    0.02382507771695764      4.006946637763751      0.464423663616235
                 244000       2.67095619201441    0.02379870143920116      8.809288399484339       1.25109312036586
                 245000      2.416784454171085     0.0237783519811034      2.082336487078079    -0.1920784017234256
                 246000      2.085220442147615     0.0237754220907583     0.2527500190577534       -2.3010465460737
                 247000      2.645720184123155    0.02374258874791065      7.265058367921154      1.056002197955806
                 248000      2.234094797773902    0.02374005075420542     0.2210237024058617     -2.436666367633586
                 249000      2.469639889154895    0.02370741651868631      4.572666323049822     0.5915398455066672
                 250000      2.290348018605865    0.02370354702449582      0.343665520015411     -1.996806281959091
                 251000      2.555296773031356    0.02367361755600222      3.843077329598514     0.4162901161552973
                 252000      2.737704564506211    0.02364019173049093      5.274615996002246     0.7315096204556694
                 253000      2.645621083852693    0.02360854778367903      7.323936428183209      1.058412225299958
                 254000      2.604295095226427    0.02357844727934377      4.097490158567014     0.4763631114854869
                 255000      2.314597951070215    0.02357407605390848     0.4046067188779378      -1.83903667440852
                 256000      2.295981764873637    0.02356969109431168     0.4062875904134872     -1.835076970614312
                 257000      2.667408635646698    0.02354441886799346       8.81181344933273      1.240637498055029
                 258000      2.574906678002951    0.02351626664569917      3.727734442973243     0.3791484783371246
                 259000      2.243475087295513    0.02351341394239554      0.266347377650093     -2.259727389031698
                 260000      2.492159491685285    0.02348230749020313      4.735823986326708     0.6170584344614846
                 261000      2.213500643635673    0.02348017502224566     0.1996789656764971     -2.549232486910791
                 262000      2.556085880289566    0.02345111860359372      4.093683943960212     0.4700189176230162
                 263000      2.371012567193926     0.0234441175826913     0.6898523933932736      -1.31100257504394
