#! FIELDS time e sigma_e height
#! SET action OPES_METAD_state
#! SET biasfactor       5.011348439085033
#! SET epsilon    0.001910020759284688
#! SET kernel_cutoff       3.538542402811424
#! SET compression_threshold                       1
#! SET zed       0.132859737416509
#! SET sum_weights       169.1255558083475
#! SET sum_weights2       493.6457579442832
#! SET counter  164
                      0      2.682028575545184    0.03871594464997873      134.2526433660403
                      0      2.539460150849971     0.0408295309141224      35.31987475601674
                      0      2.432116369832046    0.03501537191569226      15.50884125692573
                      0      1.867093934561013    0.04034450114697859      1.364660215383567
                      0      1.806812767940195    0.03546955364144849     0.3393418199054408
                      0       1.99045886521006    0.03346055535110911     0.9768534307601859
                      0      1.674320268870453    0.04237322025161895     0.4127842165665671
                      0      2.231692922181897    0.04211907652067824      1.212618468750994
                      0      2.047288255990103    0.03475820822815764       3.10755809641107
                      0      1.732328691980092    0.03342904241021605     0.6563544843436946
                      0      1.471133532339516    0.03636523554242207    0.02502116801990795
                      0      2.626905676666692    0.03778989407560074      62.33868566568151
                      0       2.47937196200077    0.03398386650675154       29.3560694364549
                      0      2.295995090648655    0.03249173489495671      1.889802075783321
                      0      2.785413975704515    0.03228093161046784     0.6713195450022901
                      0      2.102537386655741    0.03304580797490037     0.4325665280733053
                      0      1.942175061588977    0.03258792504753403      1.172071779425786
                      0      2.349777809599288    0.03372829703101574      1.383903524586531
                      0      1.626854010039666    0.03128768398771491    0.08037869133399257
                      0      2.735975888639403    0.03091509037947433      18.59599327557289
                      0      2.169467518204166    0.02832728143806529    0.09634104262124853
                      0      1.574160818222278     0.0283264922573928    0.02466729153311204
