#! FIELDS time e sigma_e height logweight
#! SET action OPES_METAD_kernels
#! SET biasfactor       2.698418390276557
#! SET epsilon     0.01374333274381851
#! SET kernel_cutoff       2.928208142815685
#! SET compression_threshold                       1
                   1000      2.700742039001891    0.06053155025577301    0.06672079877255445     -2.698418390276557
                   2000      2.705970396984778    0.05395624540603371      1.118976168918808   0.006243017974134801
                   3000       2.49454951801227    0.05331610247738355    0.07575034926304679     -2.698418390276557
                   4000      2.655680725408497    0.04984417532731271      1.375681090676747     0.1335060305260821
                   5000       2.45145436617254    0.04899292227297951     0.1972354933740358      -1.82602558427852
                   6000      2.570126875317071    0.04714353534487517     0.6249754247184535    -0.7111906212862334
                   7000      2.527492653440041    0.04542414063455719     0.8108592125108741    -0.4879617037891728
                   8000      2.454434839276515    0.04411681776404988     0.6920433368716311    -0.6756101970611611
                   9000      2.511977800107886    0.04283303311245071      1.301245669498961   -0.07371294264052754
                  10000      2.321218391784629    0.04264451511322368    0.09861046771284072     -2.658023758415724
                  11000      2.593785385855153    0.04162592410907971      1.512632134960926    0.04822985571546785
                  12000      2.461205460824793    0.04069156984684923      1.346596763650006    -0.0907431265207994
                  13000      2.635199931298132    0.03991319879196354      1.648491884604923    0.09222336438449967
                  14000      2.754442609273382     0.0393216415858349     0.7381066924039081     -0.726236413607049
                  15000       2.66447564546388    0.03877051244233914      2.010011664759145     0.2614559322867862
                  16000      2.451743293198393    0.03814664314216969      1.459362026993628    -0.0749074269846049
                  17000      2.689538355570581    0.03765619060535062      2.074336127199871     0.2637939674088892
                  18000      2.497289956500637     0.0371348042126548      1.730044504226585    0.06835721973747884
                  19000      2.309273993058053    0.03701936489710094     0.1925515044129214     -2.130295016542851
                  20000      2.552174710193154    0.03654419548623065      1.699561576063339     0.0345481225035967
                  21000      2.795224246148923    0.03631644664838975     0.4718198534316497      -1.25323188055402
                  22000      2.701065282400607    0.03594083291785118      2.192175815972283     0.2724240679829659
                  23000      2.713298687465213    0.03559094330486644      2.298364083321953     0.3099442434646615
                  24000      2.658043073547504    0.03531955433933629      2.710642967721274     0.4672780598472016
                  25000       2.47109392228041    0.03495654736379552      1.824197382870043    0.06090132416153139
                  26000       2.66922723435647    0.03473674710589978        3.0055402612437     0.5539108980608868
                  27000      2.621361790318311    0.03441834924819923      2.307188748367772     0.2802750596723869
                  28000      2.646074306980793    0.03417561826347694      2.958433005077749     0.5218276493112837
                  29000       2.67193008881226    0.03397761699651219      3.318698504975745     0.6309301114681558
                  30000      2.542109144532039    0.03370694613290277      1.592518552316791    -0.1113238711967821
                  31000      2.376387408529831    0.03361897099469753     0.3655949169137792     -1.585483384556924
                  32000      2.373218107361252    0.03350875284209814     0.4787715620663089     -1.319069579892722
                  33000      2.240874695027407    0.03347105688892688     0.1521480746086455     -2.466564527575692
                  34000      2.603637341127504    0.03321755718711436      2.590434274956597     0.3605595402399138
                  35000      2.667316210887253    0.03311966625972031      3.966208157362193     0.7835932047322302
                  36000      1.971080111975102    0.03309320002643978     0.1220405817744876     -2.698418390276557
                  37000      1.961849736253054    0.03305112299304976     0.1984234234920441     -2.213641047036252
                  38000      1.978558564936444    0.03299151992875509     0.2892286514380027     -1.838631727876834
                  39000      1.815012704717021    0.03296542983275473     0.1225135969558418     -2.698418390276557
                  40000       1.89029766726118    0.03293405580252016     0.1488198302760551     -2.504856206531814
                  41000      1.903068368157604    0.03287927986257003     0.2688901542280089     -1.914954225635988
                  42000       2.39871598830756    0.03271299776782593      1.006668845439777    -0.5999253709801387
                  43000      2.623908358643666    0.03260693943152321      4.016907348119984     0.7806928596626073
                  44000      2.683317079495142    0.03255392049904718      4.576185830977789     0.9094191077881568
                  45000      2.523641169007599    0.03233248006892588      2.206750854166379     0.1732489696320859
                  46000      2.706328811778754    0.03217813111256181      3.943281687056509     0.7489557937258179
                  47000       2.67071450548851    0.03214024933289687      5.109362377952682       1.00683917293462
                  48000      2.076608652856767    0.03212132270457137     0.1257330970194271     -2.698418390276557
                  49000      2.489318638541275    0.03191907228709172      2.309338513143485     0.2058202718284407
                  50000      2.435952671814818    0.03174609393243483      1.736592718378138   -0.08464988459959019
                  51000      2.307544923105625    0.03170116163639344     0.3349267280122598      -1.73183473076084
                  52000      2.513881931236462    0.03150943598262795      2.618706494130064     0.3186229850861927
                  53000      2.697997856014583    0.03141432847893836      4.796414329984456     0.9207881717674937
                  54000      2.472234194259988    0.03123362588011114      2.620275130358051     0.3104300286493706
                  55000       1.99293868745064    0.03119280566190894     0.3506848440738831     -1.702024420738911
                  56000      2.744136490171476    0.03102285687086639      2.403768302037138     0.2174173208362795
                  57000      2.476319289159588    0.03085378748508695      2.827044443852282     0.3741467513799375
                  58000      2.666190883186055     0.0307845550752941      5.202890515688547     0.9818828829420857
                  59000      2.502206987019773    0.03062303535957157      2.949127245323888     0.4089172305978166
                  60000      2.557926121648687    0.03047569469326434      2.283490828431157     0.1482902455811502
                  61000      2.311041046613132    0.03043652371256798      0.412207091331511     -1.564930644100824
                  62000      2.648399234681757     0.0303352923676022      4.825603454726318      0.891903032396155
                  63000      2.707486866087757    0.03021185140586475      4.414302224976336     0.7987394909630181
                  64000      2.645747058516823     0.0301090069257035      4.919100786211597     0.9036055449535422
                  65000      2.552209035532943    0.02997561435848581       2.44528860959147     0.2002027908706677
                  66000      2.693968987745425    0.02988671107322864      5.232915088069423     0.9580378746830952
                  67000      2.686262404626437     0.0298137553519187      5.653420720624101      1.032886113014136
                  68000      2.677882485610073    0.02974827080519505      5.939851458244529      1.080110569917469
                  69000      2.585933420844384    0.02962877833152244      2.429065598893447     0.1819082239161988
                  70000      2.497129468575242     0.0295037960177122       2.90573334281755     0.3568601714471882
                  71000       2.53043583215506     0.0293809435304989      2.994519664530676     0.3827855623124869
                  72000      2.520195240907503    0.02925912972332495      3.253694711966723     0.4616382751333247
                  73000      2.408046640281849    0.02919455031405877       1.12646663708146    -0.6012766394335839
                  74000      2.184996638398272     0.0291844357835605     0.1523268952255191     -2.602435457104027
                  75000      2.125183205000728    0.02917376782387977      0.161132225039946     -2.546604596431136
                  76000      2.674777810517042    0.02913486743770018      6.498376920474201      1.149143529607312
                  77000      2.579316345787125     0.0290247961276844      2.770099013672471     0.2926890058810532
                  78000      2.636948360989815    0.02893171562152915      5.234706936760558     0.9259047187535445
                  79000      2.655890922376695    0.02887130368570057      6.269387613490853      1.104182268116104
                  80000      2.723140911191356    0.02876153100365682      4.086940783544168     0.6724909184973873
                  81000      2.507309818344352    0.02865529921398004      3.318170028496025     0.4604072624014614
                  82000      2.641693437049931    0.02856929173561122       5.49201193144529     0.9612825236372337
                  83000      2.653206646315562    0.02849721617239922      6.055693811510721      1.056460797451252
                  84000      2.437330629578172      0.028424462777167      1.810945509920704    -0.1532453323681665
                  85000      2.567146960454485    0.02833302804354738      2.729938083008057     0.2539625593312734
                  86000      2.702688024909062    0.02824472970118066      5.232372134379188     0.9014270569428131
                  87000      2.698190208456349    0.02816461050893615      5.658907178378828     0.9769524766737593
                  88000      2.568081139571434    0.02807891614982574      2.734003522388088     0.2464414442028944
                  89000      2.505344261033341     0.0279895273964463      3.159508941201468     0.3879024736033857
                  90000      2.698009448907758    0.02791428240389136      5.764798731134979     0.9865641506458794
                  91000      2.410911027033336    0.02786707780471643      1.246911726231594    -0.5462287018664814
                  92000      2.697081754535977    0.02779599131136947      5.944822611925602      1.013067942146004
                  93000      2.777165811233116    0.02776008244216797     0.9394941591501058    -0.8331591338941212
                  94000      2.582939763780538    0.02768104863197833      2.826868251010723     0.2655729257219978
                  95000      2.473265146063183    0.02760504337414685      2.700023554477494     0.2169144216078711
                  96000      2.656111803142026    0.02753986634628967      6.112391628699629      1.031608203178459
                  97000      2.723711646948788    0.02745648279065984      4.216860001746469     0.6573485207583843
                  98000      2.520285093686719    0.02737917044962975      3.178568944534427     0.3718690375650117
                  99000      2.454888849508016    0.02731400871313594      2.339576054566963    0.06302488772675098
                 100000      2.342113861438555     0.0272982099837589     0.4334330324008999     -1.623541406433818
                 101000      1.629940359000897    0.02729262997926742     0.1479781679916581     -2.698418390276557
                 102000      2.647472674897984    0.02722741879153811       5.93869027287188     0.9913685634313595
                 103000      2.507237573917106    0.02715278849682871      3.339769012508165     0.4130368326147502
                 104000      2.229304600517344    0.02714549231759748     0.2033915939921609     -2.385755682138088
                 105000      2.278650440031427    0.02713403717610802     0.3246655025901187     -1.918515487532274
                 106000      2.466367037431509    0.02706479280216819      2.916771423412348     0.2743664900887737
                 107000      2.267914215009284    0.02705257037653744     0.3536061988134709     -1.836133956073052
                 108000      2.421788027120784    0.02700337576322251      1.727962374688361    -0.2514397795280435
                 109000       2.60570830252248    0.02693003753798669      3.748787468171845      0.520330184385319
                 110000      2.618759242757453    0.02685761978498064      4.579138517828334     0.7177158932359597
                 111000      2.700443178801731    0.02679872570437756      6.040198700234271     0.9924466846155274
                 112000      1.863455054415013    0.02679157520728291     0.2186324664749627      -2.32662027631746
                 113000      1.889905409561327    0.02678240923045645     0.2828542910841821     -2.069422648634902
                 114000      1.730386433657999    0.02677742192735715     0.1516590553455951     -2.692905829668943
                 115000      1.832501318336005    0.02676990709911264     0.2309688455900219     -2.272538620163042
                 116000      2.005985143217035    0.02675963127986753     0.3197660165205936     -1.947615854853665
                 117000       1.86722581279214    0.02674875995406732     0.3397550156872725     -1.887386909995302
                 118000      2.079233308135106    0.02674224454464447     0.2004860826847572     -2.415110502169055
                 119000      1.970982101282017    0.02672978821647001     0.3931105828432921     -1.742230280580278
                 120000      1.965237524133202    0.02671585300167496     0.4435854401385548     -1.621952273726588
                 121000      1.989239102234042    0.02669974474934017     0.5190195108602187     -1.465504360154642
                 122000      2.130795759194539    0.02669286474964236     0.2138792041908958     -2.352292160100503
                 123000      1.682388270368473    0.02668751745658221     0.1654303461785256     -2.609353658889832
                 124000      1.983612506859482    0.02666867332147324     0.6181142827089622     -1.291936884635588
                 125000       1.76915108208644    0.02666283043726165     0.1819043390819313     -2.515348424694001
                 126000      1.962039739894259    0.02664323718859172      0.648063518681109     -1.245575772621853
                 127000       2.00376579841999     0.0266234588728409     0.6572984759328118     -1.232168884971487
                 128000      2.690806824873492    0.02659001913542943      7.297741811643822      1.173756322108039
                 129000      2.449045141853486     0.0265305127915049      2.797063257861857     0.2125209647713571
                 130000      2.545455071358782    0.02646606517352936      3.490120187459238     0.4314549639524504
                 131000      2.576787229732287     0.0264029347017069      3.425885470598207     0.4104905745576543
                 132000      2.678514561819859    0.02637670847371664      7.677827475797793      1.216473430116676
                 133000      2.465799605551437    0.02631594693373794      3.317819459600452     0.3751383183686525
                 134000       2.53782014278048    0.02625357176866442      3.764006478106299     0.4989414277282369
                 135000      2.664821190375214    0.02622404246494499      7.622703025978484      1.203463113710362
                 136000      2.598546106655398    0.02616238581589066      3.999895202573347     0.5562463225416167
                 137000      2.693146079453569    0.02612702352597799      7.409253549589821      1.171355299289073
                 138000      2.697045131597562    0.02608897123566557      7.335364076753254      1.159875150695597
                 139000      2.506349511987383    0.02602989591544762      3.896994055245685     0.5251066590241701
                 140000       2.70220492205104    0.02598782633480686      7.106762068941351      1.124330383133628
                 141000      2.618176847515252    0.02592897709170077      4.887706765042947     0.7477398169998311
                 142000      2.662361561969921    0.02589665684476961      7.799077076556503      1.213774721975779
                 143000      2.699522536530703    0.02585773179122964      7.447062403125416       1.16608474251162
                 144000      2.651951120012655    0.02581719040083651      7.383518223805797      1.155946251544316
                 145000      2.687102920680138    0.02578853961081869      8.265722462301788      1.267702769597343
                 146000       2.57502977422976    0.02573735828879395      3.398348894950705     0.3768886986348275
                 147000       2.53303619056562     0.0256845644413779      3.764312786712547       0.47711096167179
                 148000      2.610363337500921    0.02562976975230608      4.570181365192467     0.6689628847469314
                 149000      2.712242304288257    0.02558134559284306      6.530242311515083      1.023962885891308
                 150000      2.636285074431769    0.02553135528040246      6.242157724567479     0.9768886652230263
                 151000      2.404192457360745    0.02550629884617619      1.346388048122754    -0.5579936400441299
                 152000      2.723341197273873    0.02545389326303912       5.37501646315518      0.824285782932984
                 153000      2.631508823002684    0.02540394912410353      5.995397601007385     0.9315521854272014
                 154000       2.52371094626075    0.02535565299272805      3.730157897850285     0.4551077053186457
                 155000      2.518063566870302     0.0253072486646937       3.86563746673687     0.4888729025799854
                 156000      2.567563412534124    0.02526131890543885      3.498594310661136     0.3872910288342998
                 157000      2.518853816066003    0.02521342441821409      3.997937113781823     0.5188105119967502
                 158000      1.868168326525782    0.02520630495339536      0.371800138584543     -1.856649233390727
                 159000      1.661883236433193    0.02520238435104852     0.2013595790193709     -2.470068973919278
                 160000      1.884753562455207    0.02519440209661895     0.4198520104704735     -1.735575717223682
                 161000      2.020762903552066     0.0251852788899427     0.4838900708531124     -1.593982433832264
                 162000      1.895090025546553    0.02517661885897116     0.4588674506534495     -1.647422710614593
                 163000      2.649056898445731    0.02513894191438308      7.386499480171453      1.129727491724952
                 164000      2.533060895544456    0.02509217352187113      4.091084647907808     0.5370215533987541
                 165000      2.328454034957293    0.02508407203055091     0.4415857203630412     -1.689494618648393
                 166000      2.451354551112797    0.02504686930596788      2.648718392894766     0.1004801773836779
                 167000      2.605069469180735    0.02499974281527513      4.662895937756999     0.6641576761948226
                 168000      2.678060302437872    0.02497258300457161      8.317169240979206      1.241755942516302
                 169000      1.914864922505692    0.02496471106404824     0.4464535329173512     -1.683301245672868
                 170000       1.93563386409258     0.0249556476468817     0.5187282714630754     -1.533619501698087
                 171000      1.939238236906322    0.02494532396983733     0.5968048633087298     -1.393823254777772
                 172000      2.184254460308027    0.02494134782374379     0.2214155689658436     -2.385531521426053
                 173000      2.016778712242536    0.02493124002922993     0.5851770299630107     -1.414063787688889
                 174000      1.829236755644601    0.02492560358697401     0.3178552883720919     -2.024608098329183
                 175000      2.061224685720805    0.02492045195873867     0.2899778463287707     -2.116606482970717
                 176000      2.511098585644358    0.02487555620246831      4.292448990818322     0.5763985108625633
                 177000      2.465813432914187    0.02483592944943689      3.243667076301993     0.2946513140787475
                 178000      2.679622619347047    0.02481216125284894       8.58621687219968      1.267147572153998
                 179000       2.53875729281076    0.02476867131141551      4.251697897192009     0.5625534471764906
                 180000      2.699485374042654    0.02473641416323034        7.8263289375723      1.171425407665573
                 181000      2.421121031062185    0.02470988872321934      1.905001344032984    -0.2426583314337989
                 182000       2.05010638681935    0.02470358679964868     0.3844408699013355     -1.843361400824423
                 183000      2.071800606351366    0.02469783047690751     0.3503477555323469     -1.936458187933379
                 184000      2.011422828632129    0.02468691722696443     0.6887620396897257     -1.260930564010309
                 185000      2.741603459660981    0.02464689555829517      3.703508136189154     0.4195869048561267
                 186000      2.722137476934603    0.02460480296166631      5.916916537795731     0.8864125621047734
                 187000      1.617973637270875    0.02460151380667423     0.2024177450222918     -2.488958256697266
                 188000      1.918495871384997    0.02459223998025612     0.5944982592289951     -1.411951107986776
                 189000      2.692424181437092    0.02456628168329889      8.425866091028466      1.238336548294451
                 190000      2.412128868407679    0.02454272395346182      1.743167484443308     -0.338225276874118
                 191000      2.592417691875073    0.02450265990131665      4.105039354234346     0.5166524465970825
                 192000      2.361368598564187     0.0244928385094947     0.6542333046017894     -1.320255049410548
                 193000      2.326438071617386     0.0244851621171413     0.5044459057816881     -1.580571924372949
                 194000      2.508992349787684     0.0244446640820713      4.454835482699496     0.5960575234832294
                 195000      2.689643666865666    0.02442264016568545      8.797565833322395      1.275641088880271
                 196000      2.715879619086587    0.02438591847186273      6.935465392207141      1.036309450934564
                 197000      2.701962095264019    0.02435786708871443      8.248832463876823      1.208581989653303
                 198000      2.527154104038983    0.02431870834303407      4.520614373964155     0.6055492906212343
                 199000      2.656737309265735    0.02429038652231394      8.229887398581317      1.203508426252432
                 200000      2.615598178790073    0.02425096777155587      5.293050599562819     0.7605067150139987
                 201000      2.473927165946572     0.0242167232026168      3.492391003382724     0.3432854766071973
                 202000      2.193396643435697    0.02421308428332847     0.2578992494548016     -2.262637678622538
                 203000      2.636798005332317    0.02417746328612256      6.916881777377716       1.02504142574027
                 204000      2.517167762447633    0.02413996664674262      4.601243811688355     0.6158509325774688
                 205000      2.641757821107104    0.02410688914576024      7.378501633050004       1.08672368134264
                 206000      2.443621162103013    0.02407907617737409      2.648698157489685    0.06106695072068943
                 207000      2.605042750794059    0.02404195145764213      4.949406472035434     0.6847233843451992
                 208000      2.636493793940566    0.02400857421519802      7.177218345914022      1.054978354281799
                 209000      2.396380727552539    0.02399218237855501      1.390867818214418     -0.586688637183361
                 210000      2.477658591657017    0.02395924854734728      3.722360145148071     0.3963677624634966
                 211000      2.614999165086719    0.02392306525641022      5.804751168959157     0.8391752541013838
                 212000      1.946148957797978    0.02391477696527988     0.6677211142803879     -1.323732697489198
                 213000      2.555591791000819    0.02388152986793477      3.971044767791884     0.4577900148393603
                 214000      1.632955046749935     0.0238783563203467     0.2479039312811609      -2.31608608860498
