#! FIELDS time e sigma_e height
#! SET action OPES_METAD_state
#! SET biasfactor       2.698418390276557
#! SET epsilon     0.01374333274381851
#! SET kernel_cutoff       2.928208142815685
#! SET compression_threshold                       1
#! SET zed      0.1384315054230437
#! SET sum_weights        289.261230514527
#! SET sum_weights2       629.8196578426615
#! SET counter  215
                      0      2.681138960928984    0.03401242553676541      270.7114573474017
                      0      2.463594383055551    0.03201482228014058       46.7264701938114
                      0      2.522486869726694    0.03218517098285587      95.13362480719584
                      0      2.322794351751783    0.03162313926395999      2.417760450015162
                      0      2.624303934573683    0.03214013465661852      115.8842063192603
                      0      2.723591053033388    0.02827853671651731      39.90682462059397
                      0      2.783202970957474    0.03203884191662738      1.411314012581756
                      0      2.408069477888131    0.02991543442850792      12.33780075723475
                      0      2.234255855632346    0.03055706665620394     0.3555396686008064
                      0      1.981898574231138    0.03198230897072422      4.559335328463959
                      0      1.827764132670052    0.02788271342067437     0.6713377309179556
                      0      1.882829632534762     0.0302508245683759      2.509471357458947
                      0      2.064907680831484    0.02807255755173631      1.350985651466637
                      0      2.188166196657631    0.02611123148242558     0.6316417136461643
                      0      2.128384197106256    0.02792455812350432     0.3750114292308418
                      0      2.573378628129246    0.02836067178334168      26.68972265464315
                      0       1.62714088663048    0.02587712856637074     0.5982998442951108
                      0      2.273053279318648    0.02761736337738564     0.6782717014035896
                      0      1.730386433657999    0.02677742192735715     0.1516590553455951
                      0      1.671131458996791     0.0278212683387813     0.3667899251978965
                      0       1.76915108208644    0.02666283043726165     0.1819043390819313
                      0      2.015776897752035    0.02519776081906005      1.757829140505849
                      0      1.931990851961906    0.02743282050639829       2.82420604119854
                      0      2.361368598564187     0.0244928385094947     0.6542333046017894
