#! FIELDS time e sigma_e height logweight
#! SET action OPES_METAD_kernels
#! SET biasfactor       5.011348439085033
#! SET epsilon    0.001910020759284688
#! SET kernel_cutoff       3.538542402811424
#! SET compression_threshold                       1
                   1000      2.614006225569371    0.06321896844457647   0.006322704301097473     -5.011348439085033
                   2000      2.693270836519947    0.05611899294965737     0.5707647279919446    -0.6276484410142541
                   3000      2.439538502224313    0.05601023860650665    0.00809398850295143     -4.885443708910048
                   4000      2.553750094108806    0.05391147290739779     0.1962401623690365     -1.735417303164768
                   5000      2.308863124552347    0.05377050368307359    0.01278192249783216     -4.469342915237962
                   6000      2.450473117115667    0.05131413067076064     0.3148968866190769     -1.311888434115166
                   7000      1.984052942918013    0.05124664685959581   0.007799824343446258     -5.011348439085033
                   8000      2.609025436879122    0.04905353594222744      1.484270894088978     0.1934913809904234
                   9000      2.136243695213254    0.04900990934257963   0.008847295589196143     -4.929965502880306
                  10000      1.994724598954198    0.04878964705575211    0.04609990467317044      -3.28377081917576
                  11000      1.610761629442697    0.04875017621670251   0.008199249207196118     -5.011348439085033
                  12000      1.774524600851895    0.04871034152891622   0.008305725825973392     -4.999263346425471
                  13000      1.513265086884184    0.04863127376963451    0.01664903565171075     -4.305480728115485
                  14000      1.847649924916832    0.04847619922896217    0.03330026772235988     -3.615461464594464
                  15000      2.645674281910923    0.05079616057589381      4.182043681419803      1.264276256346061
                  16000      2.697824679983064    0.04805653543618437      3.282129170688054     0.9665259263876831
                  17000      2.695501391025608     0.0462377534442816      4.453460073543684      1.233133414942751
                  18000      2.247522516880133    0.04621606532682525    0.01976036848535417     -4.185094029025165
                  19000      2.443699842214277    0.04589005818176513      0.317105440488548      -1.41661700653624
                  20000      2.446407470002655    0.04537136893819725     0.5478143920016503    -0.8812820463728238
                  21000      2.534182878932234    0.04456374649861621     0.9921068390212288    -0.3053483693906582
                  22000      2.484895656020088    0.04377036959706829      1.087823430950205    -0.2312086194480245
                  23000      2.347677533639197    0.04364115936927558     0.1582673988032346     -2.161813113902003
                  24000      2.554318735931246    0.04257740049601329       2.01882099165676     0.3594927190136296
                  25000      2.607633080679031    0.04152678302222118        3.6701606361172     0.9322294620474973
                  26000      2.301701073236754    0.04145628138342799     0.1206358757612283     -2.484683712541607
                  27000      2.597230877578069    0.04059381538697199      4.281682089551616      1.063617106374354
                  28000      2.480100314144682    0.04003610748548861      1.497419171643609 -0.0008197541273738166
                  29000      2.192899798384273    0.04002234198670587    0.03004706443276553     -3.909897026569606
                  30000      2.679995817998732    0.03934872017679525      4.745912659455873      1.135402642879716
                  31000      2.727537150003057    0.03867308512058163      3.424276433606081     0.7916895100729909
                  32000      2.666625681154686    0.03822435244392482      5.911603948131622      1.326045439026447
                  33000      2.660265756492897    0.03780987055874217      6.406227715059781      1.395496229916476
                  34000      2.464159504727179     0.0375282937522556      1.292175951670291    -0.2129218320863384
                  35000      2.379740924839231    0.03744626082953732     0.3401694821705261     -1.549749010179941
                  36000      2.515901794695232    0.03707481711277281       2.00311411170366     0.2132964183479809
                  37000      2.542992219784021    0.03664140761879912      2.874731569863688     0.5627936972759475
                  38000      2.425186421332606    0.03643468573675603      1.088489839158287    -0.4140320695192662
                  39000      2.554713043252548    0.03601030156797481      3.538352754569875     0.7531217852467821
                  40000      2.636208336829323    0.03566234510981094      5.963097087026947      1.265340802667743
                  41000       2.68137166725885    0.03535134659414849      6.470485442653366      1.338243058056241
                  42000       2.66911241514281     0.0350822232230669      7.130741481670278      1.427765202717104
                  43000      2.597006458043685    0.03473396568562426      4.613081299154354     0.9822695125262687
                  44000      2.573984181333588    0.03440987002525758      4.250321255710387     0.8909934500011449
                  45000      2.480334711960662    0.03422143502737698      1.776123222755459    0.01294066504919146
                  46000      2.541556364904489    0.03393767176275264      3.649300532582892     0.7247166109297832
                  47000      2.450330036232143    0.03377881734961424      1.576197004560564    -0.1194956753106688
                  48000      2.721034868008604    0.03350313343036464      4.261485843825684     0.8669122965682964
                  49000      2.589940411356552    0.03323735480477507      5.088393586685418      1.036292004841268
                  50000      2.507210101118838    0.03302595957876558      2.857811350532947     0.4530054137142263
                  51000       2.18250145712922    0.03302292630444829     0.0295114354722645     -4.120119953097812
                  52000      2.423326003319306    0.03291733217746005      1.176695065694034    -0.4376355121273567
                  53000       1.72844676765728    0.03291578842449321    0.01523645689941183      -4.78445637090795
                  54000      1.887544756451005    0.03291338612160927     0.0237377463945914     -4.341153937129254
                  55000      1.724279015820725    0.03291124273305862     0.0211802478825204     -4.455216473680688
                  56000      1.954714217904954    0.03290814193748161    0.03068270173882024     -4.084680704233504
                  57000      1.866537643102703    0.03290457477869123    0.03533084981967682     -3.943731627224282
                  58000      1.788550866265916    0.03290189982535106    0.02648067218514485     -4.232154324266713
                  59000      2.653445496956508    0.03269948735413271      6.861557704693783      1.318949324930795
