#! FIELDS time e sigma_e height logweight
#! SET action OPES_METAD_kernels
#! SET biasfactor       4.240371756148875
#! SET epsilon    0.003891431002318289
#! SET kernel_cutoff        3.33135957893421
#! SET compression_threshold                       1
                   1000      2.688587651694045    0.06284082615044533    0.01375115918422312     -4.240371756148875
                   2000      2.582178829283646    0.05734344686938755      0.350872086958768     -1.092619537302499
                   3000      2.509509165046258      0.052214290169398     0.9065487392761795    -0.2370988305584048
                   4000      2.689471835396644    0.05060232069792766     0.2408203399484298      -1.59405122427531
                   5000      1.773606332871014    0.05048030156740753    0.01711824566873805     -4.240371756148875
                   6000      1.873886652711473     0.0502671613432531    0.03061925859416804     -3.663118656487556
                   7000      2.662545711817202    0.04768074874178622      1.104536763330707    -0.1303908077434982
                   8000      2.636436187538885    0.04683562568062764      2.113502339513486     0.5006460315651506
                   9000      1.976121962969911    0.04675477287128972    0.02763142547961009       -3.8382297678387
                  10000      2.211947541424397    0.04670078533212327    0.01850363323694404     -4.240371756148875
                  11000      2.708534515126051    0.04512585314663345      2.015407987363822     0.4159324105706565
                  12000      2.464227819431128    0.04401998541508206     0.7516310758397733     -0.595210483498502
                  13000      2.630089057731384    0.04330575778221578      2.867963205930786     0.7275431316128955
                  14000      2.163484276230881     0.0432548179087934     0.0375658445870917     -3.608895968375717
