#! FIELDS time e sigma_e height logweight
#! SET action OPES_METAD_kernels
#! SET biasfactor       2.698418390276557
#! SET epsilon     0.01374333274381851
#! SET kernel_cutoff       2.928208142815685
#! SET compression_threshold                       1
                   1000      2.666263087211493    0.06053155025577301    0.06672079877255445     -2.698418390276557
                   2000      2.460064218418888    0.05920511112449938    0.06821562036279934     -2.698418390276557
                   3000      1.721764938738728    0.05798031368249326    0.06965663218247917     -2.698418390276557
                   4000      1.973070905747067    0.05684463316948001    0.07104827947371803     -2.698418390276557
                   5000      2.140214149878329    0.05578762044054972    0.07239443719077546     -2.698418390276557
                   6000      2.033173443967847    0.05133638369855959     0.9704007987992366    -0.1859909257305443
                   7000      2.627318076517555    0.04914012077586636     0.4165752924353732      -1.07535679689911
                   8000      2.686676759451318     0.0468342955307872      1.051392078589665    -0.1976137419660452
                   9000      2.397212096992474    0.04592131282209626     0.2607192651141065      -1.61172628442353
                  10000      2.509580086346464    0.04475619318150879     0.4162663652842755      -1.16954465442152
                  11000      2.500582524426671    0.04345217166380518      1.236081869643547    -0.1107371365871129
                  12000       2.72665285515335    0.04242479985631206      1.463379195508123    0.03413681012044809
                  13000      2.562524868073659     0.0414203584699518      1.365340415290675   -0.05916826574242978
                  14000      2.668372925116441    0.04093720397025551      2.128807304632359     0.3732565918997572
                  15000      2.518154338586162    0.04023733844959714       2.01922051770732     0.3031623740915531
                  16000      2.568299868404156    0.03958724708840383      2.141079262451921     0.3454724911007267
                  17000      2.658653505560768     0.0390564631439495      2.471692910565227     0.4755671145775377
                  18000      2.327461739020735    0.03889359547290699     0.2183643829462896      -1.95510509611021
                  19000      2.656584214501847    0.03862443243116058      3.187765516076165     0.7188606847254733
                  20000      2.688753770613994    0.03835885835975192      3.573215813486609     0.8261069045511188
                  21000      2.414333162427653     0.0380889829244091     0.5507772949324007     -1.050844218952993
                  22000       2.49914252520344    0.03752794196528901      2.015798032719444     0.2317563753729777
                  23000        2.6456318271369     0.0371914805045997      3.583369328504737     0.7980386651538804
                  24000      2.625806528279794    0.03678988790464213      3.425976623915134     0.7422650367290134
                  25000      2.523179849623259    0.03633204006507991      2.274814935292776       0.32025413813635
                  26000      2.722493882716597    0.03590430423981038      2.567805980160227     0.4295644514209556
                  27000      2.639574807654051    0.03558639752596166      3.739786354525117     0.7966473959890312
                  28000      2.401336729273339    0.03543948086374219     0.5546644493869172     -1.115910028683412
                  29000      2.435273825484213    0.03521304470826237     0.9639273891343864    -0.5696672696492002
                  30000       2.73683699762426    0.03487012822107116      2.081232142769458     0.1902460702348351
                  31000      2.709461721759652    0.03455786544009653       3.35496347874558     0.6587315006647899
                  32000      2.455889420149741    0.03431074687689455      1.380173733490756    -0.2366765520195646
                  33000      1.898572319257448    0.03427599657023172     0.1507096941906863      -2.45229910915534
                  34000      2.637867106845948    0.03403684978393136       3.96595582315942     0.8108460838075562
                  35000      2.642259556910808    0.03382960862419938      4.340923737863083     0.8950790198962376
                  36000       2.56186842776223    0.03356043798128115      2.255024347353355     0.2321641399343017
                  37000      2.339884487294058    0.03349515612888532     0.3642826224848983     -1.592769004230635
                  38000      2.238734502076264    0.03346982166646701     0.1363873075687398     -2.575956966091172
                  39000      2.694629078867798    0.03326378991044343      4.297296430993522     0.8681109410332857
                  40000      2.661520389719684    0.03310016743640157      4.851054490835264     0.9843898807573735
                  41000      2.551892898460224    0.03286857347212446      2.287588408219522     0.2256705912514185
                  42000      2.684280629165519    0.03269286715998231       4.76258941392009     0.9536038770761982
                  43000      2.593215023557052     0.0324636610928014      2.955743183567221     0.4695269009276394
                  44000      2.505518969585039    0.03227090533608393      2.046962823201862    0.09617864339926574
                  45000      2.717740528970354    0.03206049244776256      3.618823731966676     0.6594289821473162
                  46000      2.737608793437701    0.03185753027690405      2.883536271401128     0.4259466342109825
                  47000      2.687749877240605    0.03170794347936531      4.934370194652699     0.9584477148258873
                  48000      2.485701048144327     0.0315516271105159      1.879688423352817   -0.01161337127600726
                  49000      2.058239665597245    0.03150597056686594     0.4279639881424004     -1.492883719340525
                  50000      2.372554900485842    0.03144369301999594     0.6061351377528014      -1.14679845727266
                  51000      2.462829647070829     0.0312993883922632      1.776002465587371   -0.07638097219999711
                  52000      2.479624970620032    0.03113994855170833       2.22404722712571     0.1434755634027134
                  53000      2.332912688769851    0.03109550911931363     0.4487399343579478     -1.458592924603358
                  54000      2.462245119748292    0.03094372941764445      2.170154492283299     0.1126241723701401
                  55000      1.934490114565587    0.03092067409127988      0.232398701926698     -2.122220377132843
                  56000       1.94295549448198    0.03088907174675802     0.3246410542846522     -1.788977261385976
                  57000      1.794411360692209    0.03087447009362517     0.1462976839955455     -2.586526731977868
                  58000       2.48240495487989    0.03071452171433666      2.740578324822209     0.3385599661250567
                  59000      2.499459513847141    0.03055604274776771      3.036762684198603     0.4360099439422432
                  60000      2.123345178747718    0.03053039145520757     0.2815866568350516     -1.942936972791467
                  61000      2.677783897236818    0.03042990055756281      5.315208896400515      0.991653447974885
                  62000      2.667624493848697     0.0303328917081677      5.490753171912701      1.020953532344776
                  63000       2.70476712313117    0.03020920848037225      4.944165221594272     0.9120103704539876
                  64000      1.581734695141246    0.03019823213266873     0.1350585716728088     -2.688607908600639
                  65000      1.878590571632158    0.03017919668347837     0.2383402547177079     -2.121247711353278
                  66000      2.025476100515379    0.03013834180066883      0.537717731263769      -1.30896790668696
                  67000      2.287069378860012     0.0301148622833789     0.2995685475043088      -1.89473776323882
                  68000      2.479685153121901    0.02997479469131823      3.132900076276843      0.447971406856035
                  69000      2.512556088067249    0.02983728204324612      3.332491578595143     0.5051343706377243
                  70000      2.188744221183134    0.02982273015573092     0.1948713291841169     -2.334489491111529
                  71000      2.622384893905405    0.02969712945468352      4.458175701458166     0.7914454743646705
                  72000      1.795608221446263    0.02968154639879582     0.2176101996720102     -2.228868934501083
                  73000      1.783093206084376    0.02966115466269607     0.2885375135363007     -1.947436468205818
                  74000      2.057646642475358    0.02961795176683503     0.6487613740431166     -1.138654218528624
                  75000      1.810575431602471    0.02959384872286922     0.3476817901935107      -1.76324564942323
                  76000      2.109026620461643    0.02956197592302468     0.4703980395258898     -1.462031673970425
                  77000      1.840511712886217    0.02953845573527311     0.3420159501626567     -1.781549468662578
                  78000      2.087990728148231    0.02949268337981203     0.7078898801967615     -1.055669084492665
                  79000      2.671041953913886     0.0294493921776263      6.533083113717556      1.165207686446825
                  80000      2.713163536242881    0.02934955674910159      5.351611316473329     0.9623305779040523
                  81000      2.385257748701244    0.02929836393844319     0.8821866776166364    -0.8421644787805141
                  82000      2.679947608192308    0.02924855259114702      6.681695245578822      1.180857260798345
                  83000       2.52000170411763    0.02913101826043387      3.373741953485459     0.4934814641803866
                  84000      2.539189912752861    0.02901845849401213      3.138704397097978     0.4173976674608844
                  85000      2.368805415902391    0.02897410945778843     0.8335281865427653    -0.9100296685914642
                  86000      2.719304846705491    0.02887383103299097      5.160904502884668     0.9097029774829021
                  87000      2.480012459435327    0.02876420296703848      3.546873055212199     0.5308534850915875
                  88000      2.585888415414999    0.02866188199051108      2.997950739159125     0.3591524924359334
                  89000      2.598587807624818    0.02855684003213601      3.579552275725541     0.5327896559405144
                  90000      2.343417013614651    0.02852156972677848     0.7279113262796341     -1.061259971447433
                  91000      2.247306293294388    0.02850876572299749     0.2483713027768382     -2.136963416879549
                  92000      2.640535129720574    0.02842848770948991      5.763358222183993      1.004567498050088
                  93000      2.714194503871647    0.02834266240001439      5.523351506082996     0.9590084455254397
                  94000      2.732017026406811    0.02824552472440606      4.568651781804512     0.7658086124441177
                  95000      2.727494630750253    0.02815553789374529      5.142865258009609     0.8810098683804148
                  96000      2.542686024622594    0.02806356956170629      3.326185824448118     0.4419539655705667
                  97000      2.696216134006272    0.02800562964707314      6.647002223259102      1.132226946102485
                  98000      2.429252157681481    0.02794261304070328       1.80621978596825     -0.172955544229934
                  99000      2.682287861651125    0.02788934926963534      6.878587384540908       1.16231361596278
                 100000      2.636571961223175    0.02780831500760803      5.581447357647734     0.9504386405960338
                 101000       2.64740673865413    0.02774014392551726      6.351220129408178      1.077182981836281
                 102000      2.685075347487982    0.02768859110535976      7.153559231435611      1.194285920128971
                 103000      2.727956655307692    0.02760600261694015      5.316366590923733      0.894478771366652
                 104000      2.352716800162998    0.02757725763291964      0.824129833072121    -0.9707803250565984
                 105000       1.74280240011548    0.02756853083655325     0.2337310857096804     -2.231253657925512
                 106000      2.704369625117883    0.02750890234897956      6.862377811330149      1.146219113251391
                 107000      2.377110654636189    0.02747491857065932      1.034213848236001    -0.7474294545195881
                 108000      2.409778863124485    0.02743100258195966      1.414095754248947    -0.4361804234903124
                 109000      2.620731964573473    0.02735016471804533      4.879295779815351     0.7993788912622412
                 110000      2.371275900808069    0.02731568008226928      1.096403669217839     -0.694848230880015
                 111000      1.922906825983738     0.0273046515644397     0.3203745052385953      -1.92555212618832
                 112000      1.660856569229527    0.02729909454798388     0.1586721109006543     -2.628406428930134
                 113000      2.164144689315707    0.02728977836523856     0.2697653564531525     -2.098035096999458
                 114000      1.800894974756906    0.02727588244409569      0.409815948658156     -1.680388803222888
                 115000      1.879204439675718    0.02726450964920666      0.333125146145028     -1.887995763983381
                 116000      1.872947720272912    0.02725131840921685     0.3897788651321096     -1.731418373446193
                 117000       1.73029458853949    0.02724262542481936     0.2532796428095639     -2.162822797460545
                 118000      2.594577294706261    0.02716800352354811       3.51612879787163     0.4650559886852527
                 119000      2.469458037372104    0.02710131253853713      2.836148699933179     0.2476846379230486
                 120000      2.467110498520421    0.02703437329285711      2.936019614851262     0.2798193705549838
                 121000      2.424504421515251    0.02698327300335512      1.947888685191799    -0.1323813461305882
                 122000      2.683210399891964    0.02692941551439157      6.831075337658889      1.120356744959493
                 123000      2.596406191211492     0.0268593183705207      3.619284464207335     0.4825445959084715
                 124000      2.537223641913437    0.02679497503470822      3.053490288925974     0.3101551023765469
                 125000      2.598245786156708    0.02672558316326431      3.874543759619715     0.5457046317606526
                 126000      2.599698109395934     0.0266565303739438      4.074612345718021     0.5934652128286179
                 127000      2.549148198377067    0.02659282696570258      3.305809589765235     0.3819783566442893
                 128000      2.325310787497792    0.02657402566422276     0.6748281066917817     -1.207707579582126
                 129000      2.651663308915446    0.02651635467916491      6.276912721266274      1.020295392819813
                 130000      2.714036779658502    0.02645534983418529      5.906759118917082      0.957211146365185
                 131000      2.439019577947077    0.02640535757045658      2.343761606938776    0.03097952863405327
                 132000      2.529071866857506    0.02634545624226673      3.311263653614703     0.3742811442699582
                 133000      2.594762069234303    0.02628209776011694      4.120159362893347     0.5904352945802057
                 134000      2.703067982868705    0.02622893835041141       6.45393024307819      1.037208041453455
                 135000      2.518615285415646    0.02617095405695347      3.403258863751787     0.3950390716899254
                 136000      2.139431592844651    0.02616092224891365     0.3916679869535823     -1.767418552223503
                 137000      2.284343569446458    0.02615124754974997     0.3777967404075208     -1.803846617179177
                 138000      2.649051507112424    0.02609839312534197      6.376291132512893      1.020115785260623
                 139000      2.717751093648387    0.02604275490018692      6.018016118900653     0.9601527011127962
                 140000      2.718432265215438    0.02598837229456399      6.131670479386242      0.976771878023561
                 141000       2.72029506152096    0.02593464937012205         6.169964447002     0.9809284015908177
                 142000      1.737864727968813    0.02592730469566369     0.3076305595292385     -2.017903611489487
                 143000      1.819517027240041    0.02591722968272132     0.4282911322630015     -1.687388675049023
                 144000      2.211783226733554    0.02591112058440264     0.2551888421961009     -2.205423769744184
                 145000       2.70152917843221    0.02586945119701436      7.318189625287133      1.149081198309297
                 146000      2.644635124212573    0.02581795909537673      6.375463222375513      1.009182527254129
                 147000      2.595256615437366    0.02576169559829664      4.388690324236591     0.6335750107314371
                 148000      2.699786663163775    0.02572090628536014      7.410412250175258      1.155845645188959
                 149000      2.604165530565045    0.02566546868310066      4.742613737038804     0.7073903002361074
                 150000      2.715702045229776    0.02562527719516361      7.472958899510806      1.160525717618493
                 151000       2.55903829037819     0.0255721213988521      4.240082290295212     0.5917408651501944
                 152000       2.71911396120938     0.0255310239374271      7.385950243488384        1.1451293552608
                 153000      2.692457524568779      0.025500862542228      8.341117120783338      1.265564869292277
                 154000      2.404290372865076    0.02547259667820222      1.607569015851948    -0.3820182181039093
                 155000      2.643966446999463     0.0254264505844407      6.827994891359177      1.062476488295683
                 156000      2.580954985719844    0.02537481412229508      4.801591110424443     0.7083598942077408
                 157000      2.294933344171544    0.02536524500922458     0.4981366993782988     -1.557845374788768
                 158000      2.630396978981957     0.0253173124623254      6.377866011696689     0.9899774470223703
                 159000      2.543167552648106    0.02526912264374906      4.024773132952725     0.5277071840916739
                 160000      2.371916238768967    0.02524799170956282      1.226234303965996    -0.6616500141310607
                 161000      2.548379195432611    0.02520025055914698      4.105923733427969     0.5449401190725203
                 162000      2.364689466124616    0.02517871090973666      1.277193399542902    -0.6236807159896739
                 163000      2.403762015382497    0.02515058472480637      1.775217898693193    -0.2955402412311751
                 164000      2.363194160366644    0.02512719999773136      1.424449756228196    -0.5166080344067311
                 165000       2.46744112482186    0.02508651495528817      3.073870791934532     0.2509234984470985
                 166000      2.546720709502367    0.02503953916743746      4.427380991451239     0.6139197908965184
                 167000      2.639129956781395    0.02499746040105809      6.819693750380287       1.04424423973923
                 168000      2.501563100001347    0.02495406657488415      3.744422032709285     0.4429595103418001
                 169000      2.691818553359496    0.02492447725088292      8.263210647366584      1.233318990760234
                 170000      2.405356275386674    0.02489671316487138      1.913927332113985    -0.2304514430677831
                 171000      1.908976496042188    0.02488976996808823     0.4074591801383042     -1.777702210584776
