#! FIELDS time e sigma_e height logweight
#! SET action OPES_METAD_kernels
#! SET biasfactor       2.698418390276557
#! SET epsilon     0.01374333274381851
#! SET kernel_cutoff       2.928208142815685
#! SET compression_threshold                       1
                   1000      2.420914933143942    0.06053155025577301    0.06672079877255445     -2.698418390276557
                   2000      2.678520539432827    0.05920511112449938    0.06821562036279934     -2.698418390276557
                   3000      2.692794017709145    0.05330776878352408      1.122318836241049  -0.002865551377939062
                   4000      2.411976407604591    0.05130746418201563     0.3058086319246415     -1.341304078537731
                   5000      2.611688340536762     0.0484835683706995     0.7990033018947229    -0.4375098188539095
                   6000      2.522218434377376    0.04688034076888015      0.458609668033394     -1.026301975174187
                   7000      2.460142421797535    0.04509711998002504     0.8525546052827131    -0.4450441950467678
                   8000       2.39044502242371    0.04363226551157409     0.9648176560351917    -0.3543638038629683
                   9000      2.755393203843174    0.04245198263452403     0.8289009969505027    -0.5336255010302458
                  10000       2.66786879280672    0.04157488598500626      1.523133293049985    0.05392131060246789
                  11000      1.950146456568896    0.04141009083763063     0.0975296914909468     -2.698418390276557
                  12000      2.537673310688276    0.04050301938850374      1.069520634987825    -0.3257574946805099
                  13000      2.655174098066202    0.04009932364148269      2.085755669572849     0.3321461261903937
                  14000       2.57361658864442    0.03935357249304596      1.492231470924759   -0.02148517273570618
                  15000      2.563193861973261     0.0387821775884897      1.956443349979224     0.2347444458474679
                  16000      2.711345093385494    0.03819841887011605        1.8505768673512     0.1639469723734061
                  17000      2.635208168682988    0.03778795162121325      2.390010820043601     0.4089436425635171
                  18000       2.65698354567409    0.03752121816726735      2.898976353474518     0.5949197216527915
                  19000      2.662715527991898    0.03726233514607449      3.180125303012737     0.6805590721270838
                  20000      2.657545381767401    0.03699277001440252      3.415563895815966     0.7447205289291008
                  21000       2.68295437340187    0.03665539904653006       3.38429962675518     0.7263631489549628
                  22000      2.724118244538066    0.03620476797941347      2.231462663405312     0.2975035334089237
                  23000      2.363324060487038    0.03602433942440308     0.5442404396799989      -1.11851390215981
                  24000      2.496497367606563     0.0357519113200741     0.9450469048763274    -0.5742615489430252
                  25000      2.511279823417496    0.03543629231989382      1.255970298693356    -0.2986996402420104
                  26000       1.96497531525928    0.03538153239960177     0.1671973071267379      -2.31673524599625
                  27000      2.052641397982096    0.03534171550912801     0.1210015033598607     -2.641232862523565
                  28000      1.712924703863369    0.03530420275045175     0.1143975240725276     -2.698418390276557
                  29000      1.883646772588979     0.0352580355130968     0.1425033781133809     -2.480040674619512
                  30000      1.821192033436063    0.03521277923993756     0.1404641044142766     -2.495738806360363
                  31000      2.708958884272086    0.03498246887028044      3.661763334167245     0.7584473010433447
                  32000      2.246164862635646     0.0349485489705469     0.1155616900549962     -2.698418390276557
                  33000      2.265032992753772    0.03488735027630269     0.2145526276180334     -2.081420475490149
                  34000      2.513642978397069    0.03456017744921733      1.926015740411281     0.1038110021606025
                  35000      2.407545108607572    0.03434334379422234      1.000771514341533    -0.5571651214585777
                  36000      2.700512177836254    0.03419307873169187      4.139312404970872     0.8582083733869279
                  37000      2.689859784272918    0.03405539307643242      4.450670246601923     0.9266985468550109
                  38000       2.43147010027587    0.03384680608220368      1.205341592866074    -0.3857369160196549
                  39000      2.648153074419138    0.03363218068044646      4.004425892759494     0.8085390273552693
                  40000       2.53530765467218    0.03338440529502753      1.897766665810893    0.05442207714606957
                  41000      2.381962415246098    0.03321591270785926      1.087890733975799    -0.5070747876375438
                  42000      2.536961729934124    0.03297361103807608       2.14596078044147      0.164950382213666
                  43000      2.638833846234076    0.03276692596809235      3.817903549787419      0.734776552816673
                  44000      2.493658729099386    0.03255307495159651      1.966545393680538    0.06480566664164934
                  45000      2.434869967787831    0.03237405530830365      1.514212802404196    -0.2020915207466588
                  46000      2.606518115502224    0.03215664164622916      2.875079058543051     0.4323546227075273
                  47000      2.634917967141462    0.03197198190358957      3.801824025703198     0.7059963498633741
                  48000      2.655697694063823    0.03182578946514164      4.433855383431798     0.8552018836478747
                  49000      2.660007366465674    0.03168755033507924      4.628430211801644     0.8937970710933983
                  50000      2.491123468218365    0.03152236498936874      1.894894053659443   -0.00448434004620776
                  51000      2.553914202176233    0.03135194717424822      2.147181823513746     0.1150880163046373
                  52000      2.457892821293016    0.03120478016049739      1.722024443906884    -0.1102726678971398
                  53000      2.760550730904466    0.03108556197932357      1.301243294212539    -0.3942809082789772
                  54000      2.648434040815212    0.03096053210637721      4.642037980388463     0.8735221629708612
                  55000      2.465443234590196    0.03081388228499784      1.998483895186599    0.02600959043720929
                  56000      2.601535276860339    0.03065136246589312       3.08365688082427      0.454448743239085
                  57000      2.138999561747389    0.03063783839542291      0.133849548697182     -2.683147649017859
                  58000      2.284063553331975    0.03061404548947142     0.2404185646207642     -2.098259511072125
                  59000      2.517948365235192    0.03046329573941316      2.505861461673322     0.2408105506154379
                  60000      2.530179374788195    0.03031431990682882      2.670896450762661     0.2996898082470775
                  61000      2.563561273609654    0.03016865565836641       2.75752034753947     0.3267907821677329
                  62000      2.292711615575926    0.03014013829710439     0.3219330856786266     -1.821898344028122
                  63000      2.664609138188523    0.03004639070918808      4.995375482884792     0.9169105630581487
                  64000      2.621500730658664    0.02991861544328022      4.161545595304019     0.7300228571249699
                  65000      2.692982541054185    0.02979770612606631      4.358295959870579     0.7721679987641343
                  66000      2.529900775149623    0.02966778007233841      2.760075262360015     0.3109749969942245
                  67000      2.540460006988773    0.02953951363505589      2.924204150876482     0.3644066086147441
                  68000      2.449937724259991    0.02943474929529446      1.915487205456844   -0.06219663135285514
                  69000      2.040012775751621    0.02942088918689035     0.1865260275125828     -2.391824115541278
                  70000      2.681815235163944    0.02932067401801911       4.75150334453815     0.8424093644283797
                  71000      2.601348925456034    0.02919962338478195      3.362105522176097      0.492378670408366
                  72000      2.392131515147302    0.02912831370201809      1.231030080193806    -0.5147825991519838
                  73000      2.758036256801841    0.02904958852110679      1.430334480457881    -0.3674319241912793
                  74000      2.283321503881708    0.02902533456343767     0.3695068020251178     -1.721761638006142
                  75000      2.685385438585959    0.02893136466589527      4.768049739732652     0.8325190886593951
                  76000      2.447428514494672    0.02883855544783089      1.978463327978484   -0.05031089314719108
                  77000      2.724269101672573    0.02872953011138058      3.113773432814645     0.3994162684645038
                  78000      2.500082550283064    0.02862560155295181      2.785877237981754     0.2845197248711132
                  79000      2.547161625770964    0.02852242525290767      2.943966189234331     0.3361037827923851
                  80000      2.095541717060867     0.0285114382766285     0.1843067086217402     -2.435193226841282
                  81000      1.669762688858671    0.02850185855884512     0.1603803806034773     -2.574582170953221
                  82000       1.95672107888285    0.02848802849411662     0.2346322195247425     -2.194596630097563
                  83000       1.84597819192767    0.02847581609863907      0.206737868861632     -2.321593015316063
                  84000      1.919586213312479    0.02846089127605016      0.255109797170556     -2.111874902609502
                  85000      1.726107499850839    0.02844970487502567     0.1896942212154789     -2.408548640424505
                  86000       1.86169548189297    0.02843370902036699      0.275478249506086     -2.036015786238326
                  87000      2.317671056049285      0.028406584256119     0.4845713713587116     -1.472214153115851
                  88000      2.661000276179576    0.02834953901157079      5.650676776448694     0.9820415286318009
                  89000      2.693097020381851    0.02827721123020729      5.284709007516338     0.9125292188842196
                  90000        1.6968290034843    0.02826377255193042     0.2473333106348897     -2.149782115724262
                  91000      2.210026624130404    0.02825307651430821     0.1957388057891762     -2.384116339406429
                  92000      1.960669127591749    0.02823575699769182     0.3238256064842754     -1.881305568533442
                  93000      2.011936668093758     0.0282213132777802     0.2685236317046307     -2.069083434859955
                  94000      2.063083784624901    0.02820620339245463     0.2821719764521602     -2.020041178363139
                  95000       1.81000608336678    0.02819173027034494     0.2704658391050702     -2.062925356746764
                  96000      2.129548214007804    0.02817907545001132      0.235787289907685     -2.200590059353642
                  97000      2.540704296844947    0.02808389730153863      3.727493028951084     0.5565876975821445
