#! FIELDS time e sigma_e height
#! SET action OPES_METAD_state
#! SET biasfactor       2.698418390276557
#! SET epsilon     0.01374333274381851
#! SET kernel_cutoff       2.928208142815685
#! SET compression_threshold                       1
#! SET zed      0.1536232581684481
#! SET sum_weights        96.1158242077254
#! SET sum_weights2       157.9175617759961
#! SET counter  98
                      0      2.483969002536258    0.04201861276464404      22.11975399948474
                      0      2.661696589377502    0.03836120487662199      67.09567918002546
                      0      2.546472036070514    0.03675142516827026      29.75087312531008
                      0      2.405272057738193    0.04160899741252616      7.548304819496598
                      0      2.702588609042598    0.03544396465855058      28.38626753942814
                      0      1.959171736883112    0.03196034586803984     0.8231848246267026
                      0      2.053643573044021    0.03181812334660446     0.5896995073246036
                      0      1.710240200089816    0.03262046970420075     0.5514250559228963
                      0      1.854101870947876    0.03700329678305142     0.7651836008953755
                      0      2.279346503469778    0.03414427629888635      1.261972769997538
                      0      2.608714025538186    0.03164031278567387      13.48238705684744
                      0      2.759234078293454    0.03006292499388932       2.73157777467042
                      0      2.132970650565531    0.02944590301437149      0.369636838604867
                      0      2.095541717060867     0.0285114382766285     0.1843067086217402
                      0      1.669762688858671    0.02850185855884512     0.1603803806034773
                      0      1.919586213312479    0.02846089127605016      0.255109797170556
                      0      2.317671056049285      0.028406584256119     0.4845713713587116
                      0      2.210026624130404    0.02825307651430821     0.1957388057891762
                      0      2.011936668093758     0.0282213132777802     0.2685236317046307
                      0       1.81000608336678    0.02819173027034494     0.2704658391050702
