#! FIELDS time e sigma_e height logweight
#! SET action OPES_METAD_kernels
#! SET biasfactor       1.927441707340398
#! SET epsilon     0.01821196306674905
#! SET kernel_cutoff       2.830433390657354
#! SET compression_threshold                       1
                   1000      2.669340994496478    0.05785834540142751     0.1509064987297364     -1.927441707340398
                   2000      2.644101297417945    0.05258232031446069      1.099493089445018   -0.03711536885932491
                   3000      2.674419119873343    0.04926069839666486      1.155159132327596   -0.05297988047560451
                   4000       2.50935378282204    0.04845552771196349     0.1824132913044004     -1.915178474334317
                   5000      2.421912246252042    0.04738807318075244     0.2809549978167949     -1.505534758434049
                   6000      2.370644849551785     0.0458326756046024     0.5659046403356334    -0.8386769792772697
                   7000      2.509398535524296    0.04438560249335458      0.694526272691661    -0.6659547013915438
                   8000      2.671401899494665    0.04364086466278255      1.918686717023075     0.3332903625375437
                   9000      2.556100757217691    0.04245829418137303      1.023603773393736    -0.3224927697828676
                  10000      2.540572819888892    0.04142349687020382      1.439489750072077  -0.006207574572381705
                  11000      2.661573434469039     0.0406979511848609      2.015587871744841     0.3127440901338016
                  12000      2.650903423605932    0.04004494184466676      2.209386408967473     0.3883726412815044
                  13000      2.532472356652991    0.03929427968241828      1.540220887669179   0.008660230595528846
                  14000      2.666013431189037    0.03872507000246951      2.313157344350693     0.4007560387883742
                  15000      2.597936114146886    0.03810627005136168      1.784767991730736     0.1253227048103639
                  16000      2.614438516333091    0.03755883500646467      2.074800879606705     0.2614292622123676
                  17000      2.652420991764815     0.0370814549792245      2.348533605369294     0.3725635523009115
                  18000      2.678411489190931    0.03661812277475208      2.261893193277165     0.3224008721681156
                  19000      2.734745223013973    0.03622712192771669      1.213529998198285    -0.3110030331232854
                  20000      2.668133762460507    0.03585371394008097      2.598397501960404     0.4399975057214276
                  21000      2.724459330889061    0.03546495144543785       1.70069321960257   0.005236307527907847
                  22000      2.534436544089357    0.03511821785171576      1.458133720243129    -0.1584671950585423
                  23000      2.461859397547296    0.03488517287150401     0.8168316619838496    -0.7446049188106461
                  24000      2.298864039020012    0.03477194818088841     0.3539977719853625     -1.583998246955207
                  25000      2.704234494661352    0.03445294884440694      2.367090286952935     0.3069115032287145
                  26000      2.651109899273968    0.03417638635533807      2.737801906337318     0.4443457604063374
                  27000      2.459344642764528    0.03395951638066473     0.9650283530158449    -0.6047732384436009
                  28000      2.702709096596768     0.0336823168482004      2.481711903082714     0.3315770203577134
                  29000      2.519312006160159    0.03342754768112281       1.51688267219544    -0.1683068659307701
                  30000      2.716293199013252    0.03316727831596952       2.30855392615561     0.2438405573087102
                  31000       2.59207045584708    0.03291903839886559      1.891640248343228     0.0371509118874205
                  32000      2.547274678172222    0.03268574899724788      1.759672658950224   -0.04227758727450628
                  33000      2.389796452248752    0.03256685074022289     0.6363677834108378     -1.063028246625821
                  34000       2.47884517013322    0.03237196921339767      1.328170016173449    -0.3332495945279124
                  35000      2.702696832312959    0.03216504613649961      2.601590670262482     0.3326588312206827
                  36000       2.43738068181069    0.03200839430178432      1.056803379377779    -0.5730976999253133
                  37000      2.621794350641664    0.03180682205051071      2.358562088279017     0.2233883831667341
                  38000      2.728336140872757    0.03161077974034511      2.183723674732943     0.1401851585422149
                  39000      2.548640581550737    0.03142645114441944      1.827419555075259   -0.04378973822521525
                  40000      2.491984801479347    0.03125642938155376       1.59887747988222    -0.1828176590384209
                  41000      2.486544154206479    0.03108790008298514      1.699412453546758    -0.1272433078354464
                  42000       2.70972395733338    0.03092224657665479      2.586595148412655     0.2874737129113785
                  43000      2.527788463531393    0.03075834237017527      1.957004383493065   0.003231620143135817
                  44000      2.441674191673802    0.03062153666936582      1.346164584324872    -0.3753814877362535
                  45000      2.699746408146253    0.03047411522288467      2.755383903165741     0.3360898605290119
                  46000      2.687193991219815     0.0303334443602586      2.865638767948247     0.3706975968178699
                  47000      2.464843929088024    0.03019484620311409      1.683551822807958    -0.1657675660066894
                  48000      2.689933639994777    0.03006233484007453      2.922952888153164     0.3815228601078436
                  49000      2.719581290700585     0.0299251716620051      2.650240906328129     0.2790059695279348
                  50000      2.643059971725254    0.02979020855591211      2.575909061031827     0.2460377105728961
                  51000       2.64662625326464    0.02966068676078334       2.71730332494796     0.2951178925326869
                  52000      2.490888510982102    0.02953685929169621      1.846631325212316   -0.09534253735985582
                  53000       2.67538186164204    0.02942081259633638      3.041695863645224     0.3997729828724604
                  54000      2.521242998159715    0.02930139026731193      1.939939793642318   -0.05405265953977931
                  55000      2.618628459490262    0.02918090877947217      2.311869045696587     0.1172264323749575
                  56000      2.663080058427425    0.02907088927319854      3.012036101885101      0.378009038517545
                  57000      2.696190397104032    0.02896309442305202      3.033524941930486     0.3814031417410037
                  58000      2.688552102414937    0.02885946380831717      3.139010325644299     0.4120009792144015
                  59000      2.738954740073591    0.02875111407748905      2.143421904937462    0.02673552775152804
                  60000      2.573767961341331     0.0286517350750516      1.773498123313383    -0.1661766227627687
                  61000      2.542990987557137    0.02855084990446615      1.943162606213849   -0.07834100246524758
                  62000      2.643823364485332    0.02845018719190811       2.87348977318194     0.3093374179573617
                  63000      2.606431638487744    0.02834997597085245      2.236234622927959    0.05507509990354618
                  64000      2.638717589150127    0.02825318497141005       2.87672676117883      0.303514737903911
                  65000      2.462032363064121    0.02816686630286191      1.663304992193122     -0.247391646688123
                  66000      2.474897964118029    0.02807776236003829      1.856621714124996    -0.1406081207173955
                  67000      2.529809605365944    0.02798765646700666      2.016701636881403    -0.0611176658830264
                  68000      2.708349306211269    0.02789911017007004       2.98457999685402     0.3277092649239638
                  69000      2.677241354804086    0.02781718589512359      3.294714566939808     0.4236290032191372
                  70000      2.679920992772642    0.02773717134588521      3.348653504967001      0.436987203459723
                  71000       2.56500777607303    0.02765555724432444      1.923415633213615    -0.1204152879516078
                  72000      2.509775287455994    0.02757366414555839      2.036412089167629   -0.06629396309281914
                  73000       2.57441484609077    0.02749353815892715      2.012806692603831   -0.08086344865954999
                  74000      2.739673437089444    0.02741301769531889       2.16271227903373   -0.01196344456109583
                  75000      2.707611975568548    0.02733486694540257      3.074450034342224     0.3369445372010789
                  76000      2.653171384454635     0.0272582880225059      3.114941165824752     0.3472233249439045
                  77000      2.536261756497129    0.02718171083861442      2.200034182304034  -0.003327313064166672
                  78000      2.280510790877105    0.02715958207384598     0.4017983533131325     -1.704419572095527
                  79000      2.713165711260665    0.02708461101496067      3.009647166220585     0.3064439965090958
                  80000      2.662785293249943    0.02701369251083086      3.274661159767579     0.3882137063342214
                  81000        2.5739492486098    0.02694253747595674      2.086492924078236   -0.06515357601755913
                  82000      2.746411456180273    0.02687281792139142      2.059412956946542   -0.08080830286019486
                  83000      2.675927195613227    0.02680659264331945      3.400591634960565     0.4182527159634222
                  84000      2.691883278420891    0.02674099511883832      3.402595681954563     0.4163917995976679
                  85000      2.684541337915852    0.02667699958949466      3.471300238862526      0.433986425715894
                  86000       2.61516498041007     0.0266088464902666      2.397589082888042    0.06136285675680855
                  87000      2.654461962029581    0.02654387842456484       3.27295640855134     0.3701482679989159
                  88000        2.4889359235917    0.02648292121748224      1.896894586750787     -0.177626398345272
                  89000      2.680261155562664    0.02642253685882614      3.520432101455453     0.4384564908284384
                  90000      2.284199674932663    0.02640166231233726     0.4762067213477928     -1.562820818156628
                  91000      2.720151311811382    0.02633728663630894      2.967562574668964       0.26438204967976
                  92000      2.710267269557341    0.02627558204915354      3.256479997999826     0.3549423633075267
                  93000      2.708393672310601    0.02621530567221374      3.336836914307471     0.3770221905634636
                  94000      2.557270503704964    0.02615644781586452      2.125685155956961   -0.07615465496743612
                  95000       2.64392157229772    0.02609588057866979      3.083941971754496     0.2936415470357059
                  96000      2.013381013458739    0.02608208370485447     0.3347585425162982     -1.927441707340398
                  97000      1.911020823374065    0.02606831458884938      0.334935359824141     -1.927441707340398
                  98000      1.992048326299426    0.02605231454635585     0.3948218664863611     -1.763558534541236
                  99000      1.872560300043827    0.02603752067488237     0.3638944837348439     -1.845697294810807
                 100000      2.724410489086802    0.02598208741234294      3.521178165885182     0.4218584325138876
                 101000      2.681540185139538    0.02593960516622162      4.282820899770003     0.6160382767317508
                 102000      2.675659012073394    0.02589703021616368      4.305588909038424     0.6196976614889571
                 103000      2.623777827520491    0.02583969821321697       3.10753645715931     0.2913977138930628
                 104000      2.709451716782249    0.02579178327365699      4.015797912936058     0.5459474618546853
                 105000      2.383738378181889    0.02576879929153324     0.6588850937002146     -1.262386256235387
                 106000      2.524403159397571    0.02571378482157287      2.472720676616906    0.05800169321740966
                 107000      2.458764622743853     0.0256653846430397      1.850928962017858    -0.2335137245659091
                 108000      2.596501528299018    0.02561138350538781      2.532644526171722     0.0779563826965684
                 109000      2.462932459573768    0.02556234380032829      1.995362472759938    -0.1623985144937811
                 110000      2.436337371589435    0.02551939637944806      1.596196610075985    -0.3872820761570793
                 111000      2.354452943837085    0.02549884688020936     0.6226563283321372     -1.329471883784413
                 112000       2.62003129236607    0.02544643846753133      3.088732616388937     0.2699920789089338
                 113000       2.74049326437814    0.02539439546549133      2.918996194426472     0.2114237246365175
                 114000      2.684622429083273    0.02535571320413954      4.345389486572819     0.6077749102445639
                 115000      2.305931626533055    0.02533673587672763      0.602151997100744     -1.369334587363776
                 116000      2.390197867673987    0.02531030182941575     0.8923105625599898    -0.9770741051256333
                 117000      2.477834653450098     0.0252624715745616      2.247701155349925     -0.055116619513095
                 118000      2.512868627494303    0.02521368817626092      2.483023224967851    0.04251932649705618
                 119000      2.608104500742137    0.02516444963471153      2.835641844107895     0.1733560190924457
                 120000      2.613748490390439    0.02511581795260663      3.028013273054495     0.2370600017446951
                 121000      2.634344252717218    0.02507000666938048      3.573457794131175      0.400861312793538
                 122000      2.718002010295565    0.02502660274035063      3.819482307019958      0.465709698208872
                 123000      2.528832000394332    0.02498020285229246      2.583142645410838    0.07274580032356101
                 124000      2.576617801491767    0.02493448049115298      2.544883694338762    0.05599199132309825
                 125000      2.328491983003419    0.02491575271693195     0.6746378966783603     -1.272423500964504
                 126000      2.481339561566105     0.0248712198554641      2.442370129771771     0.0123356761614374
                 127000      2.662113484959066    0.02483482769747291      4.287286327518062     0.5735564235247861
                 128000      2.386742354703774    0.02481102503606034     0.9290934665943984    -0.9566023852641377
                 129000      2.667322214708205    0.02477646348440956      4.409963780715577     0.5994160637002119
                 130000      2.401026355743673    0.02474931799311116       1.12457929846969    -0.7681376206197342
                 131000      1.737759127160532    0.02473948043861134     0.3529257758056323     -1.927441707340398
                 132000      2.333393612142262    0.02471875931993447     0.8120958724881291     -1.094918996438636
                 133000      2.137729014427336     0.0247089696827594      0.353361570268846     -1.927441707340398
                 134000      2.077577570207813    0.02469905257265764     0.3590020769197375     -1.912006781924959
                 135000      2.036901195027084     0.0246864076008825     0.4678612701512531     -1.647675227927631
                 136000      1.641458852294621    0.02467666686842437     0.3538241357060013     -1.927441707340398
                 137000      2.232056174723556    0.02466526826460788     0.4198504506771749      -1.75680515219733
                 138000      1.982399229828861    0.02465103848007613     0.5368228006547699      -1.51161275269905
                 139000      2.700663293767858    0.02463350973186834      5.303114177581878     0.7780573666832189
                 140000      2.620171214508475    0.02459591152585128      4.086757626277282     0.5159875680134016
                 141000      2.384663858637257    0.02456736538303347      1.291343307812926    -0.6372426099982753
                 142000      1.974268835539368    0.02455169745292075     0.6245682949461799     -1.364258163681052
                 143000       2.04348006201963    0.02453696891435703     0.5845934520710985     -1.431002273757625
                 144000      1.777549863571067    0.02452685143111152     0.3885803233975061     -1.839831445948334
                 145000      2.355096180408205    0.02449974257610042      1.227793894990694    -0.6904629741414374
