#! FIELDS time e sigma_e height
#! SET action OPES_METAD_state
#! SET biasfactor       1.927441707340398
#! SET epsilon     0.01821196306674905
#! SET kernel_cutoff       2.830433390657354
#! SET compression_threshold                       1
#! SET zed      0.1649818132528157
#! SET sum_weights       143.7362539621467
#! SET sum_weights2       177.3476016587517
#! SET counter  146
                      0      2.667388200328441    0.03392274907174945       98.2470082938476
                      0       2.53934598709335    0.03640653815201509      40.99640234945903
                      0      2.469655559445043    0.03374401675833019      28.17180669718622
                      0      2.384839734995846    0.03072981098257247      6.721140481215827
                      0      2.614826792099873    0.03026170600471198      37.30824809676309
                      0      2.713981319274852    0.03171573575450042      73.85890684393948
                      0      2.293356427858812    0.03003939390381963      1.834154843747032
                      0      1.987213212741939    0.02866654701317245      1.890971504603609
                      0      1.911020823374065    0.02606831458884938      0.334935359824141
                      0      1.872560300043827    0.02603752067488237     0.3638944837348439
                      0      2.576617801491767    0.02493448049115298      2.544883694338762
                      0      2.341991592689005    0.02745275017819322      2.714527664157183
                      0      1.737759127160532    0.02473948043861134     0.3529257758056323
                      0      2.137729014427336     0.0247089696827594      0.353361570268846
                      0      2.077577570207813    0.02469905257265764     0.3590020769197375
                      0      2.040555473434205     0.0248197523590863      1.052454722222352
                      0      1.641458852294621    0.02467666686842437     0.3538241357060013
                      0      2.232056174723556    0.02466526826460788     0.4198504506771749
                      0      1.777549863571067    0.02452685143111152     0.3885803233975061
