#! FIELDS time e sigma_e height
#! SET action OPES_METAD_state
#! SET biasfactor       4.240371756148875
#! SET epsilon    0.003891431002318289
#! SET kernel_cutoff        3.33135957893421
#! SET compression_threshold                       1
#! SET zed      0.1589814419296437
#! SET sum_weights        112.156027428485
#! SET sum_weights2       328.7211324198994
#! SET counter  100
                      0      2.666192694958049    0.04036257604142453      128.7899230036538
                      0      2.515286668964479     0.0390061420627458      31.74309581542669
                      0       2.25261247415944     0.0401204452103997     0.6529608677443148
                      0       2.32584857137362    0.04271929534549441     0.6201485620300894
                      0      2.465416945144796    0.03595879437272948       9.49595067692945
                      0      1.995903419599899    0.03596565605245768     0.9989810143245923
                      0      2.578283993989166    0.03740268751793499      8.018067714348028
                      0       2.15008107083025    0.03656780787088494     0.9399130144929935
                      0      2.101117854383383    0.03746120848140722     0.7212116998630613
                      0      1.799407672755452    0.04025145056833939     0.1511897367304467
                      0      1.657388719229214    0.03775536866196713      0.161410070452216
                      0      1.930944239673862    0.03479261360105361      1.996509868270535
                      0      1.748114709559242    0.03726989067193297     0.4019117469062067
                      0      1.486427988390237     0.0364653249466204    0.07774801252555222
                      0      1.862517891298272     0.0323849792267849     0.2508063360505161
                      0      1.537190761385922    0.03385325567758388    0.04713654530378666
                      0      2.619856410797897    0.03261999349516017      12.38289564909784
                      0      2.377559613817881     0.0307074583365302     0.1836714138751929
