#! FIELDS time e sigma_e height logweight
#! SET action OPES_METAD_kernels
#! SET biasfactor       5.011348439085033
#! SET epsilon    0.001910020759284688
#! SET kernel_cutoff       3.538542402811424
#! SET compression_threshold                       1
                   1000      2.663052653291221    0.06321896844457647   0.006322704301097473     -5.011348439085033
                   2000       2.28125158061873    0.06305404047490903   0.006339242349656035     -5.011348439085033
                   3000      2.504106759589791    0.06126136994349205    0.07810201863038567     -2.528934474024844
                   4000      2.664126449021302    0.05601217723904665     0.3895091028262758     -1.011643487830659
                   5000        2.6560859559701    0.05371591973568998       2.27200993558485     0.7100297261670881
                   6000      2.347210810267988    0.05357817571837994    0.02541386737635231     -3.785663040735046
                   7000      2.013298933461251    0.05353775994566851   0.007466036010866162     -5.011348439085033
                   8000      2.531873298445507    0.05119310257069178     0.6049336810651967    -0.6613761997016022
                   9000      2.323870521440126    0.05081617388046603    0.09165494538883924     -2.555854221482124
                  10000      2.510167424208197    0.04836406285834213      1.005831771363755    -0.2097726948088509
                  11000      2.552587933552195    0.04623103131995896      1.808647016659488     0.3318857451348702
                  12000      2.388200883985945    0.04589748818579361     0.1586410484351263     -2.109045356171334
                  13000      2.473599766594974     0.0442862911683389       1.59611677244225     0.1639042745405525
                  14000      2.421984410217001    0.04316203853002596      1.014656918774171    -0.3148326467240406
                  15000      2.169957569206113     0.0431441559071391    0.01208618001887626     -4.745490216874729
                  16000      2.605566056886082    0.04203763830433688      2.089805941903362     0.3812920157636357
                  17000      2.565454376549078    0.04124776866332845      2.763525645580139     0.6417597284420195
                  18000      1.888363800542365    0.04123780098614052    0.01033957027460814     -4.946766197129684
                  19000      2.021870276101445     0.0412184665848263    0.02014064158195693     -4.280473724302034
                  20000      1.803223582792752    0.04120737582205675    0.01154595938613413     -4.837147037002257
                  21000      1.952078959432482    0.04118081174669395    0.02783260726031362     -3.957919171247564
                  22000      1.903947602626992    0.04113566081130727    0.04774945056909465     -3.419256875804426
                  23000      1.927937096304358    0.04103867499329371     0.1050026050210177     -2.633599767027631
                  24000      1.723614447539475    0.04102669989205207    0.01272181532634491     -4.744558507505765
                  25000      2.091604245074977     0.0410019905142684    0.02640026759379778     -4.015105080320299
                  26000      2.165396650209595    0.04096372681807654    0.04118895887244808      -3.57124264593526
                  27000      1.531002670738784    0.04095460671820605   0.009759948287277265     -5.011348439085033
                  28000      1.590549096156877    0.04093867548508108    0.01710631130356456     -4.450577136587248
                  29000      1.966766837465165    0.04076265865427532     0.2010035379373532     -1.991010898351298
                  30000      1.745001130384916    0.04072613226117101    0.04038427191987266     -3.596789484242919
                  31000      1.767148594408794    0.04064198302442265     0.0950865729937129     -2.742510472937847
                  32000      2.109325773665714     0.0405613199532972    0.09191981414554963     -2.778368327600381
                  33000      2.001872142401609    0.04031624808136322     0.3021678165672018     -1.594362728271446
                  34000      1.519941679352736    0.04028512060559564    0.03617323749224683     -3.717798106547019
                  35000      2.071036459820135    0.04008338804224106     0.2526678285606985     -1.779062160519333
                  36000      1.857528301767102    0.03997117351720927     0.1385427611913727     -2.382762285922299
                  37000      1.869254166418811    0.03971838906889554      0.338140316336902     -1.496824613598704
                  38000      2.278396451449637     0.0396010236501483     0.1519748491151063     -2.299529832719457
