#! FIELDS time e sigma_e height
#! SET action OPES_METAD_state
#! SET biasfactor       2.698418390276557
#! SET epsilon     0.01374333274381851
#! SET kernel_cutoff       2.928208142815685
#! SET compression_threshold                       1
#! SET zed      0.1379239835950926
#! SET sum_weights       916.1549252566391
#! SET sum_weights2       2038.956264535956
#! SET counter  643
                      0      2.699578310901542    0.02710105404019754      531.3217432243431
                      0      2.490650866361594    0.02750438599017779      278.8216470134665
                      0      2.433602710285133    0.02901533987700116      101.5365622646192
                      0      2.543328957581663    0.02713745060271923      241.5772459796082
                      0      2.658192303001985    0.02687697108845223      574.6652655970772
                      0      1.611506037049396    0.02833211489172932      1.407766544665323
                      0      1.967169612254339    0.02765803231306491      20.30932922956886
                      0      1.672550321304192    0.02933423873482206      2.075780062405996
                      0      2.072127004746653    0.02499453588862163      8.408815642104267
                      0      2.174067872735116       0.02983687164559      4.483464932395582
                      0      1.838817823864698     0.0281192634188047      4.850859828961077
                      0      2.619000448136114     0.0255239382249631      268.0759187355117
                      0      2.734308291568143    0.02567770621252949      221.5059188915474
                      0      2.297013573438999    0.03014654264138434      15.03840788432796
                      0      1.896169261888738    0.02801224119150028      18.86609255583281
                      0      1.762283720001223    0.02560303811510722      4.094766555791484
                      0      2.027709299462067    0.02619552055268032       10.4871618490472
                      0       1.26560437475035     0.0272685085959584     0.1481090676372669
                      0      2.124144157449514    0.02497895361885061      2.578884533648335
                      0      2.348628174014738    0.02402084855097281      13.25225523293364
                      0       1.49844152940324    0.02464653057667575     0.1654240589695311
                      0      1.714033928983374    0.02311369815086626     0.9658779840327902
                      0      2.239905930710957    0.02286580340697451      2.931392612591162
                      0       2.39245244576786    0.02365325500661606      28.02533185604299
                      0      2.580697954552943    0.02205501337473274      84.23566375666417
                      0      2.214135114559425    0.02114702513854818      1.781558614571769
                      0      1.549965224483745    0.02069745534319043      0.205383320663453
                      0      1.524350827269006    0.01999006794473688     0.4576943396765463
                      0      1.803125740537234    0.02023964128324279     0.4338437222020688
                      0      2.775281871329134    0.01918522013294251      2.068887840128879
