#! FIELDS time e sigma_e height
#! SET action OPES_METAD_state
#! SET biasfactor       2.698418390276557
#! SET epsilon     0.01374333274381851
#! SET kernel_cutoff       2.928208142815685
#! SET compression_threshold                       1
#! SET zed       0.142299060153603
#! SET sum_weights       415.1222708077704
#! SET sum_weights2       892.2313287452597
#! SET counter  291
                      0      2.661583299847122    0.03195307885759249      376.8115544480305
                      0      2.478999860842705    0.03136747836211057      124.9465825139864
                      0      2.391401279445695    0.03387463718890706      18.44841786158645
                      0      2.536047285521356    0.02991787130442159      127.7674966142443
                      0      2.052620891674477    0.03092563031572397      2.619202967170083
                      0      2.583493813160606     0.0294635189885772      121.6053962907246
                      0      2.132646066351738    0.03152812956779085     0.7184302698354137
                      0       2.27895782132718    0.02834965905118321       2.25685925345112
                      0       2.74498206867166    0.02894391973953763       14.4789767350167
                      0      2.702947089231648    0.02784501418774352      141.3664460049683
                      0      1.741481296979703    0.02664796957654143      1.196355534818944
                      0      2.329825320887796    0.02718555312768717      3.747869764497326
                      0      2.006876478438274    0.02657376833850322      2.375522573490483
                      0      1.933885193188626     0.0292255554761247      2.263936212296946
                      0      2.096124650711976    0.02837511776929974         1.010684852544
                      0      2.198496096126153    0.02742113829535652     0.9338194192761138
                      0      1.974151037335748    0.02781845983247165      3.457676013966426
                      0      1.860718686939742    0.02722562910800366      1.145395575113691
                      0      1.634697300139671    0.02889420621559514     0.5910547971477489
                      0      1.791118161489485    0.02683884950049135      0.682138629615149
                      0       1.89403679020435    0.02663543327351331      1.217710486922486
                      0      1.695051186979555    0.02773213915562058     0.4844660395680358
                      0      2.437417961787709    0.02501712917913434      16.94169040889425
                      0      2.814208349920804    0.02252403631325431     0.2603827754127992
