#! FIELDS time e sigma_e height logweight
#! SET action OPES_METAD_kernels
#! SET biasfactor       3.469395073212715
#! SET epsilon    0.007640039155174105
#! SET kernel_cutoff       3.122291642622147
#! SET compression_threshold                       1
                   1000       2.48681345749179    0.06206017502565676    0.03010226110527593     -3.469395073212715
                   2000      2.652538842359089    0.06037286142168492    0.07886516577326624     -2.533820519520852
                   3000      2.569807299994977    0.05384374849937934     0.9313385011567938     -0.179390735368458
                   4000      2.672547966504321    0.05048415962137317     0.6279678091345251    -0.6379513191773507
                   5000      2.648553269678282    0.04816052631628713       1.50810431246378     0.1910486071278649
                   6000      2.714768265685665    0.04606899847281933      1.112446321378791     -0.157642839310988
                   7000      2.702499012673937    0.04462203538068459      1.768677030327227     0.2741150682443118
                   8000      2.597152533386915    0.04325311175534277      1.230811046224399     -0.119602044073512
                   9000      2.637715272678247    0.04215735916019033      1.798998689193643      0.234294927871305
                  10000      2.624796442290535    0.04121801329142426      1.945172589617928     0.2898815225494271
                  11000      2.532158850002915    0.04058791688938213     0.7060723052394586    -0.7389117848517838
                  12000      2.672049912792506    0.03980720812227342      1.917076225215772     0.2405046683054642
                  13000      2.698389015717698     0.0390840871573326       1.75968857496909     0.1365076912108052
                  14000      2.602564880513043    0.03843073395611765      1.658400901887175    0.06036676666110782
                  15000       2.73769779784574    0.03790514671316839      1.109104883557979    -0.3557043833813112
                  16000      2.010297065107923    0.03787204978242645    0.04932797679539151     -3.469395073212715
                  17000       2.23079107333845    0.03783905590955399     0.0493709884656439     -3.469395073212715
                  18000      2.056747519683942    0.03779401381723457    0.06811611206615485     -3.148735336354988
                  19000      1.760477432863619    0.03776126259417326     0.0494726993887569     -3.469395073212715
                  20000      2.459085802248245    0.03762865252113323     0.2132825269251364     -2.011716341589451
                  21000      2.717112081126568    0.03734705082385696      2.946269385053152     0.6064491405147481
                  22000      2.412338083401919    0.03726575655743883     0.1479630372826402     -2.387062496503591
                  23000      2.313912445044632     0.0372324128244032    0.05957027016878357      -3.29776351986708
                  24000      2.367441762794876    0.03714649017625682     0.1592142905647047     -2.316979517354333
                  25000      2.447840802229418    0.03694417578421443     0.4129690182523706     -1.369319256668134
                  26000      2.724596743381062    0.03695860516378247      3.870380868657662     0.8688068626370964
                  27000      2.720502639345464    0.03705289615907775      4.631754752674147      1.050937747956052
                  28000      2.611515640151965    0.03661832285495244      3.212062436886291     0.6731174118945414
                  29000      1.869190366050018    0.03659920487304558    0.05155743692669309     -3.459376859476283
                  30000      1.835380575765328     0.0365631904723857    0.09842120611466455     -2.813801541540867
                  31000      2.016627646360484    0.03651129887186697     0.1439802713953543     -2.434801784394544
                  32000         1.977166857277     0.0364498271500283     0.1728549825555175     -2.253710133027852
                  33000      2.206935045759716    0.03641307877076352     0.1024282545002063     -2.778009226808422
                  34000      1.909704373920996    0.03636428896209713        0.1377604906176     -2.482996018531184
                  35000      2.104526066241751    0.03632690208420069     0.1054102850399774     -2.751681057796631
                  36000      2.462057895681279    0.03610785983596988     0.7230896378139156    -0.8320560807230527
                  37000      2.461947587936833    0.03581652948445774      1.098314507404282    -0.4221583192430673
                  38000      2.176426770453639     0.0357593609965722     0.1770792727976232     -2.248690259058345
                  39000      2.282301644970195    0.03570938695725526     0.1551275541373655     -2.382438538585603
                  40000      2.321322650172398    0.03561920577176839     0.2911730817481446     -1.755296987848471
                  41000      2.336386248269507    0.03547604520383741      0.491802524774349     -1.235164891970891
                  42000      2.532466838089659    0.03511774480466272      1.926944907281076     0.1202977896258342
                  43000      2.563790558903352     0.0348267423722626      3.477071596121537     0.7022314325810045
                  44000      2.399583840373125     0.0346614352255505     0.7059105687995336    -0.8969835926927995
                  45000      2.660591966889046    0.03463484916671242      5.082066646109713      1.076233813266565
                  46000      1.880273833862514    0.03458392231824584     0.2168513878584129     -2.079498669671722
                  47000      1.563382681662766    0.03457088301818652    0.05403829551818726     -3.469395073212715
                  48000      1.945998951671725    0.03450766966919531     0.2748431302265353     -1.844717733255478
                  49000      2.701396145299023    0.03456424351883946      5.925127966737543      1.227677445729081
                  50000      2.693016899535084    0.03459343891287255      6.445737067722832      1.312738467635612
                  51000      2.464571939508588    0.03440042737714682      1.202205050199303    -0.3721181617535964
                  52000      2.741593677064973    0.03414704903500728      4.838032452619821      1.012839728225668
                  53000        2.4823581148152    0.03394143871476731      1.499528776676605    -0.1645570034976423
                  54000      2.520663661118657    0.03369139949746215      2.165671345612845     0.1956284385134548
                  55000      2.552294666422264    0.03341756898172486      3.167612214348661     0.5677152762517088
                  56000      2.682980633305012    0.03334282562257396      6.525365622892489      1.288195049034867
                  57000      2.600366869277482    0.03308530851562916      3.948276787158473     0.7780239974480593
                  58000      2.502040199887442    0.03287096404508873      2.327325537754647     0.2429649244837014
                  59000      2.628230216529312    0.03266034303241901      5.005098098264185      1.002274041028866
                  60000      2.654636899592218    0.03250783141192496      6.075233786742578      1.191356936507151
                  61000      2.723957722453493     0.0323360095989749      5.888789939038123      1.154887428560037
                  62000      2.639994993340464    0.03216418029733546      5.952921148185532      1.160390906367565
                  63000      2.429449706285352    0.03206854914912738      1.072605321275782    -0.5563782210130854
                  64000      2.655994031606907    0.03192854038385609      6.587276361723697      1.254295694864787
                  65000      2.323564754072869    0.03189075958574575     0.4151913116204052     -1.511044135670809
                  66000      2.722385328844334    0.03172310639964068      6.040532907856749      1.161192999474679
                  67000      1.694600672023194    0.03171733705691636    0.06433505541279809     -3.381131731556023
                  68000       1.95819650739687    0.03169308511251554     0.2779839183518693     -1.918438055005582
                  69000      1.597386054331841    0.03168625596878352    0.07660018801916793     -3.207617288689422
                  70000      1.999802944085307    0.03166247219624468     0.2737040638655171     -1.934920240186513
                  71000      2.028116441991564    0.03163940027849724     0.2661813167831157     -1.963518934408841
                  72000       1.98040362727063    0.03160419164398497      0.415403153043937     -1.519560580653242
                  73000      1.770652287936312    0.03159575489757049    0.09609661180309545     -2.983723009957117
                  74000      1.693817970739875     0.0315871602647868    0.09803745505528297      -2.96399952382206
                  75000      1.891200285339223    0.03156412906149646     0.2687428225223938     -1.956323649479197
                  76000      1.830740862306624     0.0315480991642747     0.1857194252283107     -2.326349434073308
                  77000      2.117875810587728    0.03153590893396907     0.1407657281698632     -2.603875972271999
                  78000      1.925581820484959    0.03150248538628103     0.3995648280570899     -1.561657372307956
                  79000      1.727219751030186    0.03149083681147127     0.1353205693850659     -2.644756680967681
                  80000      2.122259959172002    0.03147382749475637     0.1995364195129038     -2.256946740303061
                  81000       1.94542123753268    0.03142787112408014      0.566647259587495     -1.214667733568123
                  82000      1.839004992402407    0.03140442519268941     0.2805012954106408     -1.918572685344363
                  83000       2.43656322180929    0.03130389537245621      1.407030358369592    -0.3091206650596155
                  84000      2.527291356084916    0.03115069706065264      2.659593354582965     0.3226652972002524
                  85000      2.458090769861851    0.03102780493117968       1.95260383350751    0.00970295461371171
                  86000      2.503935383464991    0.03088089882363581      2.699687900928914     0.3289294435743336
                  87000      2.515720015067011    0.03072785626461006      3.119630608081006     0.4685396511086509
                  88000      2.640102045246055    0.03061034901883806      6.536605649041144      1.204411609615101
                  89000      2.479030905131474    0.03047220998384149      2.863748618555252     0.3746020303680936
                  90000      2.524876194742443    0.03032612535410154      3.482535760953599     0.5654256970784317
                  91000      2.571558868734952    0.03018067703604197      3.802382076708403     0.6484850567623653
                  92000      2.550631049643443    0.03003762494868157      4.077848687959724     0.7136757655792189
                  93000      2.425333674510896    0.02995436824305229      1.581393067224804    -0.2363632504116492
                  94000      2.327022081248488    0.02992603589240463     0.4698176510747502     -1.451026331086719
                  95000      2.656732496867955    0.02983143967131438       6.87324618934291      1.228854808948672
                  96000      2.687186369373435    0.02974098319773711      7.105656368979066      1.259072576599426
                  97000      2.606122170898154    0.02961222556439906      5.285207151085873     0.9587545542573144
                  98000      2.310108072852564    0.02958604093293578     0.4903473399692741      -1.41968318414702
                  99000      2.586934187535198    0.02945851234834285      4.789789033059725     0.8551247174469765
                 100000      2.463237757008115    0.02936391740547793      2.346081813751657     0.1381686825859142
                 101000      2.232307238011758    0.02935580798015256        0.1538046055476     -2.586926425953396
                 102000      2.324436227270414    0.02932802718693301     0.5529342750159073     -1.308317080341735
                 103000      2.531931580169005    0.02921166550518514      3.681571079743312     0.5835631557921259
                 104000      2.310935083390672    0.02918232600250238     0.6048387515132421     -1.223574692987126
                 105000      2.360903723090297    0.02915383572891635     0.5890198332391869     -1.251053495350017
                 106000      2.436948145014797    0.02907528652561482      1.948837492054378   -0.05722297227659415
                 107000      2.749467199607381    0.02896414959479609      3.729037469857149     0.5878644315221276
                 108000      2.356700539929479    0.02893377626449761     0.6608815340485026     -1.143515598169919
                 109000      2.473137246028078    0.02883899628109452      2.783222815653447     0.2909934890310976
                 110000      2.489533552768465    0.02873834049803428      3.257373217188029     0.4448086838495007
                 111000      2.518189611648923    0.02863418131364927      3.774913715925471      0.588634118537675
                 112000      2.501586638297979    0.02853192017962577      3.820451734081043     0.5970475752379787
                 113000      2.556599977395761    0.02842996330448033      4.140192059956398     0.6738412507626576
                 114000      2.662168339738786        0.0283410543213      6.216174955064431      1.077121632528279
                 115000      2.476259527921322    0.02824867400148254      3.447886481484768      0.484463385524324
                 116000      2.347375709284798    0.02822059555750027     0.7229116451077297     -1.078760782155146
                 117000      2.444526359562186     0.0281441168968011      2.519117502041606     0.1669024218765394
                 118000      2.696058408472994    0.02805775541264355       6.06103482322445      1.041801065242046
                 119000      2.660180889388737    0.02797712164236973      6.440633549706156      1.099669442317878
                 120000      2.395458813210605    0.02794050675572257       1.05716461460477    -0.7086766389475831
                 121000      2.559173809895363    0.02785100634628433      4.143121167073301     0.6539739468985517
                 122000      2.699113296871953     0.0277719079732135       6.36122934729821      1.079902095283459
                 123000      2.456714755341066    0.02769580208909362      3.035440722855641     0.3372929177867721
                 124000      2.690084731891801    0.02762341326060317      6.735541606211501       1.13171738072599
                 125000      2.679140969915818    0.02755525174768161      7.026688768340335      1.171564161659719
                 126000      2.737316427222756    0.02747176896506022      4.661492090456023     0.7581499200366917
                 127000      2.453255475601013     0.0274023365018222      2.962474607247799     0.3023086563568194
                 128000      2.362613174019603    0.02737939097837622     0.7454483641894345     -1.078323396415276
                 129000      2.627362902620288    0.02730080844106721      5.674597482113326     0.9485713853462248
                 130000      2.673754054556263    0.02723582851270425      7.047527350764249      1.162865593948047
                 131000      2.703966323911378    0.02716796035451276      6.810370807694815      1.126140357782487
                 132000      2.672412534306599    0.02710664658869031      7.332194607777365      1.197709269042408
                 133000      2.685623652033489    0.02704872012839309      7.604712516668947      1.232063250031642
                 134000      2.605846552018906    0.02697434584265206      4.706838402792571     0.7495581287007234
                 135000      2.712325916850153    0.02690747934840646      6.753127359398409      1.108065438522485
                 136000      2.701126477918929    0.02684871708027119      7.507648943129926      1.211795836519037
                 137000      2.533592981100343    0.02678342497739484      3.675459757455136     0.4951168918792663
                 138000      2.550574731434737    0.02671783514820825      3.837582541419994     0.5358293851084848
                 139000      2.417893515316793    0.02668020967557819       1.68002739778791    -0.2916123808115497
                 140000      2.020349266887124    0.02667343750953678     0.2613246466129225     -2.152668129691399
                 141000      1.954570611598621    0.02666321979342642     0.4003449600545499     -1.726488185708458
                 142000      1.556584971437987    0.02666080796268926    0.09177296435651414     -3.199587472404772
                 143000      2.042515825850368    0.02665495450243815     0.2258244861967016     -2.299366710030705
                 144000      1.610402492167385    0.02665242877368317    0.09628594058758047     -3.151897246601563
                 145000      1.769104679632636    0.02664910587584829     0.1271193041487082     -2.874218193538343
                 146000      1.791594180754199    0.02664499757893853     0.1577352757815463     -2.658580258198395
                 147000      2.099014982384956    0.02664068033545684     0.1660114522285638     -2.607603682434806
                 148000      1.637678774136795    0.02663812016525456    0.09785216592870043     -3.136298733598379
                 149000      2.140227583601919    0.02663351851552257     0.1773572524936381     -2.541763250040283
                 150000      2.453119021943548    0.02657814580324285      2.941127615842272      0.264537780154611
                 151000      2.682113778018208    0.02652994386345549      8.063866501643465      1.271322646296829
                 152000      2.496781167159599     0.0264693312816607      3.674962089427348     0.4831850072530737
                 153000      2.559780762931709     0.0264071911178493       4.02411734481573     0.5715973952749197
                 154000      2.217425236313658    0.02640324997227847     0.1614763147021007     -2.644254259902199
                 155000       2.34265549585764    0.02638656084008556     0.7244659395846424      -1.14381027140411
                 156000      2.100031831778628    0.02638147723966807     0.2100562884147635     -2.382062162140358
                 157000       2.59684665209075    0.02631831655194518      4.498970408121099     0.6797691537997436
                 158000      2.595253726288353    0.02625566463582507      4.622185435321168     0.7044048303802516
                 159000      2.199433205504716    0.02625124023503381     0.1882477350102118     -2.496627771444448
                 160000       2.36242289888726     0.0262334737201994      0.805590054328426     -1.043488627336098
                 161000      2.263797173192061    0.02622754617788704     0.2548875585382978     -2.194467100911425
                 162000      2.061985934243606    0.02622197699964939     0.2393560895534437     -2.257549607707099
                 163000      1.757314523743752    0.02621799558161556     0.1701104390934612     -2.599205944102818
                 164000      2.140606114588767    0.02621256693535301     0.2335714369713166     -2.282372921174435
                 165000       2.51232717186126    0.02615294577435923      4.210746301783857     0.6072571718757689
                 166000      1.818905314701565    0.02614799165609061     0.2159905472177689     -2.363092810711121
                 167000      2.369739890520488    0.02612807091741342     0.9360290878330788     -0.897443038009891
                 168000       2.48881390697574    0.02607022989877975      4.075936475803728     0.5715500145067556
                 169000      2.511218773692208     0.0260112574824612      4.533453948505296     0.6756689721930986
                 170000      2.213675618513524    0.02600619356096591     0.2283269386363631     -2.312986574438065
                 171000      2.416705223690061    0.02597054848020216      1.934874735951165    -0.1773388285653833
                 172000      2.697250456070726     0.0259308701128666      8.320542749460083      1.279817080004195
                 173000      2.733463253005727    0.02587286855760388       5.68641826795537     0.8969308829276663
                 174000      2.528685820014623    0.02581611083560331      4.746186972322455     0.7139957388166194
                 175000      2.646520546730943     0.0257639478981977      6.892392891091675      1.085049908062681
                 176000      2.681309761584807    0.02572591809895121      8.485065420208025      1.291462016596461
                 177000      2.643926691542238    0.02567476046377981      6.998899977803454      1.096916854676573
                 178000      2.726123090957535     0.0256216794868706      6.488782893057631      1.019169263230506
                 179000      2.687219280407734     0.0255846169896743      8.643038922134592      1.304400957883903
                 180000      2.494378406167725    0.02553396588857677      4.217494523334768     0.5849062361334094
                 181000      2.730205835234592    0.02548153144671846      6.206541487887997     0.9692131850883748
                 182000      2.650833381835702    0.02543426411092073      7.362254303026652      1.138118860505537
                 183000      2.679865057621843    0.02539765799749598      8.706076846559816      1.304333672669848
                 184000      2.666312175186118    0.02535806901997959      8.432287982818501       1.27082056647849
                 185000      2.721095115054792    0.02531044998475452      7.209162758324654      1.112225613377394
                 186000      2.360659398995293    0.02529613978426884     0.8786748944036642    -0.9930330640095169
                 187000      2.682343327605983    0.02526085272715949      8.925070597308981      1.323775549830652
                 188000      2.605816025380766    0.02521220854312427      4.906133540313939     0.7234699462372879
                 189000      2.728279287213916    0.02516380185886825      6.578834249583739      1.014919529387569
                 190000      2.724212679695666    0.02511758419727023      7.156007742365023      1.097175851848605
                 191000      2.648065545179277    0.02507274437398348      7.408241877558423      1.130029960073723
                 192000      2.359990288144988    0.02505917600038046     0.9020185029178731    -0.9762247402821723
                 193000      2.650637525669812    0.02501621009404783      7.714817948977223      1.168322344800082
                 194000      2.672229641059175    0.02498041916719375      8.834765245585873      1.302442256907009
                 195000      2.720785751521551    0.02493690485586038      7.513985783540928      1.138770321867877
                 196000      2.532363723791227    0.02489538816670225      4.086858739899477     0.5281146506165244
                 197000       2.55725922254018     0.0248550347653357      3.935104170251517     0.4886531303135511
                 198000      2.528280526388722    0.02481321503789691      4.333144677409407     0.5833253453215902
                 199000      2.710777257742185    0.02477545276470529       8.37842091425879      1.241168254575976
                 200000      2.710894099341436    0.02473854918404881      8.521183027452098      1.256573344691819
                 201000      2.293273711307223    0.02473275470974173     0.4108789448589494     -1.775672741402206
                 202000      2.432812554770857    0.02470757004607481      2.093244015763927    -0.1485198626722661
                 203000      2.573152580640296     0.0246692620137508       3.92756237984343     0.4792324274115357
                 204000      2.579677386350389    0.02463032936842442      4.131845248340521     0.5283581210303049
                 205000      2.531069151680418    0.02459049385112552      4.439865256825945     0.5986394056392381
                 206000      2.518690653689013    0.02455093916234482      4.467434939947854     0.6032199513511104
                 207000      2.452887657948977    0.02452098769404789      2.797172137446811      0.133793785120076
                 208000      2.711310389547907    0.02448636874070317      8.563151217968091      1.251240277912006
                 209000      2.608409940521007    0.02444621498181386      5.035093410786727     0.7185629135349818
                 210000       2.56130521350916    0.02440849831948383      4.364052435580579      0.573987884604241
                 211000      2.753153951974994    0.02437297803501558      3.925538991161893      0.466634163206957
                 212000      2.584409344719405    0.02433545589999183      4.494630170650713     0.6004732040422065
                 213000      2.380005404936471    0.02432387414670934     0.9537363360937526     -0.950254242008527
                 214000      2.489026918846286    0.02428942761267109      3.847877576277704      0.443218333183505
                 215000      2.564773995743806    0.02425237864935371      4.577932193943333     0.6154175491211699
                 216000       2.12580800444515    0.02424943189282309     0.2322035891178735     -2.366092125040258
                 217000      1.947709088361941    0.02424492556870201     0.3591932922186984     -1.930031838586927
                 218000      1.915330706823228     0.0242409712718414     0.3142418360980972     -2.063892743706281
                 219000      1.803490865276618    0.02423850508241843     0.1941230245039915      -2.54566524841736
                 220000      2.164534220533159    0.02423587353368883      0.207471452662022     -2.479272175579574
                 221000       1.90665085766807    0.02423179419812853      0.325036782078247     -2.030495908943311
                 222000      2.130524493916814     0.0242284487427827     0.2654038759115987     -2.233319604767743
                 223000      2.542514298539945    0.02419070011145023      5.047662770015169     0.7105490225010814
                 224000      2.572150778185551      0.024153655803513      4.893910485890284     0.6780828597182033
                 225000      2.664877129574745    0.02412208509812983      8.610380130639609      1.241751720120172
                 226000        2.6832088082406    0.02409534691954609      9.445882852712904      1.333253155364864
                 227000      2.697863818044803    0.02406905222969532      9.559088610560105      1.344074702109084
                 228000       2.64162830157861    0.02403282620975683      7.276625692168764      1.069743343270293
                 229000      2.442214652593943    0.02400877176784104      2.532344451411976    0.01322022596889802
                 230000      2.693272629394402    0.02398365198956179      9.748615037870808      1.360153096446741
                 231000       2.47916469582415    0.02395344444816403      3.646206023858286     0.3754547510668954
                 232000      2.509434291653462    0.02391981668397692      4.562791542557511     0.5982973197233655
                 233000      2.566777280439959    0.02388562145434883      4.863496482869996     0.6606897230436192
                 234000      2.478954125531593    0.02385523743420802      3.843239306375795     0.4239748102861747
                 235000      2.501891304209858    0.02382234378218828       4.58773128294271     0.5996650204325582
                 236000      2.388361250197656    0.02381144662232476      1.056048155077306    -0.8696443610031335
                 237000      2.563019123655722    0.02377775457383013       5.03640123668706     0.6910976862912859
                 238000      2.595788834909952    0.02374422501062659      5.095844464687891     0.7014201779896621
                 239000      2.266558899363904    0.02374125382819399     0.2746241244418187     -2.219482295909199
                 240000      2.521272252950877    0.02370793435867016       5.14524981230073     0.7095391354482148
                 241000       2.55537106405681    0.02367450783174695      5.370609900603115      0.750995765715048
                 242000      2.418072785656289    0.02365781252649329      1.798543903811152    -0.3436737672430165
                 243000      2.700105784228306    0.02363294119867573      9.483000094451786      1.317797721932249
                 244000       2.57485577440228    0.02360046013309581      5.212397855170748     0.7179616375870741
                 245000      2.450690989510716    0.02357638063929018      2.990138940885641     0.1612206831318851
                 246000      2.433459861908258    0.02355551303547726      2.470756628535542   -0.03046023891203068
                 247000      2.549213763799091    0.02352311166700829       5.58028355481746     0.7828784422026214
                 248000      2.675540305751204    0.02349799476885607      9.326246723744159      1.295403179811946
                 249000      2.363823758028211     0.0234892810903009     0.9155584527824369     -1.026021437918091
                 250000      2.686428772511973    0.02346652871691773      9.794887663718102      1.343091116309503
                 251000      2.495191571676965    0.02343722627218112      4.489288239850119     0.5616752303835634
                 252000      2.534781616095593    0.02340587232655688      5.578014407870709     0.7774752549676419
                 253000      2.115405695214963    0.02340327471544454     0.2663276970707808     -2.264496389090898
                 254000      2.589957992393695    0.02337276987757963      5.198892404312974     0.7056727058236796
                 255000      2.304044320492453    0.02336809099140395     0.4929535236923571     -1.650313485110455
                 256000      1.715929467350217     0.0233668443054322     0.1276051547426274     -3.001840965866857
                 257000      2.054022944633162    0.02336476809070703     0.2140530434428912     -2.484646739736906
                 258000      1.918626198365239    0.02336147343077736     0.3434100220633678     -2.012086477439309
                 259000      1.922855195984321    0.02335787508509991     0.3763219973724433     -1.920720498304717
                 260000      2.791977198981338    0.02335330001079424     0.4830438572324031      -1.67125408773605
                 261000      1.687738974994499    0.02335208207593151     0.1249986166616861     -3.023111022395908
