#! FIELDS time e sigma_e height
#! SET action OPES_METAD_state
#! SET biasfactor       3.469395073212715
#! SET epsilon    0.007640039155174105
#! SET kernel_cutoff       3.122291642622147
#! SET compression_threshold                       1
#! SET zed      0.1443632554286663
#! SET sum_weights       368.4803485781604
#! SET sum_weights2       913.3568922060522
#! SET counter  262
                      0      2.541586965291376     0.0323703961189298      136.2089205860178
                      0      2.645152199398678    0.03544281431794229      145.2820362861759
                      0      2.694776877378149    0.03205919067258294      272.0065426986106
                      0      2.022597867485342    0.03502343520093921      1.288458873715157
                      0      2.208347784051778    0.03488327374194323      1.060734109659749
                      0      1.771208915362727     0.0313534428680017     0.6005343302155681
                      0      2.486586032222927    0.03143421036192819      70.62873925346048
                      0      2.437645705716064    0.03047482432640187      33.74277607229723
                      0      2.315554392303564    0.03315838866315195      4.434635228573528
                      0      1.827730947024046    0.03400045288266178      1.026312935402069
                      0      1.956856533381732    0.03336901147705019      2.467270696038602
                      0      1.911290266928452    0.03143707719168707      2.381930166667652
                      0      2.121082529251056    0.03053213714892661       1.99664402493128
                      0      1.572288782226967    0.03560095664474965     0.2224114478938693
                      0      1.705869607834161     0.0322590372302799     0.5502968512574604
                      0      2.590232827551482    0.02798006481281617      61.51409323929179
                      0      2.359206683428598    0.02751997426121739      7.880598308434975
                      0      2.730122369139947    0.02741085764701923      59.15580173419041
                      0      2.388209313937523    0.02621765873602369      3.066949105775828
                      0      1.610402492167385    0.02665242877368317    0.09628594058758047
                      0      1.637678774136795    0.02663812016525456    0.09785216592870043
                      0      2.265229505388438    0.02500708773523271     0.5295116829801165
                      0      2.058226631580787    0.02522911944116553     0.4534091329963349
                      0      2.164534220533159    0.02423587353368883      0.207471452662022
                      0      2.791977198981338    0.02335330001079424     0.4830438572324031
