#! FIELDS time e sigma_e height
#! SET action OPES_METAD_state
#! SET biasfactor       3.469395073212715
#! SET epsilon    0.007640039155174105
#! SET kernel_cutoff       3.122291642622147
#! SET compression_threshold                       1
#! SET zed      0.1213149702749364
#! SET sum_weights       650.3425217715109
#! SET sum_weights2       1752.581885392173
#! SET counter  447
                      0      2.490839846607199    0.02982373850693934      212.5942668487995
                      0      2.715252149479458    0.02907164789234302      303.2762381319152
                      0      2.392952646165293    0.03198316640747228      24.90396005790406
                      0      2.663013649126391    0.02903236287732435      539.3199483372861
                      0      2.543157932443937    0.02895704523504874      181.3566626083035
                      0      2.025617024113634    0.03245399259409633      6.675973440796417
                      0      1.924369912410143    0.02772505066163534      3.844612919347451
                      0      1.870018255967318    0.03047201860895147      2.504201504387092
                      0       1.62301127806653    0.02903790157282261      1.668457506385453
                      0      2.122947200930171    0.02682945191145284      2.884823555595314
                      0        1.8298553329078      0.025724790180577      2.837044849721972
                      0      2.323515027068101    0.03115779933542753      10.13818183001433
                      0      2.602663355747866    0.03253297101813857      191.8454137025121
                      0      2.765633311747198    0.02692875645016223      5.732682730199548
                      0      2.199019899872751    0.02737736715478346      4.049254079669713
                      0      2.436470844693698    0.02677216945122964      69.36805535300698
                      0      1.759977072760549    0.02815149252563938      2.076311467285625
                      0       1.55781313250596    0.03007112342322387     0.8744852014330656
                      0      1.707778478001812    0.02808049828517806      1.363291145361953
                      0      2.247053225120799    0.02737974130051173      6.045610414978906
                      0      1.975840981592862    0.02683055734330862      6.212348003099396
                      0      2.167375356017375    0.02452696872330727      1.759689299924688
                      0      2.077668136628436    0.02609856481140962      3.362908005577312
                      0       2.81753367956412    0.02284526933975346     0.1540770274123699
                      0      2.285429697995938    0.02276687959664013     0.6135754208356613
                      0      1.674319815621909    0.02241316595094872     0.1913162114391587
                      0      1.089101941370895     0.0222024539587262    0.08414167174197461
