#! FIELDS time e sigma_e height
#! SET action OPES_METAD_state
#! SET biasfactor       2.698418390276557
#! SET epsilon     0.01374333274381851
#! SET kernel_cutoff       2.928208142815685
#! SET compression_threshold                       1
#! SET zed      0.1527958812408984
#! SET sum_weights       152.3561000543448
#! SET sum_weights2       334.7651788061403
#! SET counter  123
                      0      2.684045694310626    0.03663087604123767      172.6150902555184
                      0       2.44172221205584    0.03531480842407436       25.2981660601857
                      0      2.507563847600497    0.03886011519630352      46.05069222383877
                      0      2.026505963706382    0.03794331220362127      1.149207942361791
                      0       2.30873643794631    0.03772434041419306      1.052459946195762
                      0      2.606477162135955     0.0359636392195775      23.63528960734289
                      0      1.926955552333064    0.03287060683798478      5.939425134499485
                      0      2.214999206185466    0.03390057025889549     0.5534813405870427
                      0      1.636893244793966    0.03246768158972576      0.124391800900383
                      0      1.767040519279949    0.03390568857195012     0.9875190394697444
                      0      1.709540232833071     0.0343545013084577     0.3879016149254243
                      0      2.356007311904344    0.02966216853540404      1.098036840883915
                      0      1.864328429480052    0.03253822693178161      1.920450503239212
                      0      1.671711518550256    0.03008907367250014     0.2686743056953376
                      0      2.104777364813358    0.03022498667536317     0.4482696258762919
                      0      1.397839039149789    0.02967593043547723     0.1360939092638512
                      0      2.730352966718039     0.0314557598924901       9.63145198717638
                      0      2.553517419785345    0.02845735972788394      6.184001737539418
                      0      1.439845506207766    0.02716850282531226     0.1616585023307033
