#! FIELDS time e sigma_e height logweight
#! SET action OPES_METAD_kernels
#! SET biasfactor       1.927441707340398
#! SET epsilon     0.01821196306674905
#! SET kernel_cutoff       2.830433390657354
#! SET compression_threshold                       1
                   1000      2.713620830835276    0.05785834540142751     0.1509064987297364     -1.927441707340398
                   2000      2.496784079778349    0.05566206205584254     0.1568608852123671     -1.927441707340398
                   3000      2.495753304784575    0.05147363094346723      1.186412164169676    0.01765885860297836
                   4000      2.651140287392223    0.04926724407432944     0.4551144493016553    -0.9842914771320863
                   5000      2.747302400363728    0.04709125999663174     0.6789549324197662    -0.6294576682103997
                   6000      2.717031591131892    0.04535311979382297      1.311076030559434  -0.009017396913073039
                   7000      2.702814493953356    0.04404767638213764      1.599395936520809     0.1605540574997805
                   8000      2.648303472224056    0.04275992707568219      1.237800013449841    -0.1254075603107254
                   9000      2.547867702604824    0.04177720174905532     0.8436744256483927    -0.5319823945939267
                  10000      2.592642218843025    0.04083058167527821      1.124594844074165    -0.2674903785301169
                  11000      2.498875668148864    0.03999277632503569       1.21342875858459    -0.2121956792178349
                  12000      2.634395838177518    0.03926616013392715      1.518461742405254  -0.006283668717797772
                  13000      2.653452829508183    0.03865911324602326      1.792141954170112      0.143849500959893
                  14000      2.572530088309216    0.03804551383308544      1.402850117242861    -0.1170554215322141
                  15000      2.450026343205001    0.03755155931061093     0.9205287916091029    -0.5514366591960961
                  16000      2.503624111903154     0.0370337240363268      1.482363371277247   -0.08887791764894737
                  17000      2.442567526228398    0.03656750848682098      1.202619050226378    -0.3106827419919422
                  18000      2.679647394086467    0.03615121185343948       1.83731584139267     0.1016716334484351
                  19000      2.688629524332241    0.03576981360485672       1.95043395766108     0.1508116703073638
                  20000      2.507999048505177    0.03537892793536489      1.552166795073836   -0.08857628834158156
                  21000      2.225521313239003    0.03526827088966905     0.2475653074725236     -1.927441707340398
                  22000      2.643381762471154    0.03495084914286822      2.116630258869805     0.2094235256504687
                  23000      2.723316346225578    0.03461806685582717      1.870827926732419    0.07641222147839295
                  24000      2.751116775751092    0.03429545310610927      1.595204420399745   -0.09232988805686763
                  25000      2.689003840421234    0.03404673421626286      2.394705852113804     0.3066499601881466
                  26000       2.51386825839778    0.03375404407350208      1.731837825847577   -0.02606115596276249
                  27000      2.448462095940586    0.03348342699519244      1.427467774416455    -0.2273918749115106
                  28000      2.263157515487454    0.03338223913868184     0.3588169126318965     -1.611263579243246
                  29000      2.701410426948124    0.03318024019260295      2.572099020234146     0.3523322665395673
                  30000      2.709817954715143    0.03298300318308679      2.640549062532943     0.3726346852659105
                  31000       2.61088998412582    0.03274011173136499       1.84362805709057   0.005991822793434858
                  32000      2.515727967433456    0.03250778046660924      1.905746940917619    0.03200892413421966
                  33000       2.37421600023347    0.03240429788612902     0.4891525361559909     -1.331134400684213
                  34000      2.668214504930926    0.03224103145896971      2.830704579272723      0.419420996657442
                  35000      2.471817866695057    0.03202864726336446      1.932219962052809    0.03095574838497375
                  36000      2.567643917218041    0.03182571391927639      1.767443325146147   -0.06453593208072969
                  37000      2.413620380292959    0.03165720734360421       1.19029968454531    -0.4651736082086523
                  38000      2.659773871553739     0.0315097711583655      2.883176669963143     0.4148458276951725
                  39000      2.526696070718519    0.03132532154778138      2.132752605749594     0.1074956519857311
                  40000       2.67602755600809    0.03119339911378011      3.059428108330383     0.4640899491390703
                  41000      2.630145344043973    0.03103160468761187      2.625762741869588     0.3060330511397556
                  42000      2.622070641616683    0.03087316518148537      2.627370574130731     0.3015263680150988
                  43000      2.694682136285696    0.03074272658449819      3.100812122888597     0.4629729225213921
                  44000      2.725412149451891     0.0305904765018174      2.654407488836356     0.3025656346063832
                  45000      2.556139677058556    0.03043603269122922      1.986969808503365   0.007893399130615798
                  46000      1.984087662927207     0.0303984125561531     0.2872255355669172     -1.927441707340398
                  47000      1.664640213743147    0.03036097039488036     0.2875797516767605     -1.927441707340398
                  48000       2.09832944607953    0.03032370479391882     0.2879331660218559     -1.927441707340398
                  49000      2.541937007854737    0.03017841525265726      2.469496796667348      0.216796783725909
                  50000      2.574817599909588    0.03003819158651981      2.544393127308349     0.2420172273931292
                  51000      2.701132402972387    0.02994740956862075       3.56943494960493      0.577505572575736
                  52000      2.379540973874096    0.02986069264251168     0.8841567418683302    -0.8209224963030249
                  53000      2.490960606320377    0.02972637404986401      2.419982413256705     0.1814503775741975
                  54000      2.593458316014547    0.02959827106422634      2.647085285420016     0.2668305297879956
                  55000      2.704262867397655    0.02950826201642211      3.588015585302374     0.5679250181820196
                  56000        2.3476757261948    0.02944486044433093     0.6871132794636168     -1.087081295677595
                  57000      2.498462698269024    0.02932216121177927      2.601087101907413     0.2399284970186749
                  58000      2.474101547394419    0.02920124573042142      2.451510583701218     0.1765712074775466
                  59000      2.558368438164539     0.0290859565350737      2.748009584309764     0.2867877642673963
                  60000      2.664002362765762    0.02899586900074735      3.535570589441439     0.5356835071309713
                  61000      2.447801334068595    0.02888480418108133       2.08393800836194   0.003230464709658184
                  62000      2.711652481741972    0.02879400877374041      3.489469283149425     0.5155724313746128
                  63000      2.361385270275425    0.02872621682973963     0.9458744234422034    -0.7921798415531693
                  64000      2.420001682956042    0.02863042759229043      1.652797511072848     -0.237405194613575
                  65000      2.623167807760561    0.02852979170884577      2.977632169850063     0.3477327130004891
                  66000      2.451139055382209    0.02842735537735539      2.313452597317782    0.09174837641945098
                  67000      1.977155354173251     0.0283946645589368     0.4381285277408732     -1.573386271668057
                  68000      2.015031327082421    0.02836037326267233     0.4650090545414818     -1.515050100507636
                  69000      2.055425998318732      0.028327501109275     0.4464938201991737     -1.556841178091302
                  70000      2.444166791093604    0.02822887534813656      2.502537098681357     0.1633058971050015
                  71000      2.559771908230852      0.028135411436445      2.942088688736741     0.3218041816626344
                  72000      2.418984500496293     0.0280428821512211      2.118031276514962    -0.0101227041301119
                  73000       2.64559126247652    0.02796714509029245      3.603491115856789     0.5185889993187747
