#! FIELDS time e sigma_e height logweight
#! SET action OPES_METAD_kernels
#! SET biasfactor       4.240371756148875
#! SET epsilon    0.003891431002318289
#! SET kernel_cutoff        3.33135957893421
#! SET compression_threshold                       1
                   1000       2.71243734899171    0.06284082615044533    0.01375115918422312     -4.240371756148875
                   2000      2.639313071816828    0.05561481538009728     0.6449921011996542    -0.5144121412533246
                   3000      2.594014165226342    0.05126959822444715      1.167048413806497  -0.002768774782765045
                   4000      2.463082813627335     0.0504636396401115     0.1349336272326473     -2.176063763968709
                   5000      2.548754177976371    0.04803276714282753      1.544826178713957     0.2124502629296949
                   6000      2.151313078670321    0.04796382508906826     0.0180163738412893     -4.240371756148875
                   7000      1.743163388624378    0.04789523176464335    0.01804217605437658     -4.240371756148875
                   8000       2.24920117916698    0.04779970522426762    0.02540693342777926     -3.900058262209491
                   9000      2.458046875118626    0.04602618719525945     0.7771075449051846    -0.5173105686227731
                  10000       1.95855876147739    0.04596935925019845    0.01879804760731213     -4.240371756148875
                  11000      1.833045210644442    0.04587309843429651    0.03228073979482215     -3.701750225517788
                  12000      1.879759073874567    0.04558716547353385     0.1008943689236782     -2.568399505899248
                  13000      2.714123548378636    0.04418512935593417     0.8002403953890986     -0.528799371875231
                  14000      2.731686755669915    0.04296641394636772      1.584245919593872     0.1261827108725695
                  15000       2.29457141456895    0.04283150507125896    0.07354662267335141     -2.946906382401309
                  16000      2.652105047558373    0.04247096785979512      2.614184420018476      0.615428334701972
                  17000      2.699822702031919    0.04231068472994102      3.451264834471124     0.8894358685643972
                  18000      2.478456539354639    0.04144158469793063      1.198217261624416    -0.1892248873614779
                  19000      2.341811848470681    0.04132019459872541     0.1284035556399972     -2.425570404638263
                  20000      2.066931229983082    0.04129010620712043    0.03126822344104935     -3.838874572755718
                  21000      1.983631552411012    0.04121999025636514    0.07411568820326216     -2.977549275586747
                  22000      2.077202094248103    0.04112853881439165    0.09817775868939191     -2.698617885839857
                  23000       2.06665223414119    0.04092552283468576     0.2298311340041552     -1.853001103308981
                  24000      1.846458914215991    0.04075938954472787      0.189983782811281     -2.047474894891228
                  25000      2.033255494056584    0.04046744424166881     0.3600944221746762     -1.415235755355499
                  26000      1.748432045578874    0.04039407522201843     0.0855225266938593     -2.854636908567881
                  27000      2.147266713509167     0.0402679405925246     0.1514800322214941     -2.286090391895727
                  28000      1.449535625956968    0.04024955910869473    0.02146940793386713     -4.240371756148875
                  29000      1.857288421930035     0.0399365226054821      0.418082330897583      -1.27913020546839
                  30000      1.850036295110425    0.03944756335255389       0.76943962324832    -0.6814650733959322
                  31000      1.625793291736322    0.03942873129941708    0.02440327236626269     -4.132887833177077
                  32000      1.713945031596356    0.03931787876664378     0.1499860428585578      -2.31987825317211
                  33000      2.298360445979347    0.03913299675779881      0.263214249923822     -1.762165484219473
                  34000      2.561560705407188    0.03855014552507402      2.578523895864191     0.5048324145664018
                  35000      2.356063140833209    0.03832716021017202     0.3883707731555144      -1.39398056822896
                  36000      2.709079315455981    0.03831271062017848      4.184396772584323      0.982799702076439
                  37000      2.598412312323796    0.03781973923393681      3.290141701614577     0.7294172403087937
                  38000      2.694469661805293    0.03768251384741882      4.790037993488063      1.101389944182533
                  39000      2.297198305045795    0.03752723757294005     0.4187163700500308     -1.339839067017335
                  40000      1.912539594944092    0.03737402994778333     0.4216413423489595     -1.336968711385047
                  41000      1.953901483646912    0.03724220239068617     0.3652596251613053     -1.484048847546237
                  42000      2.691269317406497    0.03723383398339752      5.720938402632953      1.267006149721248
                  43000      2.233200367177483    0.03716504714018815     0.2138131344125684     -2.021628684747186
                  44000      1.600072735556633    0.03714899057151445    0.04877616573718224     -3.499921455580478
                  45000      2.088573639606349     0.0370228622689695     0.4118213991922294     -1.369974461963507
                  46000       1.81320810543884    0.03684336777985743      0.621216870606405     -0.963743968606801
                  47000      1.998319565805776    0.03670512007687803     0.4756737755081812     -1.234451310539263
                  48000      1.738301546634614    0.03661731538957346     0.2968374460401548     -1.708393945358286
                  49000      2.071848308013141    0.03642218590292091     0.7281350496869919    -0.8164352106014108
                  50000      1.602261527440361    0.03639426163604278    0.09418691184895227     -2.862407494453753
                  51000      2.641517226793868    0.03608488258073426      4.750066876687819      1.049688147583676
                  52000       2.36935762620653    0.03596966335496295     0.4657791452713698      -1.27571235799472
                  53000      2.404308733384515    0.03581336006455978     0.6669239669653034    -0.9211027843911196
                  54000       2.47022278899629     0.0355589144741919      1.249491661428245    -0.3004168808960839
