#! FIELDS time e sigma_e height logweight
#! SET action OPES_METAD_kernels
#! SET biasfactor       3.469395073212715
#! SET epsilon    0.007640039155174105
#! SET kernel_cutoff       3.122291642622147
#! SET compression_threshold                       1
                   1000      2.534146592169184    0.06206017502565676    0.03010226110527593     -3.469395073212715
                   2000      2.387435431591999    0.05933226150504584     0.1390526183575764     -1.984094233431076
                   3000      2.744952519690163    0.05873847092296512    0.03180456630053419     -3.469395073212715
                   4000      2.684429998552415    0.05391962308577733     0.4676016063371222    -0.8669887000011266
                   5000      2.523040916802555    0.05120992372070557     0.3438723407902146      -1.22589601912608
                   6000      2.657485519255856    0.04919341782605182      1.505419950452159     0.2104871644255317
                   7000      2.529219670604306    0.04695714404684151     0.8381485466846585    -0.4216691361338975
                   8000      2.526893863723078    0.04531081584297382        1.5677052532876     0.1688141301375532
                   9000       2.29616222256854    0.04498388464510055     0.1291767950570999     -2.334613564175189
                  10000      2.480783330800373    0.04375314792239417      1.837936848323394      0.292862664938132
                  11000      2.558280651507789    0.04284701211012848      2.288404887326028     0.4911463704443114
                  12000      2.679659437998079    0.04176139769797103      1.396992693474343   -0.02805029932204256
                  13000      2.690046821850767    0.04081380378799752      1.782595792940657     0.1927464027476531
                  14000      2.598606894601035    0.03998432165225269      1.864930223283987     0.2173664949693847
                  15000      2.568556067855214    0.03933733944893859      2.434434339419095     0.4675440441935636
                  16000       2.42542896051214    0.03891693037212531     0.6789652205829011     -0.820100552469466
                  17000       2.48082798101068     0.0382794213261614      1.810455091205529     0.1441461326563252
                  18000      2.447652837026984     0.0377159387872758       1.53010331296082   -0.03892651967523116
                  19000      2.724502905082131    0.03726691757650271      1.101004010662624    -0.3800160568905481
                  20000      2.479394013337245    0.03678205133116435      2.148821002871131     0.2755847493766423
                  21000      2.626124045836352    0.03633121355742074      1.617468388390604   -0.02080510911627591
                  22000      2.491004600479368    0.03593664060161868      2.468940143348012     0.3912018091471766
                  23000      2.669840190118151    0.03554774176466358      1.601547362833053   -0.05249766711001932
                  24000      2.710672132516802    0.03519562615378997      1.447405862610283     -0.163649850449137
                  25000        2.6790977274641    0.03484007496152379      1.937845010099086     0.1180002774749594
                  26000      2.642865255676476     0.0345052569200434      1.924798706810831     0.1015885190830779
                  27000      2.632665342398341    0.03418861966472973      2.019147521088521     0.1402236712036951
                  28000      2.429418263388451    0.03392384347141359      1.311126894282264    -0.2993394557542672
                  29000      2.353781997914389    0.03385657983600144     0.2446916044280724     -1.979967818371405
                  30000      2.517281785324011    0.03359212582182598      2.548463388134655     0.3554377113916845
                  31000      2.638575763830299    0.03332858463724469      2.393753706685349     0.2849335864970677
                  32000      2.678515505052026    0.03307757719769343      2.445352571671906     0.2987003781763144
                  33000      2.666270624953308    0.03285027092220694      2.735585104209783     0.4039607749889961
                  34000      2.666979176705335    0.03263924260746937      2.903414148502911     0.4570581002907145
                  35000      2.703588023027311    0.03241279468830904       2.41512673807546     0.2659604456737744
                  36000      2.576918320453157    0.03219866161364749       1.88422197695049     0.0110953160451087
                  37000       2.32216380504171    0.03216871325731643     0.1608690182761529     -2.450515016179188
                  38000      2.492532020235416    0.03195931732694011      2.303907655235657      0.204725860051982
                  39000      2.371048894501227    0.03188983478863893     0.4192991039076728     -1.501228023799841
                  40000      2.355027580272981    0.03182756785237226     0.3754404392392013      -1.61366717195676
                  41000      2.629332241080515    0.03163539172643736      2.589467100808198      0.311384024949094
                  42000      2.237962833414571    0.03162188428551676    0.08004595087950653     -3.165649563854881
                  43000      2.725666129008872    0.03143588123626492      1.950635851694213    0.02176079003729633
                  44000      2.544917920384013    0.03125382090855577      2.425037626207578     0.2336441157908036
                  45000      2.699704541397762    0.03108900737673132      2.893727141755388     0.4050550735697239
                  46000      2.695304589863605    0.03094024094708038      3.182703068366068     0.4954439276788238
                  47000      2.329631061446097    0.03089751409868194     0.3191660845220008     -1.805712501984574
                  48000      2.486461492461848     0.0307329970317402      2.504698423057655     0.2491606743367875
                  49000      2.621965895850232    0.03057487334368736      2.635586355969164     0.2949396600855861
                  50000      2.234989945253824    0.03056176961767463     0.1011910949023454     -2.965339214299442
                  51000      2.488910233567294    0.03040949365145403      2.702343095340779     0.3145294983709798
                  52000      2.506734985806911     0.0302684130672267      3.022093331291574      0.421709880833348
                  53000      2.750430863338967     0.0301538989304184      1.292397904451104    -0.4315309961242235
                  54000      2.750285878926692    0.03003230780511958       1.48240735410045    -0.2984034762736115
                  55000      2.679017085213927    0.02991838285517801      3.500362805633807     0.5569951623412113
                  56000      2.588720986744039    0.02978365290952524      2.191725637287018    0.08430431647275062
                  57000      2.678627638582874    0.02967833903970005      3.639076532344756     0.5878028417929729
                  58000      2.671056107954771     0.0295797023395924       3.80140846036667      0.628115477640268
                  59000      2.650929448592706    0.02947343824475237      3.654107705974603     0.5849968307434278
                  60000      2.657315067735196    0.02937759887030168       3.91171526544005      0.649863843124931
                  61000       2.61187657775554    0.02925516286233826      2.701783114663542     0.2756234718662076
                  62000      2.549639747537384    0.02913727390890389      2.366795895829701     0.1392107804156202
                  63000      2.581626849392333    0.02902239238295332       2.35030726894925     0.1282691932984081
                  64000      2.516052821603692    0.02890915365433063      2.899245726607948     0.3342643270790961
                  65000      2.581647877008475    0.02879844822521985      2.501283791764226     0.1827810591746697
                  66000      2.378365095046598    0.02876313584164065     0.4766713282030885     -1.476178065482632
                  67000      2.483897622330064    0.02865513431138579       2.68882489405977     0.2500923287724571
                  68000       2.66504106230376     0.0285689034994157      3.902497502437562     0.6195910072615195
                  69000      2.620389115445327    0.02846716860038832      3.143155434419853     0.3996340928320231
                  70000      2.664952289653077    0.02838630508620782      4.049066116325159     0.6500485173346402
                  71000      2.719743390018784    0.02828745241271745       2.52618182106329     0.1747827676365751
                  72000      2.603805173480973    0.02818964394345568        2.8255685514322     0.2833197137196694
                  73000      2.496027174711548     0.0280938419235187      2.794322081102958     0.2687953716481168
                  74000      2.480659024123225    0.02800035646240399      2.646753505661315      0.211206475428153
                  75000      2.558167548565086     0.0279093024656707      2.543315991101949     0.1680842306444657
                  76000      2.345902370411851     0.0278872370554219     0.3680899992355453     -1.765603238842933
                  77000      2.746524079186953    0.02781824923197162       1.46428364389356    -0.3872861670977433
                  78000      2.537133053701614    0.02772977692317487      2.921052618934598     0.3001062900280594
                  79000      2.547368799518113    0.02764297829556379      2.938254260533158     0.3028428000218947
                  80000      2.455381395777952     0.0275653373490708      1.996969021908395   -0.08615492994423518
                  81000      2.204099052462305    0.02756007636645592    0.09005587084061911      -3.18530135930658
                  82000      1.658938832118876     0.0275561030978979    0.06779447682513408     -3.469395073212715
