#! FIELDS time e sigma_e height
#! SET action OPES_METAD_state
#! SET biasfactor       4.240371756148875
#! SET epsilon    0.003891431002318289
#! SET kernel_cutoff        3.33135957893421
#! SET compression_threshold                       1
#! SET zed      0.1234798786717479
#! SET sum_weights       95.25590937787339
#! SET sum_weights2       250.7047807475141
#! SET counter  95
                      0      2.652888189676399    0.04428398617181203      53.03865588025803
                      0      2.450382909540853    0.04196994943454923      11.18290816659809
                      0      2.800404020846602     0.0480638720904175    0.06903333893758312
                      0      2.710435720220193    0.03621582561386999      42.40535349530539
                      0      2.515385497007092    0.04061245458861441      23.69909083470893
                      0      2.291522741708541    0.04374882766320425     0.9844777742690464
                      0      1.866667896388478     0.0323279705842851     0.2311503691188807
                      0      1.719617261216619    0.03756294515836642    0.09278721726576983
                      0       1.99822463512018    0.03818244277908397      1.776576173554081
                      0      1.809639531156815    0.03893698359441964     0.9391005822090444
                      0      1.574911608781102    0.04499937542272407     0.0192032488350158
                      0       1.92037616994125    0.03681644834221586     0.7779705413502074
                      0      2.135860319367321    0.04150676785384522     0.2104217756772818
                      0      2.591757057024287    0.03906326304781146      16.28819031838381
                      0      2.207542408901242    0.04085325047481549     0.3199330538726284
                      0      2.346891182774287    0.03692833564942464      1.841708582812702
                      0      2.044634809204863    0.03423978691334467     0.3231040302745462
                      0      1.625313348904841     0.0338431513100594      0.034012386483888
                      0      2.094199731956527    0.03382803821420661     0.1166066457042743
                      0      1.460217958580604    0.03375363930490675    0.02607928037461733
                      0      2.390483089385314    0.03261812870283533      3.860585928021524
