#! FIELDS time e sigma_e height logweight
#! SET action OPES_METAD_kernels
#! SET biasfactor       5.011348439085033
#! SET epsilon    0.001910020759284688
#! SET kernel_cutoff       3.538542402811424
#! SET compression_threshold                       1
                   1000      2.702127606743185    0.06321896844457647   0.006322704301097473     -5.011348439085033
                   2000      2.436133145212498    0.06305404047490903   0.006339242349656035     -5.011348439085033
                   3000      2.629554451703262    0.05573720280493095     0.6425895925692146    -0.5159457525781402
                   4000      2.538746433375092    0.05145137045816421      0.725598742440939    -0.4744655769103994
                   5000      2.152995705733235    0.05139052778674979    0.00777798674016594     -5.011348439085033
                   6000       2.32787390991844    0.05125286729996686    0.01786603377277689     -4.182426921818528
                   7000      2.412321283364097    0.04980724686370448      0.233242045986059     -1.641862610073078
                   8000      2.702961455812723    0.04729719395431665     0.9682023323057777    -0.2702077854873868
                   9000      2.298381091321368    0.04675935876318881     0.1288067168330033     -2.298772456421402
                  10000      2.671752299867949    0.04672010132664019      2.321111960808986     0.5918763094079795
                  11000      2.426962733152174    0.04566028711299955      0.482363269736891     -1.002173410222376
                  12000       2.56096707790199    0.04409702401245395      1.311103589471982   -0.03708304748161571
                  13000      2.587459713633436    0.04307491897573716      2.258346653672823     0.4832293155713321
                  14000      2.454295256497144    0.04230372071737781     0.6730406975082299     -0.745418999201767
                  15000      2.033573853945011    0.04228933912116568    0.01035249839720335     -4.920336935534062
                  16000      2.455078176589923    0.04130782465038554      1.264536220262454    -0.1385871906951577
                  17000      2.731505785119595    0.04041298608836591      1.540550653566499    0.03694652869034788
                  18000      2.709506106277458    0.03979367978572145      2.514775508802377     0.5115470767587489
                  19000      2.691795453021234    0.03967886920254254      3.708032854716351      0.896975730028298
                  20000      2.726383902454917    0.03922389468011371      3.576784153066139     0.8494056724851419
                  21000      2.663543883311196    0.03876398078141097      3.826573803303074     0.9051167573649561
                  22000      2.659222692881395    0.03834194030400671      4.202048111741934     0.9877718340214283
                  23000      2.523052285838129    0.03796883427665611       1.07549847144738    -0.3847946411412767
                  24000      1.978865629007152    0.03796294768365106    0.01398448064299382     -4.727541028869591
                  25000      2.334924291073743    0.03789965483801017     0.1551141637761517     -2.322996450036125
                  26000      2.143782801392251     0.0378923672110339    0.01747074246178095     -4.506822519760603
                  27000      2.367757726125776    0.03774649210271054     0.3788589304055158      -1.43404337375421
                  28000      2.545053471231706    0.03724929418460376      1.996726426420785     0.2147974871309767
                  29000      2.438772615656513      0.036909726691844      1.173452260875783    -0.3259193954196031
                  30000      2.060419875592707    0.03690173902902935    0.02216338849527948     -4.295399402484002
                  31000      2.444298716971942    0.03651809634906423      1.531584593941495   -0.07023375234164402
                  32000      2.729229403341969    0.03621189022480922      4.331112399780933     0.9608673762086465
                  33000      2.549739739358038    0.03581155177521588      2.237540483981695       0.28930321882427
                  34000      2.384960564692391    0.03561055713948583     0.8403770430183897    -0.6956070465805222
                  35000      2.213172745584595     0.0356020102324425    0.03100023403429445     -3.995702983787006
                  36000      2.219206286745668    0.03558662625919931    0.05613939525034114     -3.402292142098063
                  37000      2.105492019538125    0.03557736013946607    0.03372958929997311     -3.912014883893272
                  38000      1.641341333198501    0.03557426322651062    0.01123606808524411     -5.011348439085033
                  39000      2.038251404346803    0.03556174081335243    0.04576390710515013     -3.607333751531222
                  40000      1.900205126341987    0.03555822227117758    0.01279511751455721     -4.881864770200259
                  41000      1.850389926092618    0.03555377930130943    0.01617483269988173     -4.647596883941198
                  42000      1.777632654536767    0.03555006782601874    0.01351227032278089     -4.827559591620069
                  43000      1.735007190931905    0.03554473093545109    0.01946199386066414     -4.462844380591847
                  44000      1.949012742547328    0.03553558482528766    0.03346870426858697     -3.920954456079305
                  45000      2.152609080846895    0.03551493685827532    0.07629531141840766     -3.097534989542661
                  46000      1.903759561729262    0.03550136797323744     0.0500069034094086     -3.520367546922125
                  47000      1.914226210432221    0.03547582255028831    0.09516542985282223     -2.877631687616663
                  48000       1.69900815041563    0.03546771297840604    0.02991700142005962     -4.035050123962979
                  49000      1.810737708240591     0.0354572254816546    0.03879804057912223     -3.775403042411582
                  50000      2.501829186743309    0.03508853397842097      3.100759564392766     0.5951769498511602
                  51000      2.336374351877838    0.03494853049148497      0.632974310870527    -0.9977935812539662
                  52000      2.676829919370666    0.03543710148163935       7.87798909112911      1.537487453356435
                  53000      2.715747250751507    0.03560718019676112      8.099756837010844      1.570036787324923
                  54000      2.651334412358822    0.03542771441433797       7.12437490391943      1.436671834199838
                  55000      2.153198074700193    0.03540980207498475     0.1012251358531549     -2.817764060610952
                  56000      1.878555921500967    0.03539323772332092    0.09372948590602267     -2.895166240172847
                  57000      2.003685365697187    0.03538273909474646    0.05926156537699879     -3.353914778968591
                  58000      1.527483663743868    0.03538072044296177    0.01133800172847005     -5.007772721327916
