#! FIELDS time e sigma_e height
#! SET action OPES_METAD_state
#! SET biasfactor       2.698418390276557
#! SET epsilon     0.01374333274381851
#! SET kernel_cutoff       2.928208142815685
#! SET compression_threshold                       1
#! SET zed      0.1581236981179933
#! SET sum_weights       330.8208873841849
#! SET sum_weights2       731.8633720800767
#! SET counter  252
                      0      2.676440770101185    0.03415637103576324      295.1313743748969
                      0      2.445590384839821    0.03682749912394114      39.43962344415682
                      0      2.493925273760323    0.03075648707789739       69.4886275894001
                      0      1.958171176836379    0.03418453331129911      4.233104434266367
                      0      1.775874661000596    0.03158580327386269      3.278422847508661
                      0      2.182526007999173    0.03394385217014022      1.022199102971975
                      0      2.321107659949767    0.03761377385373633       4.48871638753727
                      0      1.716509625905449    0.03390024895975971        1.1789431412189
                      0      1.651605421811841    0.03280841851006815      1.358138765484388
                      0      2.613973897316297    0.03245766730372818      122.9963306669882
                      0      2.036298830694246    0.02979948706175299       4.77378924465964
                      0      1.849687125137934     0.0341863087560615      3.402093450133295
                      0       1.58939532926027     0.0314935083209022     0.1698492335113226
                      0      2.718078343166922    0.02848608826869881      75.40157552872358
                      0      2.095539335920368    0.02955104563469788      0.999649748384756
                      0      2.388564687537933     0.0283260826781467      8.515884273716662
                      0      2.533571748592005    0.02756982128905512      59.67530194143045
                      0      2.232628617781278    0.02915826332944409     0.7997291250147982
                      0      2.786935358210789    0.02690526782111432     0.9663189044920582
                      0      1.886150423833346    0.02654585776822082     0.4544687773919321
                      0       2.75013293407117    0.02449533635196927      6.244170024129224
                      0      2.569697296027738    0.02539895073453889        13.215888846087
                      0      2.265184613378334     0.0234081525648081     0.3831093854351675
