#! FIELDS time e sigma_e height
#! SET action OPES_METAD_state
#! SET biasfactor       5.011348439085033
#! SET epsilon    0.001910020759284688
#! SET kernel_cutoff       3.538542402811424
#! SET compression_threshold                       1
#! SET zed      0.1537128261966441
#! SET sum_weights       150.2013019012363
#! SET sum_weights2       403.8221859253602
#! SET counter  135
                      0      2.560289114949693     0.0403859364942593      37.40449667942251
                      0      2.681776979905132    0.03514224849911979      114.0088543600264
                      0      2.424275764921968    0.04433334959190235       18.9557466405271
                      0      2.628919636202553     0.0396337801142046       50.2255364570188
                      0       1.69734183492715    0.03972347096616573      0.497584172141549
                      0       2.04279193907903     0.0367263657116877      2.018524241404162
                      0       1.86684520998072    0.03686372285498322     0.3291667573661225
                      0      1.958798154084133    0.04004916081472842      1.326623653044045
                      0      1.615614837999506     0.0384237604940007     0.3534739535600828
                      0      2.205242480203986    0.03570892808879807     0.7243645501822428
                      0      1.793504711502947    0.04427095931023953     0.2221984890151845
                      0      2.122764711631512    0.03828963566869927     0.5445528189729194
                      0      1.515401968790761    0.03932324766343408     0.0681398635275812
                      0      2.738981092057579    0.03504888780431559      5.204708177621796
                      0      2.284206851754634    0.03236366119614564       1.67928977704979
                      0      2.497012116494678    0.03444980508316371      35.94466968338379
                      0      2.353716137970594    0.03499227811790516      2.815059139018478
                      0      1.413230963936046    0.02836414171608937    0.01462143901488572
