#! FIELDS time e sigma_e height logweight
#! SET action OPES_METAD_kernels
#! SET biasfactor       3.469395073212715
#! SET epsilon    0.007640039155174105
#! SET kernel_cutoff       3.122291642622147
#! SET compression_threshold                       1
                   1000      2.673295831540433    0.06206017502565676    0.03010226110527593     -3.469395073212715
                   2000      2.402684590102347     0.0613590197611887    0.03044624246170084     -3.469395073212715
                   3000      2.649568038956029    0.05432448588032499      1.049945883891253   -0.05063087621113856
                   4000      2.726994665430425     0.0504416432419465      0.945861092473396    -0.2291870309255463
                   5000      2.667768181177069    0.04821228231075108      1.771543472160334     0.3531204308670096
                   6000      2.506762429622339    0.04797172939398013    0.06888176373713474     -2.899096509035153
                   7000      2.538068491116481      0.046995163737295     0.3342318612770435     -1.340220196420405
                   8000      2.583500818138353     0.0452016564169745      1.100476082006248    -0.1874679416656439
                   9000       2.51009718736345    0.04403198366995123     0.6825037657627093    -0.6914155251162458
                  10000      2.682525362738363    0.04302343326874111      2.060924006781322      0.390554793988583
                  11000      2.694027100851118    0.04213146521003019      2.313982128281403     0.4854201969106596
                  12000      2.683043631775222    0.04150408142674628      2.897115585046838     0.6951628239891718
                  13000       2.55938635818256    0.04080338177815395     0.9447200560841964    -0.4424462298506062
                  14000       2.45084902414023    0.04053448023076868     0.3142856295657796     -1.549644644845962
                  15000      2.482744699930324    0.04005465093785982      0.654561872569415    -0.8278889311627367
                  16000      2.558132692766874    0.03939110258377834      1.194533076801647    -0.2430492158483299
                  17000      2.436792917550986    0.03906323349033144      0.491578969950443     -1.139295538537246
                  18000      2.707685244392784     0.0384788398267864      2.483535336164461     0.4654469969264375
                  19000      2.454692066835403     0.0381035105436383     0.7263874406820917    -0.7737098857355439
                  20000      2.655181976051367    0.03758247645702844      2.488455400849175     0.4438555249170062
                  21000      2.459615833596731    0.03722131412524653      0.861471296026352    -0.6265765468349611
                  22000      2.463655014919764     0.0368340073600564      1.036023842324959    -0.4525328733321292
                  23000      2.502181031183701    0.03644466412377998      1.152921711555427    -0.3562501642025374
                  24000      2.481127505624632    0.03605039125652357      1.328834935449443    -0.2251242754393609
                  25000      2.713892095180538    0.03565082361252626      2.261025510245961     0.2952461630662778
                  26000      2.720513737409484    0.03527789622074865      2.333141402121695     0.3161276369777492
                  27000      2.494754898938074    0.03495189834584458      1.383521859940807    -0.2157394583870933
                  28000      2.346636228286178    0.03492553470870503    0.07677790169716044      -3.10796476554848
                  29000      2.279219187642493    0.03490482098020582    0.06025178049508653     -3.350942760847453
                  30000      2.421368169822569    0.03463927623817189        1.0616591001083     -0.489523499289281
                  31000      2.697717774725282    0.03452085572920958      3.727654973114374     0.7629984354704811
                  32000      2.705720292264583    0.03437768723664914      3.871589051916788      0.796728195362102
                  33000      2.383869732422944    0.03424851018136144     0.5301479858083559     -1.195300589718228
                  34000      2.251906553094152    0.03422620160786737    0.08318467722871899     -3.048045198635476
                  35000      2.629413733556244    0.03392471069550091      2.383995300373863     0.2985768935768361
                  36000      2.339700679915124    0.03386721251548756     0.2379958919428709     -2.007399064496292
                  37000      2.440490783694813    0.03361207368606009       1.55977570818893    -0.1349171897813745
                  38000      2.633188534819596    0.03334607175088897      2.646343942185531     0.3857744575770425
                  39000      2.679718221258815      0.033219476734984      4.107206525967485     0.8215349103759767
                  40000      2.736698206473548    0.03297404587867536      2.917313222474478     0.4720392646868519
                  41000      2.542398432546208    0.03279674736109885      1.186914573437475    -0.4326580729921629
                  42000      2.652004438600638    0.03258468985424412      3.301480710082738     0.5838690473257334
                  43000      2.539967337445004    0.03241123745489713      1.300055844936351    -0.3534321433413075
                  44000      2.496429786629818    0.03222030752792213      1.611834605349184    -0.1443746032108023
                  45000      2.722296312157032    0.03202660256633367      3.294284383599793     0.5644112872598991
                  46000      2.710778128123099    0.03189529247221903      4.185348261294986     0.7997037823122497
                  47000      2.564923510792646    0.03174362053753203      1.348516557573273    -0.3376476429897227
                  48000      2.482754443109453    0.03157050465970618      1.778783380999241   -0.06619163756511555
                  49000      2.721724896632137     0.0314265215804377      3.986841447801136     0.7363069108223115
                  50000      2.578977242168834     0.0312846539089355       1.42393537215267    -0.2977924481213837
                  51000      2.717293659186423    0.03116533769419025      4.338340455584864     0.8124538351464713
                  52000      2.653216392269756    0.03100298702905823      3.542873307998635     0.6046770602439621
                  53000      2.671342374200562    0.03087740263653441      4.325985253202648     0.8003199665348205
                  54000      2.568634536058941    0.03075426726944288      1.437232324890546    -0.3055965370290735
                  55000      1.910331834879017    0.03074748328542557    0.06075787001881081     -3.469395073212715
                  56000      2.211244432062289    0.03073862623119756    0.07968255766890515     -3.198529082014416
                  57000      1.526818939068326    0.03073185451001798    0.06078876861311654     -3.469395073212715
                  58000      1.966099655501277    0.03072451753838418    0.06599235729435865     -3.387499951699461
                  59000       1.92565493619433    0.03071371840388211    0.09781419986198801      -2.99432067350958
                  60000      1.918484798241548    0.03069887941126598     0.1355738423826151     -2.668357234423882
                  61000      1.821960671951542    0.03069213631880265    0.06089091991879409     -3.469009300003362
                  62000       1.75439092780616    0.03068510581868423    0.06358127978347472     -3.426003372829949
                  63000      1.948671222699507    0.03066643698065704     0.1724862839966694     -2.428613322365242
                  64000      2.033927723236807     0.0306592356665196    0.06539830005475521       -3.3986696323298
                  65000      2.057922215829716      0.030649504097247     0.0888577576163726     -3.092446496315914
                  66000      1.553385603667947    0.03064015683341198    0.08541756454360527     -3.132236624301732
                  67000      1.770433776231665    0.03062921094517705     0.1004465107805029     -2.970520326766818
                  68000      1.844345604796541    0.03061847623241655    0.09863613510427946     -2.989058539755489
                  69000      2.157213568385559     0.0306106287324643    0.07186273742593993     -3.305994673521787
                  70000       2.00995855618146    0.03059629798517484     0.1328939263453676     -2.691669556704229
                  71000      1.774343181188675    0.03057884943665175     0.1630797567419591     -2.487551879810457
                  72000      2.604580429040393    0.03042522229700717      3.189157763454349     0.4806842409585837
                  73000      2.392327415180587    0.03033938517980899      0.985626614166012    -0.6963755364089527
                  74000      2.683256844462279    0.03052096928187639      7.441059784649852       1.33108268547215
                  75000      2.486078561678608    0.03037259037670758      2.566882167515103     0.2618880051664879
                  76000      2.328963527916251    0.03034555439068538     0.2953296031736261     -1.901357780974471
                  77000       2.32509261879522    0.03031301897963959     0.3610430302861155     -1.701525402977406
                  78000      2.662499903633243    0.03034091649420544       6.73604051508152      1.225624910328922
                  79000      2.256350591999465    0.03032689003701644     0.1584943412785529     -2.524346171313729
                  80000      2.386612290249783    0.03025304120398146     0.9602718270097881    -0.7252867285951557
                  81000       2.62516713122276    0.03012112818622277       4.37036486909641     0.7857287960844853
                  82000      2.511512770601667    0.02998431450970172      2.712073448804813     0.3040432856339347
                  83000      1.704540474159432    0.02997754682712846     0.0820306886733132     -3.194557749495193
                  84000      1.794909710386376    0.02996153017731826     0.1979696671834038     -2.314071786934756
                  85000      2.605237318244928    0.02982975546982462      4.076465327279742     0.7063921103853603
                  86000      2.466166854872106    0.02969936847231659      2.827920707307892     0.3363229290090913
                  87000      2.313423225713565    0.02966902870842938     0.4149529732678364     -1.583830947541509
                  88000       2.31254338536503    0.02963156433677647     0.5242780885499281     -1.351237438418762
                  89000      2.683685184520652    0.02972734290315409      8.065806133820926      1.385356357709119
                  90000      2.793547037817909    0.02966820219425761     0.9235356668599943    -0.7838145818323173
                  91000      1.644503650165254    0.02966322204844589    0.06875401575182791     -3.381656731831616
                  92000      2.476393887212361    0.02953422052880802       3.34210093038809     0.4978046770604992
                  93000      2.466182279120881    0.02940795503586844      3.507882113894215     0.5419331239858693
                  94000      2.202222134423574    0.02939826186881807     0.1435233273027343     -2.654666707126262
                  95000      2.164283535382197    0.02938884629476437      0.139541728387369     -2.683120931814282
                  96000      2.186984139357024    0.02937451521891187     0.2150953100427173     -2.250891139639678
                  97000      2.216071466407201    0.02935669002554578     0.2703651867219923     -2.022805792812559
                  98000       2.30514189097368      0.029318585862118     0.6106714433496307      -1.20931911790372
                  99000       2.37145805294766    0.02926258638250209     0.9546386919273432    -0.7644571205708154
                 100000      2.422667560741412    0.02915491732597816      2.455728402212605     0.1767024455273947
                 101000      2.592410113254348    0.02903813058422611      3.780256715491021     0.6040571733174949
                 102000      2.173259206884829    0.02901984793941601     0.2982506456461116     -1.936185607859364
                 103000      2.496004528178597    0.02890776874974747       4.08337814570822     0.6766904343637604
                 104000      2.587256103388075    0.02879707472949618      3.913483926812889     0.6303572550097548
                 105000       2.05972276557349    0.02878870964499283      0.141689092275045     -2.688481390999712
                 106000      2.621848489749358    0.02871418603349614      5.764804569534167      1.014817978978083
                 107000      2.482838531437438    0.02861144542932939       4.48615600201161     0.7604584761826968
                 108000      2.367774546967531    0.02856133138703922      1.035756164097633    -0.7071590553490263
                 109000      2.679850661387795    0.02858604572623184      8.071422365645251      1.346903845104537
                 110000      2.427005165435513    0.02849098219925286      2.752026334880999      0.267580550307849
                 111000      2.388994362087327    0.02842364324538357      1.618600890255001    -0.2655611266630235
                 112000      2.447062718113724    0.02832299972062031      3.904362599202318     0.6114241664642364
                 113000      2.525633499371554    0.02822629098177733      3.381230705953718     0.4641490431235035
                 114000       2.38126557565954    0.02816372548216049      1.584411214236006    -0.2960968780833333
                 115000      2.661937007101424    0.02813822244885042      7.361673051945524       1.23907154308862
                 116000      1.878859471968733     0.0281318384562155     0.1363566233401959     -2.749924180993891
                 117000      2.134947158431996    0.02812351140572797     0.1790455719879273     -2.477853544327709
                 118000      1.922756701712269     0.0281132304988735     0.2226370319050043     -2.260316753650049
                 119000      1.864911662084826    0.02810487068487713     0.1803278641842715      -2.47138028418377
                 120000      1.902191319861646    0.02809237100657426     0.2733518706480922      -2.05584192741899
                 121000      1.996201481716861    0.02808466453978824     0.1664996740232113     -2.551882808153021
                 122000      2.738535251728664    0.02799421013447829      4.782080552924284     0.8025288595818315
                 123000      1.939609657257623    0.02798139688962255      0.289161570402776     -2.003574349607335
                 124000      1.994400607654829    0.02797178601934806     0.2152371228931456      -2.29916316364703
                 125000       1.67139217153075    0.02796729829534778    0.09914379123016295      -3.07449269856308
                 126000      2.056862518502077    0.02795921691763506     0.1805777361904013     -2.475191574992912
                 127000      1.512128088175995    0.02795463362442939     0.1014941063022398     -3.051516141908219
                 128000      2.636251349630454    0.02789513789339058      6.471400860903332      1.101500443809392
                 129000      1.960337352574979    0.02788192706999246     0.3099566348702512     -1.937688737364352
                 130000      2.031272230766113    0.02787130215682802     0.2478152375852994     -2.161818819504207
                 131000       1.93636406615819    0.02785432225462819     0.4050178211545777     -1.671180620230885
                 132000      2.440672299485797    0.02776646822342007      3.587879829027738     0.5070460026099232
                 133000      2.666049898231778     0.0277441926339328      7.741630290985746       1.27529427894867
                 134000      2.125146225724216    0.02773671886248744     0.1827219273319309     -2.471377240707598
                 135000       1.95151371379379    0.02771902158093638     0.4481250427149787     -1.574908657335269
                 136000       1.64255469808389    0.02771423187610248     0.1166256520189016     -2.921184523930958
                 137000      1.998908029225269    0.02770076639195062      0.337420252674613     -1.859310566793669
                 138000      1.931538179990589    0.02768036333832231     0.5250260539245514     -1.417928696273219
                 139000       1.70205418514146    0.02767517246360769     0.1273875058401016     -2.834330462881631
                 140000      1.900546275169452    0.02765730959113107     0.4576258151946503     -1.556157934031967
                 141000      1.904844748174796    0.02763531318174621     0.5739241995980854     -1.330508092039788
                 142000      1.841388769194819    0.02762673410851124     0.2144856397282906     -2.315073121704375
                 143000      2.045736750194181    0.02761483221481041      0.301297786059622     -1.975647715591817
                 144000      1.679320156173988    0.02760803101554545     0.1696552826326604     -2.550224502819427
                 145000      2.262398684136306    0.02759581942721454     0.3104729030500471     -1.946338921176855
                 146000      1.941537859008589    0.02756935091139367     0.7107553182391935     -1.119066926662619
                 147000      2.166521880242653    0.02755704047334179       0.31526522522904     -1.932427516272593
                 148000      1.751721216717674    0.02754952611029281       0.18977449654959     -2.440277999812811
                 149000      1.926314826999004    0.02751958504036768     0.8229317287413954    -0.9743286636332856
                 150000      2.145990171892088    0.02750709885281793     0.3228337629324557     -1.910518204848724
                 151000      1.977615520100671    0.02748565816394823     0.5741104883690908     -1.335613627638289
                 152000      1.662357848656056    0.02747761129578963     0.2061565730183197     -2.360092359534352
                 153000      1.699832796526608    0.02746862914574328     0.2311645767546296     -2.245925335697833
                 154000      2.055251317381922    0.02745586672437994      0.333298929334803     -1.880480199071584
                 155000      1.947462553244847    0.02742371244346519      0.909101781672811    -0.8782347254770515
                 156000      2.126087739890381    0.02741195131116203       0.30858172501288     -1.959134024505744
                 157000      2.195389591216568    0.02739770257009367     0.3779878563149427     -1.756778610179851
                 158000      1.898408331969708    0.02737101183256605     0.7454407312400256     -1.078639721143597
                 159000       1.75680951220391    0.02736138266273349     0.2531326320157184     -2.159053625228688
                 160000      2.051383753579059    0.02734621612195031     0.4074379601179001     -1.683632996129427
                 161000      2.101224653573139    0.02733503636336892     0.2968061580013979     -2.000851319510984
                 162000      1.801629202980286    0.02732496769242816      0.266777780482239     -2.107882960464602
                 163000      2.059197744627054    0.02730706844378962     0.4890971013628452     -1.502393214115342
                 164000      1.418952476406549    0.02730443250135453    0.06841935252705833     -3.469395073212715
                 165000      1.981934908252884    0.02727789051494324     0.7543795968128094     -1.070127653012376
                 166000      1.587066774326081    0.02727399869567803     0.1019632342533903      -3.07155372178058
                 167000      2.101236849371521    0.02725863037179544     0.4198233678209661     -1.656895589332659
                 168000      2.507730414227507    0.02718019169388593      4.065711347644337     0.6107326201918886
                 169000       2.47077762104505    0.02710757142016607      5.140924767046487     0.8427014938919219
                 170000      2.648057449671882    0.02709952290110264      8.177629420191742       1.30657386706463
                 171000      2.731573031304837     0.0270313574393867      5.640877096231642     0.9326925834736669
                 172000      2.561787519708093     0.0269612677216613      3.233666857670278     0.3736734884115324
                 173000       2.46095359454978    0.02688989342704178      5.044149768564356     0.8156350548389081
                 174000      2.526622805479043    0.02681805376530501      3.965525278337604     0.5723690715408598
                 175000      2.487875079168261    0.02675097648402671      5.390669136133866     0.8768959357402514
                 176000      2.788358726924859    0.02671985348764337        1.1002368602254    -0.7134122127132417
                 177000      2.748835226347617     0.0266506192776803      4.016071548123624     0.5787720235547408
                 178000      2.447890868334551    0.02658270188105771      4.798924896349711     0.7543080497014529
                 179000      2.643955481894878    0.02655023044601747        7.5943969282963      1.212104594243319
                 180000      2.420343418026254    0.02648718111452457      3.358681621986836      0.393864844774314
                 181000       2.39216980111076    0.02643892743674904      2.129175297553823   -0.06377239349464235
                 182000      2.519690905177751    0.02637352990640461      4.432384706380582      0.666954037533992
                 183000      2.667294418839399    0.02635564696962722      8.323395335199859      1.296408260811485
                 184000      2.672920701657709    0.02634005998268604      8.585642203696798      1.326837708211969
                 185000      2.505408363918439    0.02627661176026177      5.063514825378633     0.7963955663069943
                 186000       2.65185699483967    0.02625242863718787      8.387107893495877      1.300109694340258
                 187000      2.706325877582711    0.02620926483401741      7.435821432566793      1.178077461316322
                 188000       2.68169926783026    0.02619075848129161      8.900595748436507      1.357180269123914
                 189000      2.689424976458528    0.02616884622774124      8.899184312626844      1.356184688028285
                 190000      1.797528190647137    0.02616187369603666      0.288496495066321     -2.073113755656471
                 191000      2.023579608786694    0.02615023306113778     0.4929203589621853     -1.537894120955361
                 192000      1.795213966466542    0.02614183605279629     0.3509115290229415     -1.878028758641469
                 193000      2.108706675846701     0.0261324704506434     0.3937763049688076     -1.763138227352994
                 194000      2.263341665835731    0.02612468379179999     0.3255510075501451     -1.953700080060848
                 195000      1.854227785556191    0.02611700838074511     0.3211936020611308     -1.967469014006626
                 196000      2.570368468989822    0.02606636191168815      2.929689683231508     0.2411976124854523
                 197000      2.499588104238033    0.02600627219061566      4.945878980203295       0.76254788539055
                 198000      2.570546162342608    0.02595538432930243      3.095705465297726     0.2920503317263132
                 199000      2.545000764775709    0.02590173584332407      3.522046842236404     0.4190077350976855
                 200000      2.494266241100491    0.02584407506444513      5.269359102915154     0.8196455507985948
                 201000      2.541930566974968    0.02578988402113284      3.854782612510145     0.5049523749903763
                 202000      2.674695881668124    0.02576476604439537      8.760944222970275       1.32496702630174
                 203000      2.555835742494381    0.02571283207225956      3.682353707879579     0.4561977497515713
                 204000      2.705206253257457    0.02567239234922071      7.730303003919817      1.196219684894548
                 205000      2.709108934416564    0.02563066959400972      7.652395168641848      1.184463795987794
                 206000      2.611872003440163    0.02557642873763057      4.940927607192266     0.7448797009818445
                 207000      2.608186056568691    0.02552286456561908      4.954678961611494      0.745562512712336
                 208000      2.307143832359925    0.02551303851829412     0.5012371612445035     -1.545830840458189
                 209000      2.437682543181286    0.02546388789937904       3.79693015145087     0.4771096107905667
                 210000      2.669556260119196    0.02544034727286712      9.072634456387222      1.347254507028464
                 211000      2.670029869132138    0.02541832292703277      9.297843441936068      1.370908212121656
                 212000      2.370277567756418    0.02539730856286646      1.215728009484114    -0.6643582737902749
                 213000      2.740886314430809    0.02534712578127309      4.481812925952737     0.6383484155188602
                 214000      2.588285575277595    0.02529918823660755      4.044836257362112     0.5338688169215621
                 215000      2.552280090343981    0.02525245973111062      3.903879313369131     0.4965497583375008
                 216000      2.541410946525559     0.0252049149717945      4.204422759436369     0.5688314610358188
                 217000      2.556145759089668    0.02515788096591829      4.210985896136837     0.5685234436064236
                 218000      2.679673627379949    0.02513724075886171      9.428715855544226      1.373765790765103
                 219000      2.641969682969878    0.02509878913918348      7.879894668943223      1.192789578180259
                 220000      2.671897164048184    0.02507833162882278      9.626495575039575      1.392178881875807
                 221000      2.691035542051705    0.02505465938631144      9.491538100991118      1.377115926920563
                 222000      1.891533031987286    0.02504546439171264     0.5670066906508957      -1.44103598852629
                 223000      1.804473861958293    0.02503989714693225     0.3364262149688264     -1.963250549499676
                 224000      2.240323112053934    0.02503516658467032     0.2847724909837824     -2.130127757147542
                 225000      1.586652660569007    0.02503326358154623     0.1128352947214227     -3.055965170873902
                 226000       1.62561078173866    0.02503079319003518     0.1469924745983215     -2.791611654429118
                 227000      2.056992610755668    0.02502303101535211     0.4766331834728827     -1.615556012147551
                 228000      2.062244111503357    0.02501470964552875     0.5135211452447093     -1.541344596359709
                 229000       1.76976457580382     0.0250086377422052     0.3701965343286876     -1.868844527845868
                 230000       2.63923010191834    0.02497121026391426      8.112562635244982      1.216792812445878
                 231000      2.698091692679841    0.02494564433629918      9.436894914805318      1.366981666568057
                 232000      2.659412155871584    0.02492373909033992      9.860110359999094      1.409973525444905
                 233000      2.486216917671579    0.02487873153864236      4.911562199950127     0.7112607793736497
                 234000      2.578588033773659    0.02483714912867008      4.062489494829381      0.519791880643818
                 235000      2.650017839940685    0.02480915585057502      9.341946107089841        1.3513828035188
                 236000      2.334367774170586    0.02479914045349899     0.6879310914228655     -1.257602172665436
                 237000      2.209422030396532    0.02479434114284077     0.3193030399019245     -2.025343773599351
                 238000      2.718308453257569    0.02475272267141738      7.322684034159495      1.105567859767215
                 239000      2.489143702155832    0.02470970789174103      4.904389042804395     0.7029821634666692
                 240000      2.489141226774874    0.02466678732261282      5.069161586347148      0.734288570103249
                 241000      2.372267617434711    0.02465043739988249      1.229557560288914    -0.6828955198816609
                 242000      2.743228795628277    0.02461016897281046      4.347904179295793     0.5785090993153332
                 243000       2.51535490313859    0.02456883870523692      4.813465051190807     0.6785515680778481
                 244000      2.555902572407858    0.02453021883869651      4.131196436314995     0.5241282763189272
                 245000      2.682873203731247    0.02451012450965644      10.10254910584256      1.417529493978491
                 246000       2.39354851605376    0.02448957015162553      1.697479009450858     -0.366953028599998
                 247000      2.489230382397515    0.02444866994469317      5.250299991002523     0.7605164693434243
                 248000      2.724862582069991    0.02440833970539913      6.664148594894185     0.9973225056539607
                 249000      2.488844777483575    0.02436811450480984       5.36215126487506     0.7782961828506602
                 250000      2.646894862095538    0.02433724526013309      8.815403880897806      1.274163973710948
                 251000      2.559719631739158    0.02430130682891292      4.085831609545607     0.5037108496272339
                 252000      2.568241139790931    0.02426542499437763      4.148131068944563     0.5173658231634864
                 253000      2.706658280188082      0.024234071933513       8.66504767200983      1.252712436698685
                 254000      2.457978207883595    0.02419752485402695      4.528274678423831      0.602246788207575
                 255000      2.553333333531007    0.02416186027879717      4.361070844236513     0.5631484398557565
                 256000      2.670569174123284    0.02414106267569304      10.10770160824073        1.4028673425751
                 257000      2.701368515802803    0.02411367517131565      9.306363660591241      1.319132982575503
                 258000      2.496542123636181    0.02407657173423544      5.311678734120018     0.7568026093178641
                 259000      2.461908318250791     0.0240408199102296      4.827007604629255     0.6596353850591182
                 260000      2.313030228106055    0.02403456938386835     0.5366368487101859     -1.537285049872607
                 261000      2.492643915174308     0.0239978894929218      5.533895355534839     0.7945132982780224
                 262000      2.519120861079637    0.02396229073605721      5.067466743222518     0.7049778496995279
                 263000      2.523746728661053    0.02392698529756658      5.079954379199082      0.705964632796288
                 264000      1.648670853558022    0.02392485545630929     0.1827533902951164     -2.619044295412767
                 265000       2.52738404522934    0.02388980052111363      5.121298841456132     0.7125151360421533
                 266000       2.53875858379053    0.02385540993818016      4.949328833029214     0.6769184392798467
                 267000      2.374894831335602    0.02384211954746668      1.279768317049034    -0.6762117575413782
                 268000      2.525891177088744    0.02380728790044397        5.4351118503049     0.7685272858799966
                 269000      2.367668128026389    0.02379458505633683      1.232784274553888    -0.7156112770076297
                 270000      1.612066292378634    0.02379288014427784     0.1508354420303138     -2.816524004198325
                 271000      1.733504667707148    0.02379042514380037     0.2185104508685922     -2.445982802901435
                 272000      1.897212176794222    0.02378406149528571     0.5847659361177729     -1.461872511971624
                 273000       2.11566763029824    0.02378019759359644     0.3483252126984533     -1.980110078109975
                 274000      2.275118934553737    0.02377613540941109     0.3670626362748654     -1.927884972930376
                 275000      2.548476576070828    0.02374272742313929      4.934918784649582     0.6692679233417835
                 276000      2.416408913968323    0.02372091715097209       2.40907531872819   -0.04874433441457766
                 277000      2.827173761752788     0.0237187577863581     0.1950383251931774     -2.562637559625195
                 278000      1.713918035605937    0.02371640826284268     0.2126178563286257     -2.476436248210911
                 279000      2.104720260746205    0.02371195491769322      0.410031109785585     -1.819887458991134
                 280000      1.846841746163104    0.02370862920500003     0.3036951454432465     -2.120236370642344
                 281000      1.863905371102547    0.02370427076086885     0.4016116684643997     -1.840958985520171
                 282000      2.304700827790799    0.02369837023176117     0.5512640952451082     -1.524479565980241
                 283000      2.529937397599276    0.02366448658704055      5.714755318303627     0.8126823882527308
                 284000      2.821293635578692    0.02366179849279807     0.2472956122763294     -2.327653539620929
                 285000      2.084857864190619    0.02365691056860047     0.4580990882082361     -1.711359056803139
                 286000      2.680418383193942    0.02364045605641427      10.52380052676182      1.422254330727086
                 287000      2.660002971679671    0.02361984210261148      10.03338929480359      1.373661024248974
                 288000      2.646993781892726    0.02359373742993726      9.142330626434406      1.279552096368569
                 289000      2.679622525156874    0.02357768373028972      10.79128631792381      1.444695083853935
                 290000      2.541125860826186    0.02354523445592197      5.494914361567537     0.7684018821455573
                 291000      2.138531847358682    0.02354130384642045     0.3894948760324692     -1.878492642377683
                 292000      2.433027276383944    0.02351541705320081      3.425327798637233     0.2945088634075547
                 293000      2.597104201610987    0.02348570577425582      4.461802612316703     0.5576002664757483
                 294000      2.661813614926761    0.02346535080197082      10.17800218229269      1.381409079501282
                 295000      1.567709564899071    0.02346406984189771      0.127618728127657      -2.99758240067701
                 296000      2.353639014200374    0.02345442788016194      1.036801071111068    -0.9031451832641547
                 297000       2.16477339651835    0.02345105172766964     0.3430619363132829     -2.009273494317007
                 298000      2.596782513428337    0.02342205859403015      4.412834734027768     0.5438509708461584
                 299000      2.327584464134049    0.02341495778891788     0.7525393856569605     -1.225271466310332
                 300000      2.722701367776466     0.0233835080992075      6.873212203955089     0.9853179962552547
                 301000      2.647239386957708    0.02335807788962404      9.160553947718869      1.271504961729627
                 302000      2.329768113396173    0.02335061891216519     0.8128702598676102     -1.150904836711698
                 303000      2.483830482463599    0.02332007459208561       5.50218554046528     0.7601153821877025
                 304000      2.607977708124262    0.02329025385486496      5.195516766003802     0.7014865146808029
                 305000      2.290273023427308    0.02328548398937136     0.5161653579645086     -1.607842504212315
                 306000      2.607750328301066    0.02325574728702602      5.300586634219293     0.7200252345391032
                 307000      2.132200497512851    0.02325176211364085     0.4321267042618845     -1.787000080065269
                 308000      2.698585600474917     0.0232284196088137      9.498361297975002      1.302151238686538
                 309000      2.698235906987215    0.02320584126707193      9.689021172663482      1.321052870139698
                 310000      2.670637557728603    0.02318815430094962      10.65461823587154      1.415290430911194
                 311000      2.599677172498144    0.02316037711955126      4.788138195382398     0.6142400237187484
                 312000      2.649690484668347    0.02313687087359673      9.512948048878263      1.299736747682781
                 313000      2.699345208257651    0.02311449777831339      9.798224473897664      1.328316661021254
                 314000      2.537841261121236    0.02308642698047061      5.232374673118785     0.6997655294373846
                 315000      2.677564344631404    0.02306999498544105      10.98013142144474      1.440275697776717
                 316000      2.667526594553764    0.02305284609289622      10.92355962020049      1.434366564089302
                 317000      2.489791577140268    0.02302502841397357        5.4254972983134     0.7333468170844563
                 318000      2.472413408097622    0.02299796491687226      5.119730990157267     0.6741630646033595
                 319000      2.019206949378678    0.02299462006152288     0.4041909485717376     -1.864952151725713
                 320000      2.030518132811379     0.0229908435618856     0.4586066842270609     -1.738810864939745
                 321000       2.16671615049585    0.02298787668806691     0.3577312190852684     -1.987350945017515
                 322000      1.839165352790048    0.02298530205573494     0.3094578623693221      -2.13242293518164
                 323000       1.80196296854948    0.02298252658274244     0.3344172715293783     -2.054976098610554
                 324000      2.453211890402274    0.02295758455814948      4.370592400873409      0.514202362284494
                 325000      2.643888367558932     0.0229330901723222      9.108523708657849       1.24744693744289
                 326000      2.521263205267921     0.0229059202125219      5.581226487991438     0.7564593924465446
                 327000      2.677360834021782    0.02289019924901925       11.1743813511124      1.449988055223954
                 328000      2.662082044203758    0.02287255676731991      10.86650828942595      1.421278660254728
                 329000      2.644083343669338    0.02284898698716664      9.407337447166892       1.27605218523787
                 330000      2.686237716314217    0.02283207922678271      11.09706314315202       1.44050246010745
                 331000      2.691199433034257    0.02281402035461478      10.91059288344309      1.422764854070431
                 332000       2.56963364382199    0.02279121020034856      4.163252293314359     0.4583269519819683
                 333000      2.225078714990167    0.02278912247624533     0.2724981849645306     -2.268184550059512
                 334000      2.641784072715591    0.02276517080383482      9.239726270865521      1.254399470299972
                 335000      2.559086309247226    0.02274166876910072      4.518452545686964     0.5380238862303853
                 336000      2.365462231551648    0.02273338513996372      1.178204970494849    -0.8065179383437002
                 337000      2.679933867733661    0.02271838917741434      11.55905993818923      1.476299669947712
                 338000       2.70083503588086    0.02269725530073766      10.14495742254017       1.34487621947096
                 339000      2.602419001268573    0.02267342084569692      4.875114477231672     0.6109923750689149
                 340000      2.405185501990649    0.02266131113101525      1.873905413649086    -0.3456607376931082
                 341000      2.397869984100584    0.02264983782393606      1.764135916945096    -0.4065308653710563
                 342000      2.469367642728974    0.02262617324634846      4.925413047623771     0.6191709208567887
                 343000      2.422951822737465    0.02261000726094187      2.721853638803014    0.02536117826284026
                 344000      2.634714391318241    0.02258536249298963      8.429027268542105      1.154638833017619
                 345000       2.57345055812581    0.02256376233759266      4.267292923866255     0.4729802713041298
                 346000      2.322226195678857    0.02255879836983296     0.7217570841940655      -1.30428604594482
                 347000      2.614898145596944    0.02253381723698012      6.187122623912166     0.8431427429020707
                 348000      2.695678793853779    0.02251542517155194      10.69866661724512      1.389975193769276
                 349000      2.203553714468895    0.02251328896585272     0.3066323806628504     -2.162344512698772
                 350000      2.728922394587647    0.02248871401001815      6.103580296338399     0.8275445544173274
                 351000      2.616710183311554    0.02246403957257635      6.436515958025956      0.879558620635745
                 352000      2.693504818224961    0.02244680444477224      10.98570069517143      1.413398191189609
                 353000      1.641461313721909    0.02244558296051093     0.1780303385650832     -2.709052019316937
                 354000      1.764632152224605    0.02244351562091305     0.3041549286456332     -2.173560899932396
                 355000       2.07990232670016    0.02244066246080152     0.4236290849724019     -1.842366966781297
                 356000      1.570884037863885    0.02243971673638142     0.1376099229441839     -2.966844346466258
                 357000      1.881097560879869    0.02243672807990681     0.4447843122267213     -1.793811105631532
                 358000      2.048260639784306    0.02243349012890049     0.4835615231955153     -1.710366351554276
                 359000      2.003645152747957    0.02243066633096627     0.4200244692364656     -1.851357816314385
                 360000      2.304159897722394    0.02242661204901444      0.612032888273303     -1.475065529522291
                 361000      2.653964866232277    0.02240809174000974      10.62250745500603      1.378052664620648
                 362000      2.654141225789232    0.02238995195336535       10.7597242356445      1.390077648236868
                 363000      2.616521833954613    0.02236590385288066      6.556938161667607     0.8937168379166127
                 364000      2.707860990668277     0.0223440428774162      9.359863476465327      1.248645889922124
                 365000      2.525324556988274    0.02232198943989345      5.176300503120689     0.6553183164611388
                 366000      2.354382575220403     0.0223153799081833      1.077061774780796    -0.9148316847672641
                 367000      2.695744612457207    0.02229796261319996      10.93109024360306      1.401761794460982
                 368000       2.28053620235633    0.02229505362416974     0.4576792451688851     -1.771566397213392
                 369000      2.587755368219391    0.02227498804700702      4.418126518844906     0.4948356162433175
                 370000      1.631684289439211    0.02227381293734561     0.1823002387766791     -2.693033169035593
                 371000      2.037271551435226     0.0222706817329445     0.4969679729215808     -1.690303165018577
                 372000      2.594241696449982    0.02224986901935339      4.789273927773145     0.5743703786947949
                 373000       2.42161267884013    0.02223603853968542      2.606275942344458   -0.03470787150853775
                 374000       2.78979750594383     0.0222327179011664     0.5333052555059966     -1.621440885693432
                 375000      2.756314217286846    0.02221895194405677      2.604003355165121   -0.03634893354583323
                 376000      2.681281843372257    0.02220552002900852      11.91430551556452      1.483736167989039
                 377000      2.584813919655493    0.02218564936914243      4.552713821104097     0.5208245921795429
                 378000      2.660285732248797    0.02216998606572075      11.36389775485243      1.434836299552728
                 379000      2.336009907766102     0.0221647439338401     0.8883082640079607     -1.114278098894729
                 380000       2.36458856418976    0.02215731527256195      1.299712098275214    -0.7340340825669609
                 381000      2.351739506104731    0.02215064461370235      1.156377103591978    -0.8511860327218449
                 382000      2.751720095068963    0.02213522140607824      3.149573635777936     0.1500925964005534
                 383000       2.41197322212228    0.02212320544587942      2.288894428098854     -0.169648565908869
                 384000      2.037975253025758    0.02212007572504742     0.5218249061693264     -1.648282138361882
                 385000      2.018481350275913    0.02211708931927709     0.4973801154080479      -1.69639470563053
                 386000      2.047347981808394    0.02211364942682013     0.5765528708009564     -1.548837756727227
                 387000      2.644239598460771    0.02209419457744548      9.956829892922407       1.29922906007981
                 388000      2.741875146393156    0.02207521203227184      4.449584921689412     0.4929216051105403
                 389000      2.444886083210401    0.02205804711431494      3.797844816588606     0.3337666738988847
                 390000      2.643882638582707    0.02203901179360146      10.03997046767016      1.305043756898616
                 391000      2.735538980299035    0.02201847807333635      5.398074547084081      0.683579775662424
                 392000      2.702738862096152    0.02200025455194118      10.33451049774541      1.332198290077455
                 393000      2.605659185304122    0.02197949649314624      5.726461929033871     0.7408633546158306
                 394000      2.752461160872844    0.02196412272821011      3.374368430726565     0.2112739500540365
                 395000      2.509412994023893     0.0219443429968946      5.205689663427522     0.6439170153136061
                 396000      2.602806576634124    0.02192407210404784      5.593255257212721     0.7148021072659861
                 397000       2.72214363402321    0.02190274927617238      7.643847960076499      1.026168740526254
                 398000      2.602340039833699    0.02188266057798486      5.634570059726337     0.7202708529630328
                 399000      2.720257172183474      0.021861719695883      8.025338334825499      1.072996414275441
                 400000      2.540290655906436    0.02184303614655271      4.908604110596588      0.580527202884551
                 401000      2.512374819493795     0.0218237838101767      5.290195556191231     0.6545110256621067
                 402000      2.252139867525861    0.02182199530344858     0.3224701069279509     -2.143170980948887
                 403000      2.477549861892149    0.02180340492174904      4.965561215468759     0.5902479098910837
                 404000      2.555196671506714    0.02178544073562507      4.688372101996633      0.531982750711298
                 405000      2.616778394532345    0.02176493813771814      6.949045094977414     0.9245600242262941
                 406000      2.343413295185593    0.02175944819045165      1.061143913163317    -0.9549490098431808
                 407000      2.450086544354749    0.02174316305489292      4.038814446313627     0.3809059986171977
                 408000      2.659337792641114    0.02172859029937997      11.28437518519909      1.407703398362161
                 409000      2.533840236032136    0.02171010816633366       5.19957845113833     0.6320109591958405
                 410000      2.293463373827938    0.02170706796584083     0.5780034633135449     -1.564882060432762
                 411000      2.448854130408564    0.02169104727666626      4.041375446808202     0.3791401364606234
                 412000      2.501192527725601    0.02167244777554894       5.39747104185887     0.6676277221150042
                 413000       2.74329130343106    0.02165516915551919      4.679255376931961     0.5240386135753641
                 414000      2.433147255278542    0.02164114138827979      3.377443923005209     0.1973708223475836
                 415000      2.370347050586195    0.02163413124018996       1.44604020652402    -0.6512434159549659
                 416000      2.668242794186727    0.02162141170650538      11.78692067553046      1.446330043575245
                 417000      2.439832379370987     0.0216064980092592      3.762100343331198     0.3036269443802131
                 418000      2.743760889710384    0.02158957321416273      4.673476520830266     0.5197691460875552
                 419000      2.465436588285723    0.02157241132713638      4.840940373784284     0.5541796766718518
                 420000      2.707996080232777    0.02155489845592235      9.711446984815083      1.249563826300951
                 421000      2.491372130533531    0.02153698500138096        5.4283078532159     0.6670545837657549
                 422000      2.643440768956829    0.02151998206260886      9.939193512023502      1.271123221314735
                 423000      2.612583514158223    0.02150112274140801      6.586739658442001     0.8588190774161545
                 424000      2.452883545216539    0.02148510194242055      4.485381438447281     0.4738387392976571
                 425000      1.998541002998792    0.02148290054268668     0.4446341649702005     -1.837590703239016
                 426000      2.425460863166593    0.02147015943835933       3.18308702234804      0.130170963392948
                 427000       2.66874028002067    0.02145803578812343      11.90059023804795      1.448342640536429
                 428000      2.469924721603334    0.02144107491413016      5.138954485894008     0.6078135600073502
                 429000      2.623548823270107     0.0214224213849616      7.813691490902729      1.025971053860225
                 430000      2.429525874853028    0.02140911997619566      3.481191256683294     0.2168469864830408
                 431000      2.657116493180909    0.02139549690764682      11.33949111138139      1.397127334540077
                 432000      2.731626111649573    0.02137749344935138      6.325242673023722     0.8125424995526284
                 433000      2.663194437422007    0.02136506337665113      11.79589646834876      1.435164187317356
                 434000      2.425325733943462    0.02135257801495314      3.283261214249929     0.1556651213493079
                 435000      2.567394340356937    0.02133754674273575      4.370546511772477     0.4410117777242679
                 436000      2.594608813293223    0.02132114794321235      5.182314331256588     0.6106066177061503
                 437000      2.500369264580182     0.0213044416419297      5.453899035829899     0.6609017888475096
                 438000      2.473320550514385    0.02128802710737013      5.296839363696577        0.6309105410168
                 439000      2.361079462093609    0.02128234446252451      1.304882186805772    -0.7703539733164726
                 440000      2.615715594953314    0.02126452002738123      7.108922562720258     0.9240460892512214
                 441000      2.454408984974486    0.02124907124998329      4.794263874656814     0.5293888034976543
                 442000      2.709044504868133    0.02123252524027539      9.472014860423977      1.209531300225501
                 443000      2.668471639836219    0.02122099303805644      12.00909291585672      1.446310472971953
                 444000        2.5581249124209    0.02120626362871813      4.525023354054581     0.4695747682582964
                 445000      2.708233180053595    0.02119014024683716      9.712807177170152      1.232636770761713
                 446000      2.734574074060044    0.02117344485866542      6.041325269012765     0.7570266365672971
                 447000      2.328834436453281    0.02116950555399044     0.9157823616337647     -1.129759372332179
                 448000      2.150306324142409    0.02116797940441199     0.3412371983062247     -2.117032375116184
                 449000      1.830615589582356    0.02116670810663756     0.2832308435493878     -2.303407999454274
                 450000        1.7799619912372    0.02116528494943531     0.3178970747245365     -2.188009838082531
                 451000      2.011808645290709    0.02116313939047435     0.4849095880602504     -1.765876423640725
                 452000      1.624805090883358    0.02116233153514468     0.1789053397550583     -2.763020216535464
                 453000      2.570798868157341    0.02114808712068893      4.401171001083643      0.439075537839754
                 454000      2.430771416778145    0.02113564723028058        3.5855446764377     0.2335268895229623
                 455000      2.705410280215372    0.02112018143139064      9.974435020965739      1.255909808750181
                 456000      2.632398776086091    0.02110345611581153      8.701402289088188       1.11857645713038
                 457000      2.549688004041781    0.02108897333072883      4.679184223741816      0.497529534270273
                 458000      2.423203787219733    0.02107769837837921      3.207053191008946     0.1192234768856541
                 459000      2.338311792409588    0.02107344719869074      1.024996152995064     -1.021641881418315
                 460000      1.834511634783087     0.0210721495491456     0.2977738649277387     -2.257813243259063
                 461000      1.773162724825082    0.02107076547932768      0.318132739573584     -2.191744568025114
                 462000       1.54369275624946    0.02107021392662781         0.125177057649     -3.124510264041748
                 463000      1.683849360634274    0.02106941276277592     0.1825497295895133     -2.747254857746205
                 464000      1.829636639715501    0.02106805127178252     0.3130202979810712     -2.208074067735661
                 465000      1.823715650172518    0.02106661379594572     0.3309908976181072     -2.152319463053046
                 466000      2.173017327608263    0.02106522339251027     0.3200139606851071     -2.186111718932543
                 467000      1.671340430039452    0.02106433605534105     0.2026778033838974     -2.642900922428261
                 468000      2.082189328823494    0.02106257500278035     0.4079554567169031     -1.943444078404436
                 469000      1.987458444716652    0.02106067306889609     0.4417803149055997     -1.863879642003069
                 470000      2.124097192711525    0.02105905529159448     0.3742040507980654     -2.029967954450158
                 471000      2.218943965638657    0.02105786267383059      0.274090669464037      -2.34136686501907
                 472000      1.829914944966268    0.02105633434040929     0.3532272053686858     -2.087786916402377
                 473000      1.605197205317545    0.02105558370502338     0.1714246221220732     -2.810790408270662
                 474000      1.992696793882175    0.02105352316730335     0.4806295738879105     -1.779935066956099
                 475000      2.448231925040304    0.02103931223496099      4.628513775701793     0.4842839544592037
                 476000      2.608009228890039    0.02102304225173732      6.384344210540376     0.8051233004303283
                 477000       2.68656555353219    0.02101177562551084      11.92673656933014      1.429521112849764
                 478000       2.70382604711157    0.02099759975032027      10.53369937838466      1.304643153798475
                 479000      2.648350458946356    0.02098370416773332      10.69654251260885       1.31932214183847
                 480000      2.675376241367672    0.02097336477010081      12.36235107896626      1.463564376876503
                 481000      2.263417906529929    0.02097180810798487      0.374024123340367     -2.034600480206195
                 482000        2.5375660893985    0.02095743374916031      5.005430981400696      0.558672373333108
                 483000      2.223562202410803    0.02095620312521815     0.2953874772765894     -2.271377169996703
                 484000      2.391986183239576     0.0209493951473037      1.819628169046443    -0.4536026100268312
                 485000       2.48251727120219     0.0209346084042741      5.368755693545731     0.6276552990084681
                 486000      2.648316729926075    0.02092103286012693      10.80693180828308      1.326598209997908
                 487000      2.469619768679546     0.0209065110343864      5.270757915824943     0.6078902502353482
                 488000      2.561446006246905    0.02089304036335164      4.607303344981439      0.472714272473415
                 489000       2.55740190121301    0.02087937942186964      4.754753260821246     0.5035622833581074
                 490000      2.225645918937878    0.02087811346747704     0.3115666997234625     -2.221784993827134
                 491000      2.480822518004481    0.02086347854447175      5.500376563544297     0.6484721861279528
                 492000      2.532405844694508    0.02084926694534257      5.211153704402177     0.5937754985431438
                 493000      2.459552397321121     0.0208351889256721      5.153884736426706     0.5820495183918027
                 494000      2.461295057240204    0.02082097255284433      5.301956239415802      0.609692066539554
                 495000       2.52616144451196    0.02080675770575561      5.346293318712041     0.6173367445808243
                 496000       2.60667639793081    0.02079171618813844      6.224386833661121     0.7686850218554494
                 497000      2.029169269155831    0.02078959554542729     0.5433576748631999     -1.669879389317045
                 498000      1.821310277020277    0.02078815097873704      0.365902525891499     -2.065349706070867
                 499000      1.740320507931936    0.02078722596772102     0.2322953415441422     -2.519751593367505
                 500000      1.831676803388036    0.02078568394037052     0.3914639734919311     -1.997941874097894
                 501000      2.719105991028465    0.02077027402681843      8.361397216180078      1.062803813227874
                 502000      2.541542108454154    0.02075648338352011      5.178004247356498     0.5829337894681222
                 503000      2.665260055053516    0.02074579510690405      11.99447227607705      1.422444918467706
                 504000       2.69160309448469    0.02073445226611612      11.71081198736968      1.397964631787208
                 505000      2.498179904328975    0.02072036392434964      5.581186595071058     0.6561738241639582
                 506000      2.631206305334804    0.02070542266404668       8.84298034829569      1.115675031491053
                 507000      2.522477878911645     0.0206915617389868      5.490007283328231     0.6383109916538035
                 508000      2.506279405928935    0.02067756024086851      5.668742541377151     0.6696718228477652
                 509000      2.594992602049722    0.02066396816503771       5.35436991118176     0.6119599863020037
                 510000      2.709977268308187    0.02064991493209314      9.720332533026294      1.207586466769082
                 511000      1.943337302358992    0.02064817461329239      0.466885803769059      -1.82838822593271
                 512000      1.890308877631632    0.02064659279707584     0.4232972456412844      -1.92647489249693
                 513000       1.90440495590696    0.02064481123360588     0.4786828398027267     -1.803597577093667
                 514000       1.77381445517291    0.02064353933283255     0.3387120026868123     -2.149547239275614
                 515000      1.929106642769725    0.02064164548466056      0.510276706621118     -1.739836040087556
                 516000      1.835322663489381    0.02064014408537517      0.401788740101594     -1.978935491386134
