#! FIELDS time e sigma_e height logweight
#! SET action OPES_METAD_kernels
#! SET biasfactor       4.240371756148875
#! SET epsilon    0.003891431002318289
#! SET kernel_cutoff        3.33135957893421
#! SET compression_threshold                       1
                   1000      2.714368002095014    0.06284082615044533    0.01375115918422312     -4.240371756148875
                   2000      2.446104807270913     0.0624949438374419      0.013827265865069     -4.240371756148875
                   3000      2.624132774852872    0.05605847808785345     0.5012364244659732    -0.7586265488573078
                   4000      1.989169514400389    0.05584813365467509    0.01547292894344603     -4.240371756148875
                   5000       2.61435832864426    0.05396369641418463      2.511521622214799     0.8148557630827479
                   6000      2.418919049415641    0.05370841327597362    0.05113009175006952     -3.084156976618136
                   7000      2.792229605576608    0.05348203344561577    0.04620174456892869     -3.189736508543054
                   8000      2.375627113712799    0.05285106479651901     0.1376210445019311     -2.110118128069876
                   9000      2.345740694978401    0.05153428359979842     0.3348761695873363     -1.246091733580821
                  10000       2.50685862666149    0.04946652699751836     0.7119384409300351    -0.5328121743371351
                  11000      2.768312138553259    0.04876503698015292     0.2343150738201297      -1.65841956144907
                  12000      2.667984653431708    0.04658656446196039      2.114597370225008     0.4958320467593129
                  13000      2.538134653995721    0.04489446952633715      1.492543497380437     0.1104517616403069
                  14000      2.498002499880166    0.04351619486896655       1.49233015531193    0.07912736344902005
                  15000      2.405915480676565     0.0428401935142473     0.5953972101701105    -0.8553943155646211
                  16000      2.694044136951042    0.04173821341083794       1.87970456100173     0.2681871517933571
                  17000      2.713206865957564    0.04079221853434899      2.066838564269915     0.3401669549845149
                  18000      1.964285705889372     0.0407594579469577     0.0359610926818846     -3.711974336411208
                  19000      2.429947194463961    0.04019905968406123      0.804855646043944     -0.617593297142619
                  20000      2.441891203846413    0.03954239471064559      1.166809855685474    -0.2626977763176802
                  21000      2.703888563166089    0.03886824954023334      2.319445751001049     0.4071614046382857
                  22000       2.69105745146087    0.03838072910093243      3.054476547334739     0.6698191600827427
                  23000      2.547505478100385    0.03787867743070397      1.291794800608663    -0.2039236395375184
                  24000      2.486070614659524     0.0373795278607777      1.485680235274992   -0.07734865280779706
                  25000      2.247055807814924     0.0373667729070753    0.02560424775254619     -4.138559691056751
                  26000      2.159540970734974    0.03735456057492405    0.02454566109812483     -4.181109732059787
                  27000      2.289414529856309    0.03728781942064236     0.1386944988418871     -2.451159460718076
                  28000       2.61800740948028    0.03688608191685472        3.1260696714624     0.6532662533344039
                  29000      2.751298834557326    0.03642173433485576      2.042269207418697     0.2148826775642081
                  30000       2.15232506930939    0.03640423924916876    0.04370397146284931     -3.629975632324639
                  31000      2.459417114762394    0.03599039853130721      1.757283728064806    0.05267691375052575
                  32000      2.741182965582748    0.03559296049125437      2.579171074852778     0.4252713755657036
                  33000      1.800315435771607    0.03558462459902175    0.02428392074948629     -4.240371756148875
                  34000      1.829301638327532    0.03557142409013389    0.03863347670866696     -3.776438046922252
                  35000      1.806256617677859    0.03554850038863015     0.0676912942533638     -3.216244290364099
                  36000      1.910217423978862    0.03553342515635163    0.04438763592754803     -3.638665073448555
                  37000      2.054713359123745     0.0355213954466546    0.03540936256180757     -3.864988373310177
                  38000      2.272169823007465    0.03547444994212469     0.1421556469796041     -2.476364560979333
                  39000      1.781286340563854    0.03544341989822664    0.09337902339048369     -2.897495490822121
                  40000      1.864646018285187    0.03541534846803041    0.08462793290087924     -2.996690154237335
                  41000      2.082339863791883    0.03539571280525899     0.0590303673956658     -3.357457122480923
                  42000      2.146053047126082    0.03536625781693828    0.08945498421092608     -2.942606115593211
                  43000      1.955728427125304    0.03533889583481126    0.08328578831104425     -3.014837692757223
                  44000      1.969224910600223     0.0352959624353705     0.1328002170694002     -2.549485390808386
                  45000      2.508375551839197    0.03494376341873895      2.650771372608592      0.434246129224988
                  46000      2.580982455104181     0.0346063578233243      2.558923495802517     0.3892795156808606
                  47000      2.542749503965859    0.03429800072778582      2.854127507392437     0.4895086972197641
                  48000      2.243763371597397    0.03425972016500033     0.1498458702487567     -2.458522282173044
                  49000      1.908802713708369    0.03422593438714892     0.1323838672541597     -2.583410381552593
                  50000      2.096718465922981     0.0341983908053583     0.1077851847119944     -2.789781034785863
                  51000      2.068658400409586    0.03416175713983043     0.1451717361498755     -2.493075606259313
                  52000      1.694657784610565    0.03415396132211698    0.03021404692146681     -4.062914318103909
                  53000      2.632908514196459    0.03394479826816099      3.754079168436026     0.7532340896408071
                  54000      2.122111373460916    0.03389946178382091     0.1980143882114501     -2.190361007738362
                  55000      2.695626768481967    0.03380859097132648      4.664094931354872     0.9662641816253948
                  56000      2.400224101702175    0.03359115633888037      1.370666355876045    -0.2647847213566377
                  57000      2.693305584645205    0.03355449296115473      5.264958936011551      1.079899556722112
                  58000      2.654055439536497    0.03352328775552142      5.707095599817614      1.159606034720822
                  59000       2.70413357743643    0.03341586357215171      5.593539887563843      1.136298522589911
                  60000      2.289802063417448     0.0333783440388442     0.2352579699603526     -2.033509877007303
                  61000       2.42038876492983    0.03317552462623053      1.697776178103645   -0.06321290404064123
                  62000      2.573489165264918    0.03292837224463301      2.811681229240298     0.4337727088260496
                  63000      2.748378448440794    0.03268865222916854      3.447560066265594     0.6303501824932672
                  64000      2.519231883103126    0.03246312833890571      2.793494958648366     0.4130538556611895
                  65000      2.468130713622777    0.03225708335372254      2.411871137149098     0.2597959474895331
                  66000      2.667775840667503    0.03219169466708415      6.165292057876987      1.196299436499729
                  67000      2.733663728576169    0.03199697027456899       4.45021295223732     0.8642486066440898
                  68000      1.778979667359502    0.03198441157539639     0.1081698041723387     -2.853148942092639
                  69000      1.604451178489449    0.03198119118555617    0.02744387235257465     -4.224808973041847
                  70000      1.875521099676801    0.03196659481911106     0.1263589878171477     -2.698281429971657
                  71000      1.922840061854277     0.0319469979024696     0.1711935635912351     -2.395226760004141
                  72000      2.475199060645041    0.03175397907291692      2.796166396341439     0.3919228152784278
                  73000      2.708347947407048    0.03165276245805127      6.067103711979259       1.16336220727029
                  74000      2.476703927931899    0.03146810994920091      3.010195958964453     0.4566352675267711
                  75000      2.493990045678444     0.0312852941394821      3.365391123731459     0.5623477783662832
                  76000      2.571711995367468    0.03111906161889256      2.727807719121581     0.3469742363030218
                  77000      2.466425797435133     0.0309475506371449      3.430458513887177      0.570643224189639
                  78000      2.296525176919013    0.03092901620095337     0.2071870075318988     -2.236783258831709
                  79000      2.501475515211037    0.03076301325578277      3.805029664463649     0.6682923252814859
                  80000      2.587892810559791    0.03060856987070316      2.956137000482867     0.4108188172499361
                  81000      2.434134497383531    0.03045884189504129       2.94775157843502     0.4030744669503907
                  82000      2.635759820913243    0.03031899886492149       4.78845554587132     0.8836379054578363
                  83000      2.695104014855578    0.03023026625002464      6.230334394868766      1.143929060305033
                  84000      2.668471717628845    0.03015376742914718      6.635000841161844      1.204324103895966
                  85000      2.511902678716136    0.03001175784909308      3.669595520710592     0.6073261146115365
                  86000       2.66297624378855    0.02993296798128943      6.734391211011968      1.211843332763416
                  87000      2.632058468400861    0.02980748192296824      5.343122301050747     0.9762250536893212
                  88000      2.058794454844305    0.02979930826224193     0.1277018155416615     -2.757916680460424
                  89000      2.748888540999419    0.02966982830803186      3.461948997769511      0.537617809976439
                  90000      2.741735903095512     0.0295399641014168      4.203565036722432     0.7273324831411393
                  91000      2.195782105489811    0.02953498798182201     0.0820159042353706     -3.209611064810732
                  92000      2.359952169558486     0.0295031765934504     0.5581862374939252      -1.29290923687588
                  93000      2.283066926148711    0.02948788543922675     0.2593091146062112      -2.06009948253931
                  94000      2.721582985875705    0.02939040946736856      6.211452606229621      1.112718632950432
                  95000      2.322608752595363    0.02937433639014532      0.284547580066306     -1.971077979379356
                  96000      1.960049245232505    0.02936564252279537     0.1517359207983186     -2.600132825192378
                  97000       1.91518483570406    0.02935459107784837     0.1941769390994384     -2.353881081418158
                  98000      1.704035564318356    0.02935178773582386    0.04845003624759268     -3.742213299373338
                  99000      2.042999910509641    0.02934358828651149     0.1434611096904325     -2.656961789954795
                 100000      1.485402418013543     0.0293418831539994    0.02945053659737855     -4.240371756148875
                 101000       1.86973340883817    0.02933232881235565     0.1679395940738855     -2.499805205351468
                 102000      1.757460169379438    0.02932619823991307     0.1070998973189731     -2.949856568089879
                 103000      1.800661099280286    0.02931705854685486      0.160901743910628     -2.543136399216674
                 104000      2.126959902493553    0.02930684800817915      0.180453682136404     -2.428804495893189
                 105000      2.181345235082373    0.02929966252896881     0.1263315226240757     -2.785614259509537
                 106000      1.443498828709296     0.0292977155090438    0.03387690487880635     -4.101856786992007
                 107000      1.632305981441543    0.02929538288433991    0.04063242780200203     -3.920103456197456
                 108000      1.776312018571582    0.02928397016175236      0.202958961651376     -2.312055769094994
                 109000      2.003321161000843    0.02927533729144161     0.1528286760418384     -2.596036880747506
                 110000      2.035682103349749    0.02926341958424156     0.2128728651296002     -2.265066473351701
                 111000      1.991345436528435    0.02925064874551926     0.2290071453896666     -2.192444882795925
                 112000      2.034676847509103    0.02923469861267597     0.2887862963295272      -1.96105657324627
                 113000      2.303292370538808    0.02921513050028333     0.3583789342915231     -1.745822196029715
                 114000      2.500601774470072    0.02909727651368739       4.54408029543428     0.7901253688934139
                 115000      2.481663116771363     0.0289833537211808      4.785884731048569     0.8380479979278065
                 116000      2.624797998856841    0.02888521758180064      5.867538535474161      1.038420616009796
                 117000      1.655526107048302    0.02888252498743241    0.05224259108071787      -3.68296501739618
                 118000      1.858470754502517    0.02887345534046929      0.178789702308774     -2.452966900766058
                 119000      1.861102617930444    0.02886232790388299     0.2208123059268087     -2.242249582947241
                 120000      1.753896788357739    0.02885329757503592     0.1785822075210194     -2.454826512550447
                 121000      1.993452821535458      0.028839160626411     0.2836386374317889     -1.992664609144951
                 122000       1.83070145682504    0.02882768635583013     0.2291816360897104     -2.206248724188145
                 123000      2.237829173526462    0.02881701089466275     0.2131948820974265     -2.278927285534279
                 124000      1.977187984321239     0.0288001135568114     0.3435662089116007     -1.802340670113215
                 125000      2.566007545710963    0.02869544297807923      3.463680045260374     0.5047253874320597
                 126000      2.665212869398088    0.02867559581710489      8.332250145961584       1.38183542412191
                 127000      2.693227809918905    0.02864632288393295      8.372203957149761      1.385597692697178
                 128000      2.551953307026152    0.02854535062245569      3.646464948591432     0.5509077013195469
                 129000      2.660752255908278    0.02852127993156498      8.751286521738956      1.425506631320256
                 130000      2.213152305355654    0.02851406532650977     0.1674982599784738     -2.530729392419328
                 131000      2.473822544210819    0.02841182162186102      4.479712100287785     0.7520195316594553
                 132000      2.572822713781691    0.02831621049865689      3.709696407169571     0.5600399298937875
                 133000      2.378343598636099    0.02828142452713142     0.9226670847220199    -0.8326261480339681
                 134000      2.386106140024432    0.02823614235761093      1.259302542486167    -0.5231837310001343
                 135000      2.434813874836534     0.0281469808757477      3.402802986660428     0.4676950351321054
                 136000      2.545109756975458    0.02805389364800141      4.070916960071086     0.6436511424873326
                 137000      2.451252423295754    0.02796156614935834      4.311377537605456     0.6977438348438343
                 138000      2.426311924214921    0.02787661017828395      3.492771652482364     0.4841390209273738
                 139000      2.321211476954441    0.02786312147235607     0.3680834570592701      -1.76648613982222
                 140000      2.102948241436188    0.02785527535371854     0.2108275981580972     -2.324036743376067
                 141000      2.048527781571722    0.02784399222255566     0.3068606820255166     -1.949088777110311
                 142000      2.604024812428103    0.02775504893501704      4.597829277826735     0.7546575010172399
                 143000      2.673367272320966    0.02772538399912988      8.722952280191235      1.393961566065693
                 144000      2.336206920431889    0.02770827076818629     0.5018076866936689     -1.462151936832481
                 145000      2.499908309790428    0.02762179810107891       4.92086210554934     0.8177444249142291
                 146000      2.720357567219813    0.02754890546575202      6.762071242277599      1.132947483488379
                 147000      2.344181697531514    0.02752838908471493     0.6427999535264179     -1.221048477100295
                 148000      2.490684981594237    0.02744541962690871      5.196804751667419     0.8658986952922804
                 149000      2.690356758662536    0.02740988884625336      8.764394940178274      1.387256777494277
                 150000      2.581871057056845    0.02733242728373537      3.983621246340006     0.5959205141818877
                 151000       2.56779148524935    0.02725505614619835      4.186164464186683     0.6426794006803582
                 152000      2.707324775331155    0.02720314593311089       8.06879529493575      1.296992252919316
                 153000      2.707817537632544    0.02715372145640877      8.301162305318309      1.323565086765869
                 154000      2.404475671747668    0.02710138630260017      2.267795821732241    0.02404867555437323
                 155000      2.700958782066367    0.02706019420237913      8.812520865061433      1.379892773029333
                 156000      2.677106178451397    0.02702721079771369      9.366944171466617      1.439686517687796
                 157000      2.568229434862615    0.02695800466743225      3.951895497666867     0.5741310468690897
                 158000      2.048051309207884    0.02694991026865207     0.3039728856668565     -1.991181367860815
                 159000      2.060975143183813    0.02694117769869333     0.3292071562810731     -1.911756748595572
                 160000      2.304244304593025    0.02692990779649516     0.4297434405620697      -1.64567397744219
                 161000      2.630001902787327    0.02685855106327593      6.223025838997227      1.024495941140466
                 162000      2.232402426502128    0.02685331118764524     0.1998407666452559     -2.414189823487626
                 163000      2.448304909300525     0.0267860522001386      4.061660603738112     0.5951286552138825
                 164000      2.311917305580005    0.02677388655295822     0.4847654074701396     -1.531007733077798
                 165000      2.343840385738823     0.0267574321021815     0.6693073581849387     -1.209044186957955
                 166000      2.204545347919045    0.02675323492718227     0.1628737201518878     -2.622469265757344
                 167000      2.457239145269554    0.02668500467131231      4.512311232169455     0.6965667131954474
                 168000      2.642432484162791    0.02662505774466745      7.430412426227319      1.193089596048634
                 169000      2.711461315854611     0.0265722980375239      8.117259181833353      1.279517241754067
                 170000      2.705894783892429    0.02652609830270894      8.687238208511696      1.345639603908232
                 171000      2.240891697702957    0.02652036210551363     0.2441290630564676     -2.226489989522924
                 172000      2.561956478875869    0.02646058268241807      3.797393079888909     0.5156264171744463
                 173000      2.510691333928428    0.02639866580925923      4.243860663790016       0.62444229799711
                 174000      2.668470277368489    0.02635662810248413      8.974368971094711      1.371747844300578
                 175000       2.29387359054561    0.02634643146444501     0.4660923856255559     -1.586383136790824
                 176000        2.5737299984236    0.02628833946868126      3.931611289836336     0.5438302517049438
                 177000      2.712680755957698    0.02623939502761796      8.403293726411881      1.301541085519331
                 178000      2.685982626908119    0.02620392337948959      9.558214021845194      1.428965476454776
                 179000      2.542681169713954    0.02614806878839545      3.969798231103476     0.5481460442654185
                 180000      2.676968714275801    0.02611201783339451      9.593707724929441      1.429158537772929
                 181000      2.405550578440059    0.02607554790056525      2.155171390815941   -0.06547629697593435
                 182000      2.324221969560206    0.02606481136956602     0.5455718107371925     -1.439679221277649
                 183000      2.550830292096598     0.0260101113713289      4.110223006496615     0.5776180856194488
                 184000      2.566470299722387    0.02595533238223985       4.24026320900626     0.6066578579847426
                 185000      2.714482254627485    0.02590800157093744      8.485001965814792      1.298507430101135
                 186000      1.578646330917688     0.0259072259961515    0.03945987357175196     -4.072293618790804
                 187000      2.726342551569469    0.02585468948913006      7.759937096034137      1.207121661832115
                 188000      2.440570811357832    0.02580546380611196      3.722388183078318     0.4706071297144216
                 189000      2.300396168158226    0.02579560380337197     0.5400058401000658     -1.460315804513761
                 190000      2.574702815663464    0.02574305555624846      4.380759507427244     0.6310424542574506
                 191000      2.576617805896473    0.02569036741492063      4.547235613454611     0.6662910415052821
                 192000      2.347399714340528    0.02567777040327544     0.7199368592765879     -1.177310675738663
                 193000       2.49804647699328    0.02562650072100188      4.406639531830584     0.6323948263017368
                 194000      2.435969925835377    0.02557986280480336      3.707847510428449     0.4579123929147579
                 195000       2.66989724187651    0.02554518054275545      9.540833782549495      1.401684988402698
                 196000      2.683875991843359    0.02551700277770286      10.20910550775475      1.468280462254465
                 197000      2.668479364415444    0.02548370432372797      9.863418634815096      1.432527465585753
                 198000      2.704303755607083    0.02545041774591615      9.952935882229374      1.440255166206018
                 199000      2.611188277670221    0.02540133650725371      4.729049423147448     0.6941814434989454
                 200000      2.315521525276347    0.02539162756633922     0.6143997548544585     -1.347034562056465
                 201000        2.5377704236022    0.02534486700404739      4.355530452815646     0.6096780683242125
                 202000      2.544826459863089    0.02529735430259789       4.63458167822565     0.6699011971581766
                 203000      1.901605511606767    0.02529469947779611     0.1656317178744895     -2.661738217557301
                 204000      1.750115672138278    0.02529248163161589      0.138119060057687     -2.843476591104898
                 205000      1.933911999541867    0.02528951255290232     0.1857103388684542     -2.547521913088422
                 206000      2.012959937349454    0.02528526162022013     0.2678639598392537      -2.18139892077926
                 207000      1.893572136117107    0.02528213303957305     0.1961123644313994     -2.493314116040612
                 208000       2.62848323162073     0.0252320571174782      6.247237909334869     0.9659101632481405
                 209000      2.620487283110303     0.0251828904014771      5.736155752105804      0.878609505744564
                 210000      1.860664021347319    0.02517984644720971     0.1960953864121824     -2.497454704595558
                 211000       1.57365133699073    0.02517913181555935    0.04549294713503736     -3.958526986389598
                 212000      1.962958990551592     0.0251754027433092     0.2413019895646876     -2.290183187191037
                 213000      2.072388974598034    0.02517116823676339      0.274966145061375     -2.159752638057465
                 214000      1.649319823987693    0.02517031185181487    0.05464363263056912     -3.775601946269403
                 215000      2.098413603841064    0.02516691773566319     0.2195817229195999     -2.384845020207531
                 216000      2.487059367449689    0.02512283421048712      4.305530632115999     0.5893329896405787
                 217000      2.623554357275347    0.02507470389602092      5.967966639176328     0.9139212357586992
                 218000      1.666814778825598     0.0250737437466849    0.06279367308911793     -3.640424287034115
                 219000      2.006165799073202    0.02506934594702315     0.2932179799509826     -2.099537727150127
                 220000      1.879396565565399    0.02506604069191941     0.2191925092467323     -2.390635490279725
                 221000      1.859048876334765    0.02506263274586682     0.2262721968982978      -2.35898315395273
                 222000      1.927227737957009    0.02505924830687602     0.2248240285983601     -2.365538886831314
                 223000      1.879460512912513     0.0250552999110824     0.2632929547424055     -2.207747154140653
                 224000      2.208344661436253    0.02505281329840979     0.1645772533860486     -2.677733627244598
                 225000      1.690026365037532    0.02505171056896018    0.07246351049154502     -3.498074598222745
                 226000      1.944485209987166    0.02504789587814448     0.2545408069360473     -2.241848849349051
                 227000      1.995582654923324    0.02504307975425761     0.3234498221761887     -2.002458316436846
                 228000      1.601438278821688    0.02504220608174358     0.0574422917441175     -3.730756374550819
                 229000       1.82265010909054     0.0250394186324198     0.1852470153540738      -2.55995836019958
                 230000      1.783957960475575    0.02503662352123147     0.1858599669039161     -2.556766623406616
                 231000      1.986067938396822    0.02503146506772659     0.3478706882136188     -1.930135379877022
                 232000      1.722613467323934    0.02502985012145244     0.1068390502106551     -3.110707225361729
                 233000      2.639175191235884    0.02498454285991559      7.483435485441818      1.136604761868176
                 234000      2.715884310591809     0.0249440787449039      8.564149490778989      1.269876733250136
                 235000      2.562424425887726    0.02490129141848035      4.575971205916824     0.6413940657440763
                 236000      2.577234450036048    0.02485874851986344      4.624888994114919      0.650317550881501
                 237000      2.728548885600745    0.02481466013217963      7.324968399037559      1.108378891429085
                 238000      2.672756264661131    0.02478254738108495      9.719947223401231      1.389975297344088
                 239000       2.35336106707821    0.02477280196560997     0.7373102161172967     -1.189344763758677
                 240000      2.365959873962302    0.02476053743080668     0.9464267679231854    -0.9401550918106224
                 241000      2.679165949415302    0.02473107029498417      10.08644599222034      1.424908339205656
                 242000       2.56994040105071    0.02469025542425134      4.714098030846569     0.6626216863126996
                 243000      2.250935033395584     0.0246866740588236      0.268597989389107     -2.202620456407379
                 244000      2.378372722990993    0.02467140440139321      1.244213099081655    -0.6701964246432891
                 245000      2.408841487604496    0.02464596648608686      2.288193580589534   -0.06196862967894012
                 246000      2.530179731419356    0.02460705597191867      4.424890726100183     0.5959342512040179
                 247000      2.679063801905166    0.02457877757455574      10.17091320742359       1.42707080842439
                 248000      2.522521592227454    0.02454060166756582      4.438203622037621     0.5962340995353251
                 249000      2.704033803891453    0.02450967958903883      9.816257831395147       1.38876353607554
                 250000      2.553308812866582    0.02447069312544012      4.875802291123579     0.6874163037973249
                 251000      2.687541648548684    0.02444400554554662      10.43202745020705      1.446921088205308
                 252000      2.679165605735988    0.02441715859714652      10.48102839095409      1.450508347113822
                 253000      2.406530795379309    0.02439480737382635      2.172918563306267    -0.1239030411661194
                 254000      2.609838584629351    0.02435698848480294      4.931110780066577     0.6940385205931092
                 255000       2.60236766353644    0.02431995497457992      4.794545731853466      0.664431609464967
                 256000      2.715020338669582    0.02428584439339028      9.144649425072906      1.308718029093559
                 257000      2.195084199303673    0.02428410008589504     0.1483871009620295      -2.81245361625529
                 258000      2.171756815134732    0.02428256446488924     0.1304964669551659     -2.940995106869656
                 259000      2.328435341118127     0.0242752920668703     0.6436551286412096     -1.345477727375327
                 260000      2.490999135103003    0.02424153648383652      4.154107942698836     0.5178206936262415
                 261000      2.617149521272952    0.02420340330878413      5.686004762339019     0.8301565444307732
                 262000      1.956470935566884     0.0242001310726831      0.287025314043528     -2.156171377717401
                 263000      1.865876124779254    0.02419722898486518     0.2540612719636554     -2.278286253224345
                 264000      2.491693367314578    0.02416352644777177      4.293113004758765     0.5475118743591476
                 265000      1.805888094324184    0.02416142963228745     0.1841246275033389     -2.601729444649739
                 266000      1.676361387639049    0.02416052909560517     0.0784655703094522     -3.454719634931396
                 267000      2.086414992123947    0.02415777172515327     0.2433843504916212     -2.322851819256774
                 268000      2.648993502477449    0.02412265763934338      8.552781046297907      1.235063486252616
                 269000      2.380497276317254    0.02410832473989411      1.409536619693661     -0.568526344617591
                 270000      2.558333051977185    0.02407333508549043      4.882303237366156     0.6723773211333124
                 271000      2.715747216511565    0.02404077372307078      9.096584084475083      1.293305699466342
                 272000      2.600249187352349     0.0240060618295642      5.013333897902021      0.696062954932693
                 273000      2.411827269533831    0.02398437424542821      2.406237068361234   -0.03887787216947174
                 274000      2.322573646035477    0.02397762730124064     0.6471052184854994     -1.352469734952983
                 275000      2.343092081682099    0.02396922703911485     0.8178629766755106     -1.118634227895491
                 276000      2.592998751717895    0.02393508398128284      5.020883730068483     0.6946067293955276
                 277000      2.470898622713269    0.02390475203931579      4.012527654788381     0.4691540876396569
                 278000      2.680022249229582    0.02388061144480561      10.56176774934533      1.435962995640259
                 279000      2.555426336987672    0.02384728564593086      5.030957339147923     0.6929361311168517
                 280000      2.452399997195436    0.02381914708257313      3.696630344131115     0.3835668811793912
                 281000      2.154473722342523     0.0238177339246613     0.1365177738721121     -2.915214597442579
                 282000      2.472335204263391    0.02378709253106642      4.341731008643197     0.5430716592240359
                 283000      2.507527815986336    0.02375552531451924      4.681812454309497     0.6171558975420044
                 284000      2.627278668367828    0.02372103609952401      6.932244125689904      1.008201279813676
                 285000      2.435604813483064    0.02369473138417288      3.495524776354708      0.322391671756911
                 286000      2.553953922963855    0.02366233478954333      5.279411988208563     0.7333546979831694
                 287000      2.680587671584199    0.02364118083883265      10.90613176892476      1.457970758621823
                 288000      2.479091291633211    0.02361110271814246       4.60991221170262     0.5955813071518012
                 289000      2.699949223339303    0.02358853761415586      10.69358207199276      1.436060092662593
                 290000      2.474069334648373    0.02355887583979662      4.636343433896304     0.5990840831650156
                 291000      2.588476619209408    0.02352791112460517      5.203274033128944     0.7131309108058623
                 292000      2.588298694234831    0.02349682784757101      5.371209676159939     0.7435740133383695
                 293000      2.378842387518673     0.0234849330740128      1.397721590578023    -0.6031420168720947
                 294000      2.274888334225166    0.02348138750319425     0.3854413353153976     -1.891502751756311
                 295000      2.689420901960343    0.02346115060630784      11.05204476258537      1.463616782485313
                 296000      2.340149854236715    0.02345406825115052     0.8058557981251482     -1.155151059183622
                 297000      2.235474116024191    0.02345196997989728     0.2287595802680303     -2.414473757937085
                 298000      2.724232364753536    0.02342136564166666       8.32174979126051      1.178176649334395
                 299000      2.507752482194627    0.02339279552277347      4.728288393054124     0.6116468041759207
                 300000      2.582250220077373    0.02336268145495242      5.463809489507933     0.7549416326339107
                 301000      2.644821189615565    0.02333287154861388      8.401151775159963      1.183887412729806
                 302000      2.492089448629417    0.02330475557617444       4.80927568226365     0.6248593664758295
                 303000      2.588097856956688    0.02327521490522629      5.534257191832075     0.7640018493426669
                 304000      1.841209180170575    0.02327331460826548     0.2179822375429696     -2.470378852458796
                 305000      2.001080054089557    0.02327055807380414      0.318707017492218     -2.090638641336675
                 306000      1.753556702114148    0.02326924940567468     0.1494921209810945     -2.847723431315849
                 307000      1.841870818405149    0.02326719541515247     0.2362088609675432     -2.390338977042481
                 308000      1.894375619236709    0.02326501245449808     0.2514268483725917     -2.327997134685962
                 309000      1.628221483538366    0.02326439598747845    0.07008457985657102     -3.605472922200547
                 310000      1.882436860993701    0.02326196613933735     0.2806279001892962     -2.218250575716357
                 311000      1.809309685443003    0.02326014136659343     0.2097351772467862     -2.509512942280964
                 312000      1.780339683303222    0.02325840406246346     0.1996026553481521     -2.559104642295104
                 313000      2.464490222816992    0.02323152504333763      4.555532873659896     0.5675081425430791
                 314000      2.589203989658299    0.02320229527053002      5.672757697675478     0.7855820115659889
                 315000      2.665553784026594    0.02317889687627358      10.19484161224343      1.370779553173915
                 316000      2.710122546483663     0.0231545271261061      9.957494891750128      1.346171278463079
                 317000      2.293868536985434    0.02315024378714503     0.5233737096650358     -1.599798771040891
                 318000      2.410869861803356    0.02313298550482108      2.472516033672468   -0.04784875000963021
                 319000      2.633828624866509     0.0231037297059818      7.559810589316647      1.068495636960318
                 320000      1.955947794845537    0.02310135138916114     0.2896007058252609     -2.193705625941846
