#! FIELDS time e sigma_e height
#! SET action OPES_METAD_state
#! SET biasfactor       4.240371756148875
#! SET epsilon    0.003891431002318289
#! SET kernel_cutoff        3.33135957893421
#! SET compression_threshold                       1
#! SET zed      0.1330491995805196
#! SET sum_weights       202.9742134012104
#! SET sum_weights2       585.8397279851422
#! SET counter  156
                      0      2.682101257877644     0.0370438690955877      182.1905448279299
                      0      2.548872600888312    0.03789904117439551      77.55812754320849
                      0      2.193034548969191    0.03413120681699609      1.050500643842552
                      0      1.958295345267067    0.03592424085042564     0.7531392455317932
                      0      2.239520103908283    0.03305962109176304      2.057512527840749
                      0      2.442134994456612    0.04051963383115632      46.76337000669849
                      0      2.346096963222715    0.03326188033126819       8.01821669114271
                      0      2.070562937272594    0.03984404565405496     0.5725204580284005
                      0      1.858340788638863    0.03528546237172014      1.090483013338091
                      0      2.005224467759839    0.03133049830513474      1.025392746125234
                      0      1.785882438208922    0.03081192727000344     0.1121290399994809
                      0       1.71061113311323    0.03321818744562686     0.3964344088090285
                      0      1.623734627844263    0.03114535634195098    0.07713555132070296
                      0      1.564052496842985    0.03180218485248309    0.07323623358866226
                      0      2.768973045965196    0.03163667776391922      4.469495717434128
                      0      2.293870232583166    0.03237850288977016      1.378308044904146
                      0      2.142717687901589    0.03092373410231205     0.3352091640047716
                      0      2.628153633088635    0.03138793077264155      58.33837898236953
                      0      1.518189807446123    0.03025752688155913     0.0391952832316072
                      0      1.912089808910754    0.02894744354596547     0.4330146687417501
                      0      2.736352217400824    0.02786877201366753      4.877898912404145
