#! FIELDS time e sigma_e height
#! SET action OPES_METAD_state
#! SET biasfactor       4.240371756148875
#! SET epsilon    0.003891431002318289
#! SET kernel_cutoff        3.33135957893421
#! SET compression_threshold                       1
#! SET zed      0.1452080679080212
#! SET sum_weights       430.3419696545764
#! SET sum_weights2       1091.055796863911
#! SET counter  330
                      0      2.685189177116991    0.03322078864359819      341.2426237343785
                      0      2.389613500557376    0.03393136609378285      20.26366248559199
                      0      2.494310944005676    0.03435605592572203      143.0398161128917
                      0      2.548939766440285    0.02986987418887822        130.16218715957
                      0      2.231333655097738    0.03366910013905577      1.402207440191521
                      0      2.005739182025523    0.03653764537528374      9.411367473280933
                      0      1.786469066947407    0.03292339055415034      2.410792708292036
                      0      1.942466603027347    0.03391446552852078      8.450655871535783
                      0      2.087312611481751     0.0312798870207797      2.079221421762688
                      0      1.661936168875753    0.03439176762148854      1.567346188036556
                      0      1.889601634972772    0.03235621921372223      3.929693558172663
                      0      2.733531666587702    0.02992755025882701      40.20060676793558
                      0      1.473061210125193    0.03281206924037505     0.0263358643227399
                      0      1.843809722333562     0.0283491772191625      3.138330792831558
                      0      1.589469330436086     0.0313874436084535     0.1565173415620019
                      0      2.640007666662644    0.02952384113349111      180.8933816863876
                      0      2.318017562863361    0.03226400249376188      8.915847676395551
                      0      2.149042095147769     0.0285917324201458      1.737914573720675
                      0      1.433614198982337    0.02666540866485168    0.07614881002448981
                      0      2.443356550571815    0.02808823220047283      41.92024085386882
                      0      2.587162531414825    0.02647882116682586      24.04325799861762
                      0      1.718528925516757    0.02532030668971347     0.3332960204758527
                      0      2.191499548606135    0.02330427312849825     0.3008850985514898
                      0      2.354975750430464    0.02288442510395151      1.935896762029665
                      0      1.748201216752398    0.02276175177205604     0.1521258343616356
