#! FIELDS time e sigma_e height logweight
#! SET action OPES_METAD_kernels
#! SET biasfactor       2.698418390276557
#! SET epsilon     0.01374333274381851
#! SET kernel_cutoff       2.928208142815685
#! SET compression_threshold                       1
                   1000      2.395710321497638    0.06053155025577301    0.06672079877255445     -2.698418390276557
                   2000      2.559838540425648    0.05864798432487975     0.1015791311921025     -2.309708522163541
                   3000      2.530347477709549    0.05311981846538565      1.214977675754955    0.07293122825591934
                   4000      2.643599645316536    0.05061490424307776     0.4536980416537277    -0.9604218877534574
                   5000      2.665703338180223    0.04789254888647979     0.9849170480796128    -0.2405824820150531
                   6000      2.714036393077537    0.04585398962563151      1.127177031140029    -0.1491660480910025
                   7000      2.718290331574909    0.04443804807908092      1.637249316037579      0.192769066336947
                   8000      2.672381539974854    0.04328904270575485      1.891679872982773     0.3110202414555712
                   9000      2.677814097844159    0.04230975339600324       2.12630355360787     0.4050581252818248
                  10000      2.691153735400835    0.04141171891510724      2.250311119655652     0.4402878261956439
                  11000      2.397422111047125     0.0412044410371798     0.1944924708033875     -2.013160346706556
                  12000       2.50996351519056    0.04060148563635556     0.7146430829205138    -0.7265119499042815
                  13000      2.451798346442109    0.04013358715776084     0.5613789214248323     -0.979490155712488
                  14000      2.597041829180912    0.03942762561807057      1.201610109209691    -0.2362154186792113
                  15000       2.45015037235722    0.03889612336215482      0.847198870074758    -0.5992697914766805
                  16000      1.925820583563305    0.03881401981727217     0.1040529531086851     -2.698418390276557
                  17000      1.766893482092047    0.03873254749679918     0.1042718242155374     -2.698418390276557
                  18000      1.861323720740388     0.0386197268459854     0.1482246381444754     -2.349607688760998
