#! FIELDS time e sigma_e height logweight
#! SET action OPES_METAD_kernels
#! SET biasfactor       4.240371756148875
#! SET epsilon    0.003891431002318289
#! SET kernel_cutoff        3.33135957893421
#! SET compression_threshold                       1
                   1000      2.495199286948263    0.06284082615044533    0.01375115918422312     -4.240371756148875
                   2000      2.697924751005417    0.06239242247803167    0.01804906198657396     -3.975562291923863
                   3000      2.304801943290347    0.06174559590908711    0.02728064579579583     -3.572899683988487
                   4000       2.06522561394863    0.06142051257007966     0.0140691467313449     -4.240371756148875
                   5000      1.646808804725957    0.06110140702198213    0.01414262364452556     -4.240371756148875
                   6000      2.733006745121118    0.05419630958172145      1.006967715007861   -0.09478819233847045
                   7000      2.537214199797082      0.053146655769902     0.1214790143106106     -2.229303132860659
                   8000      2.469007306841351    0.05046567633562737     0.4657451420947233    -0.9371678333877351
                   9000       2.58205720119993    0.04796722579516124     0.6830966607490804    -0.6049454860938044
                  10000      2.531641140849865    0.04717692377793226      2.081144191555738     0.4924781423695939
                  11000      2.512432348231357    0.04645387529930808      2.932768613914144     0.8200622253351559
                  12000      2.666464035645423    0.04547050075211467     0.6053618928728347      -0.77920961138959
                  13000      2.696103402581218    0.04416193979451579      1.107187775663901    -0.2046579696574231
                  14000      2.444044176377471    0.04293822558472324      1.355414847565594   -0.03047452571792955
                  15000       2.71243736757575    0.04182708720759123      1.720779706090612      0.181977092357687
                  16000       2.75144894354742    0.04086964838289445      1.734821727786542     0.1669477895756532
                  17000       2.56991304654114    0.04003646585854367      2.148937967984716     0.3604198747759719
                  18000      2.239919650239737    0.04000294848321746    0.04139152917896288     -3.590070427034312
                  19000      2.725674984162078    0.03939832389353529      2.932250774506726     0.6551490229570631
                  20000      2.282693101799302    0.03934644356894584     0.0767804325179413      -2.98874442709979
                  21000      2.655886413468322    0.03866888124883051      2.012298958350379     0.2599684411014662
                  22000      2.578711806565869    0.03806802862959681      2.490963331018994     0.4576997396375365
                  23000      2.598989121622938    0.03752806213239239      2.671995844018439     0.5135701147211497
                  24000      2.363624379155415    0.03742191665310773     0.2354416299632849     -1.918380274698159
