#! FIELDS time e sigma_e height logweight
#! SET action OPES_METAD_kernels
#! SET biasfactor       2.698418390276557
#! SET epsilon     0.01374333274381851
#! SET kernel_cutoff       2.928208142815685
#! SET compression_threshold                       1
                   1000      2.673295831540433    0.06053155025577301    0.06672079877255445     -2.698418390276557
                   2000      2.453987164857092    0.05920511112449938    0.06821562036279934     -2.698418390276557
                   3000      2.690577744859126    0.05329017219085162      1.099235344393782   -0.02397783809353473
                   4000        2.5599988982885    0.05130962606085008     0.2991780312421494     -1.363182645706711
                   5000      2.350934419645577    0.05032539411987338      0.156934994794993     -2.027758364500408
                   6000      2.473658755266256    0.04798155847984401     0.6110370000681505    -0.7161255885415488
                   7000       2.46857848955493    0.04618594681117923      1.429060884370401    0.09534851233429222
                   8000      2.635888889203124     0.0445121993576914      1.143609694390955    -0.1643916092386551
                   9000      2.278107655241416     0.0440260184778342     0.2093670371937514     -1.873230182467719
                  10000      2.579107662321185    0.04277145926398095      1.356232333841403   -0.03376300921465943
                  11000      2.656208671114271    0.04199766065371095      1.993691822938364     0.3332574631967147
                  12000      2.026867744903734    0.04185352391222234    0.09649637608714677     -2.698418390276557
                  13000       1.70686921002074    0.04171119211380443     0.0968256522850512     -2.698418390276557
                  14000       2.64979693712772    0.04162993620771736       2.97029877227492     0.7231375111010058
                  15000      1.920581634771266    0.04151223512532469     0.1028835685082534     -2.642513689112184
                  16000      2.771571688917359    0.04105614380579518     0.4659654701328417     -1.143047817150024
                  17000      2.370797005294743    0.04052471340986792     0.6085195568936018    -0.8891587941176478
