#! FIELDS time e sigma_e height logweight
#! SET action OPES_METAD_kernels
#! SET biasfactor       3.469395073212715
#! SET epsilon    0.007640039155174105
#! SET kernel_cutoff       3.122291642622147
#! SET compression_threshold                       1
                   1000      2.728641350622427    0.06206017502565676    0.03010226110527593     -3.469395073212715
                   2000      2.512669336642024     0.0613590197611887    0.03044624246170084     -3.469395073212715
                   3000      2.659232431319555    0.05454168425597571     0.7527286867793883    -0.3794297299984526
                   4000      2.095848625188225    0.05417132039559369    0.03448598961995027     -3.469395073212715
                   5000      2.503777593956822    0.05196656399940295     0.2718259707920127     -1.446337281183974
                   6000      2.705379174812487    0.04961433696662329      1.616820223849238     0.2903966770826863
                   7000      2.538691426498457    0.04777285066302222     0.5581874470730976    -0.8109475082034575
                   8000      2.653705946492251    0.04621448436328205      1.954144847422401     0.4089013806308119
                   9000      2.475128422907589    0.04509038241454211     0.5687191030495914    -0.8500442231874203
                  10000      2.557711829980434    0.04369764090483134      1.070773095794772    -0.2486695384322012
                  11000      2.440527446500869    0.04280903587204165     0.6303479605836605    -0.7990786570925359
                  12000      2.680096563561337    0.04210592449943325       2.39007078462216     0.5171668755191389
                  13000      2.723759416761234    0.04116323368389793      2.049329990963398     0.3407138154586725
                  14000      2.592647048951484    0.04030479047166829      1.427739218645345   -0.04178200282517756
                  15000      2.496456010194307     0.0395933465994685      1.181628981123223    -0.2487894942915355
                  16000      2.512267689013625    0.03889273497307339      1.583697701147488    0.02622533928632014
                  17000      2.598136656110696     0.0382575463253384      1.704873014072124    0.08348689755449165
                  18000      2.664595944071209    0.03775975149652522      2.462254222766308      0.437976478972659
                  19000      2.596483814948207    0.03722724003293127      1.994707639123702     0.2131936828336216
                  20000      2.654499101950932    0.03680092675312314      2.628910967857483     0.4777481459165143
                  21000      2.015654336322296     0.0367724789033917    0.05874376379488529     -3.324165132481174
                  22000      2.219268667318956    0.03674693843391325    0.05283325708967587     -3.430904065385851
                  23000      1.947667811293961    0.03671744592439252    0.06135695802303506     -3.282139253372676
                  24000      1.854372516660092    0.03669192130003142     0.0531668676998463     -3.426107823702018
                  25000      2.158519247867562    0.03665106253725094    0.08622391296338203     -2.943709870059088
                  26000      2.106338466207729    0.03659140208095062     0.1281527651954205     -2.549063513834964
                  27000      1.887055868628652    0.03653956250173624     0.1116352946263082      -2.68846700341872
                  28000      1.830427012029905    0.03647407585322122     0.1433171089519935     -2.440438363305458
                  29000      2.044027947341974    0.03639879674603615     0.1673460919440705     -2.287500048740795
                  30000      2.678502766036279    0.03674237949099292      4.867239560567513      1.092113232188017
                  31000       2.54744819726575    0.03629268213721767      2.644221468230419     0.4696482457596461
                  32000      2.436544349372721     0.0360011052850406      1.017589776247912    -0.4933580552479973
                  33000      2.639266065062781    0.03588891027117246      4.557458936626747       1.00284899691999
                  34000      2.287402844681134    0.03586956274345524    0.06112474328692654     -3.309293991787714
                  35000       2.49637213618255    0.03547405493821162      2.414282271974328      0.355859067312851
                  36000      2.646697523621152    0.03543822432648693      5.322968432142718      1.145477582314639
                  37000       1.55529289485115    0.03542429558840303    0.05273644999374462     -3.469395073212715
                  38000      2.342101754444592    0.03539241802272857     0.1225907218700623       -2.6267508815731
                  39000      1.891767823687265    0.03533889292058302     0.2103523191977821      -2.08833186593003
                  40000      1.650112389213197    0.03532480526851905    0.05404242545043222     -3.447745030630048
                  41000      1.477595888744837    0.03530974783762025    0.05791138258126009     -3.379026817069064
                  42000      2.241156503497976    0.03527630822589502     0.1307355576797714      -2.56571161833611
                  43000      1.942595346001883     0.0352223094065684     0.2156833169083183     -2.066608962954705
                  44000      1.964245535393456    0.03514984391723117     0.2963354433666769     -1.750987596141568
                  45000      1.656536849072003    0.03512242163072995      0.109012891880616     -2.751793972406064
                  46000      2.047171701850542    0.03505280623610448     0.2879860953047029     -1.782331968352597
                  47000      1.993191135191576    0.03495365130058347     0.4260669428942716     -1.393480428993541
                  48000      2.127474275449387    0.03489368066751274     0.2519255852097178     -1.920660350973821
                  49000      2.688413563309359    0.03503260009274957      6.508337110793352        1.3350184844369
                  50000      2.330263652696136    0.03498986575893784     0.1972590342130874     -2.162523611883115
                  51000      2.676035550648008    0.03518789456628855      7.627412716265883      1.498106251114495
                  52000      2.696161807144619    0.03511440706408601      7.228751783668785      1.442333318938047
                  53000      2.704078836845565    0.03496432329842432       7.29901132650799      1.447722549319328
                  54000      2.535197708074275    0.03465981902331881      2.853789381829256     0.4998842193608287
                  55000      2.449338297302332    0.03446205765647169      1.577050146091428   -0.09892951557312207
                  56000      2.594690205279779    0.03415176061374535      3.788516551211184     0.7684441089561166
                  57000      1.774033648413951    0.03413928606976924    0.08803512385531011     -2.993915166332418
                  58000       1.81917051581693    0.03410984789988265     0.2114753163681436      -2.11840541969371
                  59000       2.00525463033416    0.03404437417609788     0.4900747508253315     -1.279877112519714
                  60000      2.633043436774284    0.03383974050026075       6.77290894571001      1.340221980480683
                  61000      2.545416480774469    0.03359649576092203      2.774683350333717     0.4406138391782176
                  62000      2.624978803787696    0.03333886593936432      5.487034091718999      1.114767170743555
                  63000      1.871833741338553     0.0333054889095083     0.2947623439369838     -1.810208207798077
                  64000      2.636056606243627     0.0331390208845606      7.378228316986343      1.404900448859757
                  65000      2.240385280993973     0.0331216014419303      0.163347720818014     -2.406032974942782
                  66000      1.943452005782843    0.03307998341922965     0.4024408408370376     -1.505623365512109
                  67000      1.738419648077497    0.03306946177386391     0.0987305488839491     -2.911095178650064
                  68000      2.746891788045725    0.03285264098444775      3.047681825711506     0.5120688192274436
                  69000      2.175417568518959    0.03283335610753368     0.1901706765291031     -2.262732921609754
                  70000      1.769956310962398    0.03281517482890234     0.1795458614591931     -2.320778114690453
                  71000      1.694157218760455    0.03280217178497081     0.1279578371042608     -2.659904303016353
                  72000      1.934085336112467    0.03275519882557047     0.4830795197673825      -1.33285687165486
                  73000      1.786017272254318    0.03272841973331755     0.2702668154442527     -1.914446359365682
                  74000      2.020640597785544    0.03267986139414902     0.5060795218586122     -1.288646997763727
                  75000      2.492263077358349    0.03250267015725238      2.402361663793779     0.2634299625213049
                  76000      2.376654793794746      0.032470755285428     0.3379604159605141      -1.69883121825472
                  77000      2.477550940547903    0.03229667918080041      2.468787655419003      0.284347053360018
                  78000      1.701058464822244    0.03227959071257649     0.1837390786341631     -2.314147976849083
                  79000      1.875896687549005    0.03224294016281896     0.4056941722180644     -1.523201126254534
                  80000      1.585988267170747    0.03223454416742568    0.08996860990393805     -3.029600332814555
                  81000      1.512222578930305    0.03222579914566203    0.09386251402195366     -2.987501398937813
                  82000      2.408206861026005    0.03214953217353714     0.9054648793113614    -0.7232534513846904
                  83000      2.699194832333387    0.03197957775965097      6.675203697660677      1.269152662157764
                  84000      2.362122671447777    0.03194339672505502     0.4332480534633441     -1.466823921299173
                  85000      2.274008968773967    0.03192666077220851     0.1959253513654873     -2.260924693278202
                  86000      2.663601777797906    0.03181309134026442      7.957776796549101      1.439682984144661
                  87000      2.683417996454638     0.0316893911209164      8.005295089356908      1.441740606592409
                  88000      2.678158723207658     0.0315760538397353      8.452719946107935      1.492542757908989
                  89000      2.679100019930355    0.03146324414802354      8.714948251037676      1.519515190898996
                  90000      2.581756869617914    0.03130085000063036       3.55464184708262     0.6175550034552794
                  91000      2.711179973885884    0.03112939046239191      6.531181921357476      1.220395767234098
                  92000       2.62278852512278    0.03095809974243512      5.996563006970991      1.129476579712929
                  93000      1.778615871821946    0.03094152358676417     0.2765406497846101     -1.947642928349491
                  94000      2.329970373527428    0.03092402104241776     0.2931955410223039     -1.889726817366545
                  95000      2.406479450694018    0.03087662674794555      0.841252467622318    -0.8372085452162509
                  96000      2.176388311512112    0.03086455079270494     0.2024829106691538     -2.261836048174102
                  97000      2.513298583775474    0.03074708899686058      2.548892423801244     0.2671096819889557
                  98000      2.412432799411699    0.03069206432855782      1.025371419322888    -0.6452855247012009
                  99000      1.945553293344657    0.03066430192863913     0.4940223378986056     -1.376419932235321
                 100000      1.843714823310419    0.03064527995411963     0.3345312622903547     -1.766890853952144
                 101000      2.107808000850012    0.03063238183564206     0.2250264458287963     -2.163824229539179
                 102000      2.052108841469964    0.03061013476934502     0.3955367605689173     -1.600524955503162
                 103000      2.017158355567712    0.03057817615278409     0.5809084457477575      -1.21722012034752
                 104000      1.672821137148955    0.03056813689570988     0.1760839775315403     -2.411180626364152
                 105000      2.564131327588243     0.0304420387119222      3.076490751244866     0.4452695242312683
                 106000      2.387946578190516    0.03039840241147364     0.8387185413029483     -0.855834605487917
                 107000      2.488814772720691     0.0302917391414045      2.490033771220336     0.2288267506479043
                 108000      2.603477000934277    0.03014594110061755      4.952816153849338     0.9116620631366447
                 109000      2.684205391980492    0.03003982818573411      8.276141424338157      1.421556393367978
                 110000      2.362599190430828    0.03000851114813531     0.6514564633277578     -1.121408225792448
                 111000       2.38877373660264    0.02996227110643603      1.001846918599429    -0.6925603866830304
                 112000        2.4657931865138    0.02987492185981611      2.167055432717651    0.07604413507797186
                 113000        2.6493893965991    0.02976354076184175      7.910099771846992      1.367080012959417
                 114000      2.531566483404859    0.02966025613646172      2.963847006757824     0.3819514991527312
                 115000      2.395831510190471    0.02961200053822173      1.149311993276298    -0.5670013628394971
                 116000      2.450595372848476    0.02953700517653513      1.966505663745354   -0.03244247923059635
                 117000      2.600172109246648    0.02941213456366393      4.950535058733342     0.8865584306417912
                 118000       2.50372370729534    0.02931484797373235      3.002003398720737     0.3830294475885124
                 119000      2.383459389979962    0.02926985503480417      1.144449551729875    -0.5828626336531857
                 120000      2.511008336398373    0.02917023636735247       3.26390393807323     0.4617283306535441
                 121000      2.671071503296828    0.02908585061595158       8.59184266620642      1.426720486514458
                 122000      2.340242976905482     0.0290616492098668     0.6210795274427168     -1.201221295535488
