#! FIELDS time e sigma_e height
#! SET action OPES_METAD_state
#! SET biasfactor       4.240371756148875
#! SET epsilon    0.003891431002318289
#! SET kernel_cutoff        3.33135957893421
#! SET compression_threshold                       1
#! SET zed      0.1225277199458938
#! SET sum_weights       379.5527591322423
#! SET sum_weights2       1011.092032994214
#! SET counter  263
                      0      2.494165178366015    0.03212153256157481      93.87929507896602
                      0      2.612210772534672    0.03288367546718997      170.7604112757501
                      0        2.7186815988752    0.03130006156787236      132.2700701033633
                      0      2.441459528773587    0.03424652121709808      39.75757952409091
                      0      2.281530032629739    0.03151136855640935      2.742190431015354
                      0      1.810782922007756    0.03371592156182956      1.006150228894671
                      0      2.150559495333948    0.03425235778223314      2.108294529727609
                      0      1.965086692954695    0.03472159581688512      2.131107781432886
                      0      2.043117804837579    0.03551310346758222       3.00316625648517
                      0      1.761882313475631    0.03235476544076878     0.4108732867084076
                      0      1.897869119695702    0.03370313574908296      1.894711392591942
                      0      1.709694816009834    0.03545216604039317     0.5154925821882007
                      0      2.547287837488712    0.02891183168321493      83.57734077327495
                      0      2.672213723037581    0.02998696209962895      285.3658350835248
                      0      2.386412804877384    0.03180996587441334      11.08292862837955
                      0      2.336967900821457    0.02733723904550141       2.88859263983811
                      0      1.556355447137751    0.03143443838277775    0.08111104750717343
                      0      1.644584692785827    0.02878198432871095     0.1469277088915893
                      0      1.604117754636442    0.02643602192170924     0.3564807563264361
                      0      1.853892280108357    0.02887403344131459      2.515098045319617
                      0      2.104922842285926    0.02645992793801244      1.113960059666454
                      0      2.769183085619384     0.0250784624351025      6.336975129693027
                      0      2.234861511288502    0.02474795762834399     0.3570640853716281
                      0      2.812717592160882    0.02457671302804619     0.2684723076465352
                      0      1.436875342409345    0.02433317051652949    0.03551260215251684
                      0      1.509592887238908    0.02432052607049063    0.04065122345988178
