#! FIELDS time e sigma_e height logweight
#! SET action OPES_METAD_kernels
#! SET biasfactor       2.698418390276557
#! SET epsilon     0.01374333274381851
#! SET kernel_cutoff       2.928208142815685
#! SET compression_threshold                       1
                   1000       2.69146868192923    0.06053155025577301    0.06672079877255445     -2.698418390276557
                   2000      2.451719328061536    0.05920511112449938    0.06821562036279934     -2.698418390276557
                   3000      2.678570707489825    0.05329934546900437      1.111607222744505   -0.01261359478074531
                   4000      2.614118408041172    0.04972814440789817      1.136248055074133   -0.06004184872350055
                   5000      2.509093381929572    0.04824591213595774     0.3702427020275927     -1.211629997557134
                   6000      2.655412696366341    0.04638806766815916      1.636438285107769     0.2352198043483165
                   7000      2.504395011822187    0.04518530489710389     0.5446474215786237    -0.8911892676940276
                   8000      2.599556817505979    0.04370763932202532      1.366470424749241  -0.004590579452564153
                   9000      2.379805817398298    0.04344801770394591     0.1333594553380185     -2.337486458711251
                  10000      2.766654317969115    0.04272276537640893     0.4577067676100419     -1.121139182376862
                  11000      2.671049349336905    0.04196391289620893      2.126648666863724     0.3970128147616305
                  12000      2.519722084257926    0.04107635265399759     0.9881629907891244    -0.3908195919263555
                  13000      2.554708272791554    0.04020838780064692      1.506452764661604   0.009488788135452732
                  14000      2.692705987762666    0.03949001587253921      1.918348099706334     0.2331677659918093
                  15000      2.542451028802419    0.03880033188584682      1.695245633223074    0.09191188481833133
                  16000      2.141337155123991    0.03871685037777247      0.104314099535453     -2.698418390276557
                  17000      2.002319763537492    0.03863402397439128     0.1045377356157173     -2.698418390276557
                  18000      1.920742607378081    0.03854070703916809     0.1196420609310539     -2.565880373075796
                  19000       2.40244321983587     0.0383417921152374     0.2740716660712712     -1.742169734782868
                  20000      2.656304772511447    0.03815427693211391      3.045832229770351      0.661067471625811
                  21000      2.108588315373072    0.03803146153435843     0.1943280749417649     -2.094138250214788
                  22000      2.484992655421859     0.0374850401072893      1.509017024799669   -0.05894417741647611
                  23000      1.726119805834314    0.03742187862659233     0.1079238544998179     -2.698418390276557
                  24000      1.992310847249229    0.03728414349043316     0.2488510173026846     -1.866677319121548
                  25000      2.036606276230406    0.03710445912653408     0.3412637124995883     -1.555707157882646
                  26000      2.429626335121674    0.03673257534713135     0.8926068608635691    -0.6042896296530148
                  27000      2.453153183632881    0.03627852686494176       1.62204366386004   -0.01943166730760974
                  28000      2.292318026142734    0.03622434151801465     0.1114916990829968     -2.698418390276557
                  29000      2.285553199940716    0.03611122331328747     0.2452138052055396     -1.913365624784141
                  30000      2.346146509376794    0.03592678443483831     0.4337173998930547     -1.348223569668321
                  31000      2.712684065639849    0.03563637260876893       2.72489862480708     0.4814534820641796
                  32000       2.64715590869016    0.03560662212683526      3.769161594623267     0.8050396611698134
                  33000      2.584314226605049    0.03525818154483312      2.671752027697637     0.4510874880301162
                  34000      2.326703239650004    0.03508816342041977     0.5602522018153784     -1.115848949362849
                  35000      2.207696069242805    0.03502952630963652     0.1771932871518392     -2.268667371942902
                  36000      2.561111387615389    0.03474216693026283      2.998342968614357     0.5516693645756796
                  37000       2.67717713112682    0.03466006961526537       4.19032337457472     0.8840216392410485
                  38000      2.423527169710621    0.03438145583721054      1.441536987627948    -0.1911173208037226
                  39000      2.723955816604882     0.0340924211481552      2.982238883499322     0.5274048652636082
                  40000      2.673958721776298    0.03397095876144102      4.357704563549193     0.9031068857948223
                  41000      2.681713189962367    0.03384784837324627      4.614956955721569     0.9568334124223541
                  42000      2.642959352656247    0.03365530888845956      4.338036524502188     0.8892480813169028
