#! FIELDS time e sigma_e height logweight
#! SET action OPES_METAD_kernels
#! SET biasfactor       5.011348439085033
#! SET epsilon    0.001910020759284688
#! SET kernel_cutoff       3.538542402811424
#! SET compression_threshold                       1
                   1000      2.630662739022943    0.06321896844457647   0.006322704301097473     -5.011348439085033
                   2000      2.096098996730618    0.06305404047490903   0.006339242349656035     -5.011348439085033
                   3000      2.627946803830675    0.05510756743335563      1.088501622552431 -0.0002554231823051239
                   4000      2.628491559112944    0.05167384964808337      2.014426676767484     0.5509419090668246
                   5000       2.50439731373355    0.05072793538713499     0.2269906715320874     -1.650714166454676
                   6000      2.082722130945747    0.05063048238508226    0.02270840339778047     -3.954810977897208
                   7000      2.448842754689966    0.04984198502787172      0.205346817286486     -1.768541798198759
                   8000      2.284268790919261     0.0498036386513673     0.0096288135162357     -4.829251783371636
                   9000      2.502200613568831    0.04765223036199004     0.8877403049898075    -0.3494911541376011
                  10000       2.65004627256305    0.04647417732705218      2.820642304375737     0.7815168963445659
                  11000      2.660903303999408     0.0453152192313178      3.442370969226969     0.9554588484265929
                  12000      2.684537469327669    0.04395150597237591      3.333089113161062     0.8926418624952694
                  13000      2.404773019814963    0.04373921896032935     0.2102606160197872      -1.87550689258826
                  14000      2.508826414057685    0.04308877517633744     0.7651165726434986    -0.5988091099999677
                  15000      2.543077984974485    0.04226825744881459      1.165379936600023    -0.1972610131066026
                  16000      2.451634741437278    0.04173327281470836     0.7448813918810604     -0.657576121157961
                  17000      2.341177963492836    0.04165673376164276    0.09537108331954584     -2.714861388060813
                  18000      2.240741421510548    0.04163792197743773    0.02320173439843873     -4.128861468751725
                  19000      2.509928873804033    0.04080062390267408      1.646558118029457     0.1130399309371676
                  20000      2.567931856915672    0.03998091868914833      2.133008457670142     0.3515911499380001
                  21000      2.365210857537354    0.03984223117310398     0.2307729321884547     -1.875738157171623
                  22000      2.308677336066081    0.03976157176377913     0.1330877661390623     -2.428190122546339
                  23000      2.635678285081843    0.03923050387929408      3.942436065217846     0.9469088650620761
                  24000      2.768434391718848    0.03900660634811912     0.4762389455898787     -1.172449101066853
                  25000      2.505342612675187    0.03839242871745288      2.073634800597852     0.2828187188456369
                  26000       2.73102588985668    0.03787580076823026      1.716130092319598    0.08003965334674412
                  27000      2.005406926593447    0.03786791188048246    0.01845243179457622     -4.452799573573146
                  28000      1.702622491265334     0.0378633949927974    0.01055676184799343     -5.011348439085033
                  29000      1.956433144451176    0.03785481880879776    0.02009698579954915     -4.367771712515618
                  30000      1.878102397616839    0.03784914727499686    0.01328403112645696     -4.781928743971037
                  31000      1.782848581547861    0.03784376103099945    0.01262250450258466     -4.833152416501028
                  32000      2.568321447780062    0.03737617591142855      3.771562499614805     0.8541783032349024
                  33000      2.526465263686257    0.03693256485302498      3.884441920313664     0.8717284396240037
                  34000      2.645670761243598    0.03670534536317503      5.279023739077989      1.172319015175763
                  35000       2.44137755676836     0.0364095553112154      1.280140342146429    -0.2525435992557267
                  36000      2.296545451357462    0.03636262415884652     0.1701897660070982     -2.271644317800315
                  37000      2.410439863596594    0.03614238892931777     0.9303302837633525    -0.5790937892105263
                  38000      2.548880779138609    0.03576215524437386      4.148336803148142     0.9052531395512908
                  39000      1.755864551009914    0.03575675610692956    0.02174507165608597     -4.345973466572658
                  40000      1.897989088775794    0.03575062379658976    0.02472759766782557     -4.217612188971268
                  41000      1.945787557451733    0.03574115694921676    0.03829359751450739     -3.780514245236498
                  42000      1.937316746570325    0.03572620475135623    0.06079290073451297      -3.31874237711615
                  43000      2.030980541539869    0.03571678064684466    0.03823841754059625     -3.782638511705272
                  44000      1.753566108968107    0.03570763877580754    0.03713033944638029     -3.812300793743322
                  45000      2.057171843001812    0.03569461785946007    0.05309450580817203      -3.45502646990135
                  46000        1.9563504740137    0.03567231644161471    0.09170629808336921     -2.909133844757151
                  47000      1.825550892284268    0.03566525765159936    0.02879014362803588     -4.067889707857685
                  48000      1.838320156779516    0.03565354879024406    0.04795917326183174     -3.557901062056016
                  49000       1.53518521287522    0.03565079794417139    0.01121194662518961     -5.011348439085033
                  50000      1.977634211066951    0.03561841690100178     0.1349249596117612     -2.524518239268553
                  51000      1.871867994060092    0.03559841300133777    0.08293459662501097     -3.011746478256425
                  52000      1.905313880102445    0.03556233552738214     0.1517938173303933     -2.408289619134174
                  53000      2.113206920178843    0.03555009995314589    0.05080593456405797     -3.503143703449008
                  54000      2.191195044245833    0.03554316952533515    0.02871072013042801     -4.074081263805809
                  55000      1.545912998472627     0.0355378885020091     0.0218707859235046     -4.346348661927773
                  56000      1.743643485995849    0.03552084675560224    0.07123868693261226     -3.165944057875519
                  57000      2.050402903411607    0.03549204275250138     0.1217523845859542     -2.630801969972114
                  58000      2.052587953108462    0.03544771247048711     0.1903908848307868     -2.184961871220797
                  59000      2.024256512615895    0.03538666601140916     0.2673787323196249     -1.847098631940645
                  60000      1.843890375452531    0.03535318927565385      0.144578122352667     -2.462891232390698
                  61000      1.608395221125605    0.03534905526481771    0.01753231377547879     -4.572782494703466
                  62000      1.952636798068141    0.03528241989961238     0.2972600112611739     -1.744107806555071
                  63000      2.197829605786855    0.03526985186429647    0.05414524296726975     -3.447401176598589
                  64000      1.841766971908952    0.03521892152433193     0.2266589138043424     -2.017070054607243
                  65000      2.508370309403273    0.03492617163488706      4.640135177633063     0.9936353884518868
                  66000       2.34353474763315    0.03484025533986502     0.4361212281677364     -1.373406109360791
                  67000      2.174799828890119    0.03482474910372092    0.07477786201884191     -3.137249647191881
                  68000      2.656212238002657    0.03466959202218152       5.91437706164581      1.228904606808656
                  69000      2.480310663076645    0.03434511410871822      3.761626614172429     0.7669666818693968
                  70000      2.442984880286436    0.03405882887288023      2.606316835292691     0.3916827786572388
                  71000      2.097503167635979     0.0340290494121096     0.1807231783272943     -2.277918827870604
                  72000      1.984651251237794     0.0339718875947308     0.3583047836502398     -1.595182518868807
                  73000      1.527989745744074    0.03396607683107228    0.03487780502288178     -3.924886887254014
                  74000       1.99737179857299    0.03389078722208652     0.4860489847452407     -1.292647216634237
                  75000      2.291353298187143    0.03384597056535497     0.2829022088315387     -1.835178600788214
                  76000      1.697744727229566     0.0338372950821863    0.05313137829093065     -3.507768560235847
                  77000      2.165207472943902    0.03381852041416596     0.1162614970507374     -2.725249308594313
                  78000      2.230776149006615    0.03379441608005145     0.1504538018989293     -2.468148184156191
                  79000      2.381756302917522     0.0336475209037686      1.074358987998689    -0.5066809883447332
                  80000      2.696981068089354    0.03339342996210156       4.49872404211556     0.9178084210624513
                  81000      2.518901628169681    0.03317713656612731      5.165696958712592       1.04955645105149
                  82000      2.680304544671564    0.03296915483381391      5.322661078069673      1.073201241071011
                  83000      2.736726317033316    0.03274551413929537      2.737036254255607     0.4012970935854449
                  84000      2.505460550902341    0.03256564696731045      5.714776938685755      1.131968662165403
                  85000       2.49327118212078    0.03239162215277658      5.893198466135752      1.157354135182236
                  86000       2.51624770538818    0.03227155471953813      6.904221057970068      1.311974593254732
                  87000      2.615995520899693    0.03206060848359202      4.714735719636161     0.9239764278407985
                  88000       2.47864103046718    0.03187800525588005      5.750936954621082       1.11693450951391
                  89000      2.730252574915395    0.03169925310842429        2.9566807809391      0.446015838488185
                  90000      2.390059292311023    0.03161182383467605      1.119507704730506    -0.5279243003015855
                  91000      2.765825145680483    0.03149717420445341      1.593442759835641    -0.1785497950114665
                  92000      2.671955831364936    0.03134272597234775      6.144824699317882      1.166247866776297
                  93000      2.706768740405503     0.0311656969131945      4.978880350829815      0.950178506443738
                  94000      2.675412859722223    0.03103201422354862      6.681598133243727      1.240032026704895
                  95000      2.450551408465041    0.03087056868575286       3.56230524419339     0.6058665738811612
                  96000      1.770024435804669    0.03086470631781215    0.08065758637496845     -3.182273634906112
                  97000      1.931557283784493    0.03084523903641356     0.2742935023828587     -1.958918719305032
                  98000      2.067732148866885    0.03082812796550991     0.2408325429725824     -2.089570472808002
                  99000      1.817425995323091    0.03081741698155744     0.1495071686249175     -2.566675482288209
                 100000      1.653663270834176    0.03081532039864746    0.02889815589098265     -4.210310076272467
                 101000      1.694838371071639    0.03081092564570555    0.06082051804731216      -3.46630328544334
                 102000      2.196141798418409    0.03080158301133231     0.1304446573234077     -2.703584701071977
                 103000      2.588368899221549    0.03064253601714738      3.919161679768531     0.6939223211386077
                 104000      2.267386788324981    0.03062863853537465     0.2025527438908171     -2.269164053788078
                 105000      2.692640913616697    0.03050257202102861      6.649113736111606      1.217950019415114
                 106000      2.692045861709801    0.03039247107740135      7.207526099845622      1.294976125319541
                 107000      2.551549989006919    0.03024271313368294      4.846183095331829     0.8931021095502738
                 108000      2.769459942149779    0.03014883846753495      1.918990765129893   -0.03639876023485845
                 109000       2.66383470716104    0.03006611449221156      7.990718282410476       1.38733486441671
                 110000      2.646926053588718    0.02996974894687465      7.766251711087936      1.355631584976373
                 111000      2.691276107307906    0.02987935938533953       8.09024580339354      1.393482472449771
                 112000      2.509269996874068    0.02974763015154369        6.0382557106241      1.096520088432166
                 113000      2.251758729192682    0.02973816701087452     0.1872650135578668     -2.377143737471371
                 114000       1.65408033695689     0.0297359508645728    0.04327755547958639     -3.842108909181428
                 115000       2.27764449465906    0.02972312568957799      0.256061609584869     -2.064756377667949
                 116000      2.092012946615671     0.0297132473970476     0.1964034790602465     -2.330335744617845
                 117000       2.20017264259712    0.02970524851877298      0.158661289891919     -2.544004415451211
                 118000      2.238413034604368    0.02969317220109877     0.2418999335702508     -2.122658571044377
                 119000      2.199409277841251    0.02968259415401029     0.2116205934820482     -2.256744004671128
                 120000      2.243938852002995    0.02966738334588573     0.3078566597549711     -1.882417318465605
                 121000      2.709248009627773    0.02955019911816065      6.850105264649085      1.216009939212652
                 122000      2.685667909992257    0.02947459175280362      8.699203873170353      1.452415546121937
                 123000       2.68003969142108     0.0294096399633043      9.240907741060164      1.510618069489496
                 124000       2.49110868107973    0.02928646116008911      5.406060405521671      0.970301392147452
                 125000      2.752606350974292    0.02918865343182871      3.138904357377745     0.4233092986914159
                 126000      2.685091521100349    0.02912662064489679      9.482467392466795      1.526752548444273
                 127000      2.549245224230125    0.02901573248020593      4.445935983529585      0.765484036754296
                 128000      2.333122848157413    0.02900120619145616     0.3708731138319206     -1.718902426400349
                 129000      2.575029146087514    0.02890017308105966      3.793598900353648      0.602818168302497
                 130000      2.346945187089067    0.02888056454131491     0.5192706519523456     -1.386505744918512
                 131000      2.484951595935609    0.02877033182472664      5.330450358539521     0.9384358786248237
                 132000      2.632565247749223    0.02866532296918023      6.692033614990849      1.162261377369163
                 133000      2.492381755628541    0.02855959010070901      5.928660925649209      1.037446596890253
                 134000      2.768003134288549    0.02849374830535932      2.267319066214276    0.07393824871398355
                 135000      2.297509310613621    0.02848215117086143     0.3320896840727529     -1.847417159641709
                 136000      1.457948335013814    0.02848158002673232    0.01591594172006757     -4.885521046894439
                 137000      2.378958077355951    0.02845346706202693     0.8471869143695246    -0.9119084745307938
                 138000      2.488056482173815    0.02835297164308858      6.255643543637381      1.083871305621324
                 139000      2.396411051105993    0.02831681230155638      1.158579324980238    -0.6036943250138187
                 140000      2.632253255402381    0.02822396980616076      7.160773340441333       1.21444503139024
                 141000      2.235767973428495    0.02821419889816301     0.2982396431794275     -1.964377147874643
                 142000      2.623688527019684    0.02811997671237402      6.680245187170784      1.141290368109554
                 143000      2.586600811874352    0.02803714390321948      3.781124871668402     0.5692071872706135
                 144000      2.595573015387922     0.0279504725451461      4.328673461625353     0.7013506792140206
                 145000       2.69154546105615    0.02787472133034189      8.281271170860201      1.347372150054891
                 146000      2.486582473240097    0.02778545358804489      5.537747126181976     0.9417558314300877
                 147000      2.047002018585844    0.02777885462924005     0.2239405001218279     -2.266444342662486
                 148000      2.118846481188854    0.02777527505436318     0.1204947574750427     -2.886347357227112
                 149000      1.815044534390898    0.02777178353906312     0.1175688478298791     -2.911055215591819
                 150000      1.745888048611642    0.02776971842187147    0.06928166640315513     -3.439973362460434
                 151000      1.703535778634741    0.02776790795829409    0.06071296779960144     -3.572061564515009
                 152000      2.106174145718819    0.02776306822211466     0.1638340603367317     -2.579539096573598
                 153000      1.758973572717185     0.0277604494642621    0.08812708350565727     -3.199707611150646
                 154000      1.829611538225973    0.02775611901210323     0.1465478989345893     -2.691291190174945
                 155000      2.577423563670986    0.02767711062134393      4.069561511877988     0.6297964350229934
                 156000      2.714127613426113    0.02759211998404325      6.530101157631457      1.099608096294336
                 157000      2.569022556110914    0.02751456358461734      4.240891068911606     0.6651442920909982
                 158000      2.654268064757766     0.0274486769719372      8.679954843279036      1.378989733099773
                 159000      2.427016369053534    0.02740613710413462      1.832949440916769    -0.1776512062251937
                 160000      2.455919152826273    0.02733746786686453      3.642744604444872     0.5066510580911435
                 161000      2.692808344732164    0.02727089340490514       8.47954284140558       1.34913193369375
                 162000      2.462400942228098    0.02719955975483513      4.196828589870734     0.6431853678745356
                 163000      2.401794507123437    0.02717020322824326      1.273041894850488    -0.5508144295713147
                 164000      2.556486423183633    0.02709899521459937       4.38477003452576     0.6832892688073309
                 165000      2.413553177515441    0.02706177931778538      1.720900949193632    -0.2533742257469422
                 166000      2.312007395609433    0.02705405151799463      0.315713797470577       -1.9494269692917
                 167000      2.276094713090594    0.02704673593593121      0.298823103299865     -2.004681740445329
                 168000      2.506976460003127    0.02697195716748903      5.803315045220473      0.958882454408041
                 169000      2.546479754744397    0.02690099154436803      4.881427681907679     0.7832563189381379
                 170000      2.269084445874654     0.0268934005292941     0.3222076148810309     -1.935022813696183
                 171000      2.432410525547235    0.02684436593083839      2.597188933144469      0.150141082307621
                 172000      2.551623237691744    0.02677486091771833      4.995609609601674      0.801678308233302
                 173000      2.658012027968382     0.0267189850944127      8.840733968262059       1.37039970401829
                 174000      2.452277487555935    0.02665901623358657      3.818392132332983     0.5286122776277142
                 175000      2.591643078750669     0.0265945788105596      4.570487712725119      0.705982748401035
                 176000      2.648449766864846    0.02653656812543385      8.450148991856935      1.318363222190387
                 177000       2.42913630018817    0.02649125608880291      2.647794543647805     0.1561972032162468
                 178000      2.634651798970702    0.02642828508710156      7.520278993435035      1.197693516664496
                 179000      2.578530408558956    0.02636395693930912      5.447332580538991     0.8727793017523928
                 180000      2.075505290028726    0.02635945323733594     0.2187359595891241     -2.342407535477137
                 181000      2.460553670773352    0.02629789253725086      4.918005265757865     0.7680472565921045
                 182000      2.239257164140855    0.02629157410962537     0.3140880645655709      -1.98317792242527
                 183000      2.579025757928258    0.02622879294199523       5.65048195085618     0.9042540549311355
                 184000      2.250225231880947    0.02622155219077768     0.3677256842490588     -1.828180928921287
                 185000      2.084176226282998    0.02621692998724907     0.2323528492425944     -2.287437338229826
                 186000      1.900928129000845    0.02621401420498004     0.1456233558721946     -2.754782146013566
                 187000      1.669510624881199    0.02621297554075882    0.05149326015495805     -3.794394375057685
                 188000      1.722398506337537    0.02621136447963258    0.08007573835564498     -3.352933849464951
                 189000      1.884406323961498    0.02620836758796391     0.1498719922072956     -2.726239563368624
                 190000      2.644454827552695     0.0261655619120385      9.694083537873702      1.441615307953154
                 191000      2.694092459019071    0.02611821245391771      9.312848238220472      1.399683281644708
                 192000      2.590038591040688    0.02605777846116802      5.830701079042339      0.929109005591243
                 193000      2.470667064784163    0.02599896035834776      5.453473700839184     0.8599647707204333
                 194000      2.352439251567932    0.02598704085528078     0.6695826896641448     -1.237847188997602
                 195000      2.365555480139639     0.0259710846611082      0.917696054187537    -0.9232498103354241
                 196000      2.269299121544836    0.02596387083716482     0.3980700922905351     -1.758765751673356
                 197000        2.6510187033959    0.02592931651234074      10.45732668591872      1.508332529039723
                 198000      2.525734338954535    0.02587141972207693      5.928868829085126     0.9386277524259952
                 199000      2.756134205020894    0.02583327734953777      2.687031845293835     0.1457560995318116
                 200000      2.526334924548015    0.02577638588799218      6.203077932156484     0.9801598444612718
                 201000      1.866170331777243    0.02577370737718246     0.1537893488789748     -2.717161161202726
                 202000      2.208099757240301    0.02576938989682864     0.2499493492265532     -2.231654197517281
                 203000      1.881646350470487    0.02576629442310067     0.1783026628855852     -2.569550161475684
                 204000      2.138938517842226    0.02576418014199303     0.1212919902973163     -2.954913898943991
                 205000      2.025345318937858    0.02575984686229834     0.2513158577144486     -2.226572339490025
                 206000      1.336527539835595    0.02575957438232486    0.01551713695897618     -5.011348439085033
                 207000      2.397540107463362    0.02573312439040915      1.747085330264885    -0.2886166395932987
                 208000      2.469521532682609    0.02567764801826633      6.056317642672541     0.9523782899947781
                 209000      2.715112326159967    0.02562383323093972      7.356318681397158      1.144737970200173
                 210000      2.627689877876529    0.02557623640424245      8.739279988192562      1.315146897759208
                 211000      2.729953998030923    0.02552328067850909      5.749576104896657     0.8943725724295474
                 212000      2.598153202324687    0.02547031298789049      6.655581857991319      1.038624894915059
                 213000      2.312394196340619    0.02546359124283993     0.4296167388463321       -1.7019566974774
                 214000      2.271549180944926    0.02545644480028725     0.4583906972746412      -1.63740902517182
