#! FIELDS time e sigma_e height logweight
#! SET action OPES_METAD_kernels
#! SET biasfactor       4.240371756148875
#! SET epsilon    0.003891431002318289
#! SET kernel_cutoff        3.33135957893421
#! SET compression_threshold                       1
                   1000      2.506025250257561    0.06284082615044533    0.01375115918422312     -4.240371756148875
                   2000      2.324854060540002    0.06186808178780998    0.04058991490600555     -3.173575801635416
                   3000      2.654175138161853    0.06030080177845255    0.07368019943175227     -2.603020342395906
                   4000       2.48317367545424    0.05479360594554575     0.4904091596143086    -0.8032862715929159
                   5000      2.648980391156654    0.05109813291838927     0.5512339052587697    -0.7561926529373694
                   6000      2.684615040662304    0.04889725692129073      1.472825479370699     0.1825593877462125
                   7000      2.672999896853744     0.0479711255430517      2.424909661439867     0.6620489871759075
                   8000       2.40192312347416    0.04734150259032462     0.2397232190337475     -1.665227493419782
                   9000       1.87754828709455    0.04729129421412379     0.0182725852193909     -4.240371756148875
                  10000      1.868466030460311    0.04712110921238237    0.06360467440425427     -2.996691797409508
                  11000      1.749506351452802    0.04704954457917163    0.02671071826444431     -3.865833736748467
                  12000      2.064666436664286    0.04700042617339073    0.01838566740809882     -4.240371756148875
                  13000      2.024856600581149    0.04683520719984906    0.06349693928802527     -3.004472925965902
                  14000      2.123641800509553    0.04665200525985554    0.07183220269326394     -2.885051048645942
                  15000      1.939818334905565    0.04628903773035322     0.1504787646714127      -2.15337269852387
                  16000      1.680799473589532    0.04614717347559526    0.05832912132358763     -3.104162651829914
                  17000      1.808557216741662    0.04570529125260692     0.1969902210232068     -1.896731679643779
                  18000      1.967969153337722     0.0447701628491813     0.5089106645575185    -0.9682854420240798
                  19000      1.582769964632201    0.04467107388496998    0.04767948790360694     -3.338272383299699
                  20000      2.041684307341904    0.04365056404812732      0.679385821628977    -0.7046944503880291
                  21000      2.566565035771241    0.04244320225366278      1.282371226617717   -0.09746691272876108
                  22000      2.671919333129163    0.04446864089621208      5.092932035108777      1.328293382619362
                  23000      2.747074082162433    0.04311197461877707      2.596060040905307     0.6234511564935349
                  24000      2.507136213945989    0.04240491031147339     0.9823363767976867    -0.3649018841748424
                  25000       2.75007837437776    0.04141890322606082      3.394461852833048      0.851538050824989
                  26000      2.539917306410569     0.0406534121809498      1.654704151127171      0.114360442940885
                  27000      2.635986891822737    0.03995164334765875      4.025667475722215     0.9860159738539245
                  28000      2.533855531009257    0.03924594654452436      2.330235492765734     0.4214729362492811
                  29000      2.413101013630675    0.03905530636649999     0.4417429361840843     -1.246392967140636
                  30000      2.481216269311455    0.03846083617587205       2.08546594448169     0.2902882240001186
                  31000      2.441830365613431    0.03800252674625692      1.514461269904267   -0.04163213308509697
                  32000      2.247156838029998     0.0379838213497179     0.0476815180975517     -3.500395664547069
                  33000      2.643072557067485     0.0376439024081821      5.017389688373619      1.146736240347993
                  34000      2.152836743548507    0.03760588719378041     0.1129186155680323     -2.648271885742249
                  35000      2.331309268900463    0.03754876837213326     0.1723273602149673     -2.227063338230565
                  36000      2.300914737854039     0.0374852839291486     0.1936397971303447     -2.112151696397193
                  37000      2.682456669380831    0.03723842414183323      5.778906597947332        1.2772110678982
                  38000      2.661454741740047    0.03709550342803417      6.845087752409637      1.442682477231709
                  39000       2.66201971862832    0.03693995561034436      7.550515008835265      1.536564984904486
                  40000      2.311894798945306     0.0368806839926629     0.2719870134642049     -1.788657575709736
                  41000      2.558492025075711     0.0365017918592103      2.423230749383428     0.3881184594220907
                  42000      2.475099330196354    0.03617768759643614      2.068787906472696     0.2210608851853085
                  43000      2.697406087929114    0.03584587594518904      6.427795933279251      1.345515662647238
                  44000      2.508325650529671    0.03551459030685194      2.658290988528587     0.4532824751791233
                  45000       2.58758993789042    0.03516968812540287      3.201096425431111     0.6293334006606899
                  46000      1.559351559720959    0.03516144575647761    0.05073191705703731     -3.515594409599016
                  47000      1.831484944618069    0.03513833278942168     0.1440949555045104     -2.472334708895149
                  48000      1.687908891661537    0.03512763355653861    0.06625008458032546     -3.249674998112658
                  49000      1.702367273101824    0.03511203479794665    0.09709749496352957     -2.867840321320473
                  50000      1.892796556857663    0.03508193596587107     0.1899535309623212     -2.197634019689612
                  51000      1.809406953190004    0.03505068489151818     0.1982092024132372     -2.155981636746679
                  52000      1.853353126228003     0.0350095722806748     0.2640343645282826     -1.870399060031004
                  53000      1.998115128930021    0.03495136489188571     0.3815931097824907     -1.503787437300794
                  54000      2.018965106189665    0.03487884973358275     0.4856452866271526     -1.264740726015036
                  55000      2.181081889253198     0.0348641476551939    0.09453205321811607     -2.901701863352515
                  56000       1.92188036184572    0.03481313568398309     0.3391010457936172     -1.625806930307297
                  57000      2.050803191158242    0.03473648148205224      0.525740665027555     -1.189501308091047
                  58000      1.493701208991786    0.03473085403720805    0.03660596128484614      -3.85426028020784
                  59000      2.015394899451454    0.03462279564750417      0.774935982243992    -0.8048071199479906
                  60000      1.867971069275047    0.03456522831439057     0.3985175433120791     -1.471500105836193
                  61000      2.009899446750089    0.03443737273069895     0.9627858744695896    -0.5931264154598033
                  62000      1.537033117336919    0.03442602519806521    0.07730874873860555     -3.115479888192748
                  63000      1.689236614668084    0.03440481328849483     0.1460113859369614     -2.480218760898569
                  64000      2.395189064885513    0.03430965388069175     0.7076120940607985    -0.9047770185829332
                  65000      2.323621941220343    0.03425755641466065     0.3754586664207727      -1.54004428654903
                  66000      2.661939594667192    0.03410779585828701      7.644237851895465      1.469133555533234
                  67000      2.645792687605979    0.03392087568972663      7.581593069499315      1.455409409745164
                  68000      2.722189432371987    0.03363453545298396      4.745515952638444     0.9784089799605992
                  69000      2.594515687596717    0.03337231252218519      3.906839617014078     0.7761107926438505
                  70000      2.474469894158465    0.03319303369408942      2.123072859496879     0.1608599644466244
                  71000      2.636333343343946    0.03298943371953879       7.09605220502826      1.361381359601376
                  72000      2.554212232186408    0.03278662410330754      2.935728618096347     0.4726317422174584
                  73000       2.64333275895593    0.03262251056700925      7.864756880416815      1.453049620501581
                  74000      2.456555904702188    0.03248759856260969      1.840900185836351  -0.003231444977527192
                  75000      2.409770788893319    0.03240613353689475      1.030851448207397    -0.5856117411450898
                  76000      2.361149037667219    0.03236179309629716     0.5372500498269267     -1.238657711395252
                  77000       2.66545128735058    0.03224657269619955      8.818039238994638      1.555866739186739
                  78000      2.675287886079945     0.0321182742756666      8.885636636679244      1.559516710019706
                  79000      2.743311364581599    0.03194930223341889      3.129412804386035     0.5106511635532968
                  80000       2.38463860936258    0.03189287451793348     0.8242052790110278    -0.8252976018114926
                  81000      2.653361832094536    0.03178482253000002      9.450639846469622      1.610726782534021
                  82000      2.732079714253334    0.03160452134294978      4.138761463741531      0.779352208340311
                  83000       2.74116892005591    0.03143678172571696      3.804066644091673     0.6897047016929188
                  84000      2.697479576295832    0.03127530156762618      7.782062121779794      1.400305493817443
                  85000      2.680635014508427    0.03116334531246732      9.549968784421576      1.601435898051634
                  86000      2.622798827237295     0.0309948479545601      7.123537664225083      1.302880898418254
                  87000      1.956059896915075    0.03097196517571673     0.4221824977394661      -1.52357971540915
                  88000       1.94674114934573    0.03094803651058741     0.4438588540813563     -1.474283669098572
                  89000      2.211115103770193    0.03094357720885771    0.08036830407861301     -3.183314514553645
                  90000      2.125692959182135    0.03093661635591444     0.1260405947569261     -2.733555327843331
                  91000      2.596253778124209    0.03078030705541228      4.570699823337676     0.8521968693400646
                  92000      1.898286548171214    0.03076180119350753     0.3528250213726294     -1.709853898049458
                  93000      2.514438392117559    0.03066557161079783       2.19943665348365     0.1169972781530027
                  94000      2.438192227203448    0.03059832925222556      1.447575743852811    -0.3035088978994104
                  95000      2.494955943142089    0.03050210781941891       2.27977747032961     0.1475290653072274
                  96000      2.520035435753627    0.03039877200247012      2.567562807586325     0.2630147757857679
                  97000      2.520798382879262    0.03029147205163956      2.779327305314268     0.3387305821535239
                  98000      2.453586152085329    0.03020948632564738      1.987524401194434  0.0007012743791958005
                  99000      2.392660357691251    0.03016645772840866     0.9543518723276512    -0.7343367629587448
                 100000      2.572600390304366     0.0300483067118365      3.444596696556069     0.5452685765456994
                 101000      2.493728936710855    0.02994487211881462      2.888068960253369     0.3656016318992872
                 102000      2.679044112989088    0.02984169487996974      8.994721662274445      1.498199933745953
                 103000      2.718092028929026    0.02970737344907485      5.928195930259313       1.07677065616346
                 104000      2.530222229186651    0.02960817180531196      3.071956853458067     0.4160206055986501
                 105000      2.527458858888579    0.02950653034621716      3.285388649129002     0.4797519994694536
                 106000      2.525464707986328    0.02940291041118256      3.502310028875529     0.5401718598364948
                 107000      2.425191860274429    0.02934909931165678      1.494903020865934    -0.3130213685144589
                 108000      2.540955021648897    0.02924580909191471      3.668663421393342       0.58121912765849
                 109000      2.221203373709852    0.02924211094527281    0.09287751658734814     -3.095208416007866
                 110000       2.73222450082772    0.02912785052335954      4.799443924476612     0.8458502790567384
                 111000      2.480270823647881    0.02904042858616627      3.002344208934097     0.3737377726121705
                 112000      2.467761019813535    0.02895772408533501      2.833504772064976     0.3130067947789069
                 113000      2.391599959086747    0.02892168975992782      1.043385088103933    -0.6872824180068168
                 114000      2.285313089711945    0.02891460942923126     0.1907653601096119     -2.386708665490268
                 115000      2.543119495669588    0.02881746102208362      3.832852390174179     0.6102462020890967
                 116000      2.455584375788593    0.02874241698835859      2.619646480196693     0.2270687907509577
                 117000      2.524768058791825    0.02864494590001172      4.133410792628745     0.6797353809197084
                 118000      2.549986682143339    0.02854916128954581      4.155595480603733     0.6817387312198668
                 119000      1.507826473379032    0.02854701503131052    0.06150974039717032     -3.531351920173156
                 120000      2.458312281715968    0.02847103375940574      2.882202253668381     0.3130973222383027
                 121000       2.69284628891754     0.0283795916810974      7.889705274714721      1.316884501726119
                 122000      2.625084715516296     0.0282806959294854      6.584413661012694      1.132540176665588
                 123000      1.800607806937147    0.02827535503260045     0.1657535599752932     -2.549607156051099
                 124000      2.333046961442804    0.02826323445193807     0.3837640809240817     -1.710510025947679
                 125000      1.735650627373778    0.02826013769056419     0.0957955954538121     -3.098430884236067
                 126000      2.245755326583575    0.02825608965619696     0.1256092038481729     -2.827615313395662
                 127000      2.014322815051513    0.02823735640948986     0.6070066742082713      -1.25291425812318
                 128000      2.000374550290556    0.02821733057184268     0.6536712977156666     -1.179558870510402
                 129000      1.543110650667767    0.02821483583055697    0.07763317711892272     -3.310257032304352
                 130000      2.170863422180631    0.02821114321247179     0.1153326603461625     -2.914562140708983
                 131000      2.119194226257175    0.02820676570553739     0.1370643758531811     -2.742087261200193
                 132000      1.810177145640757    0.02820009820751796     0.2102548117821749     -2.314454196135749
                 133000      1.663382790343709    0.02819711326371117    0.09327228270059391     -3.127357248481963
                 134000      2.284504722182697    0.02818950721029949     0.2408730092031208     -2.178880155396364
                 135000      2.570866537721867    0.02810391072811568      4.043908360806177     0.6387758166220378
                 136000      2.558057289204236    0.02801690402775158      4.356632526610999     0.7101628837254712
                 137000      2.282947424600725    0.02800857835087199     0.2744434499013527     -2.054843779838627
                 138000      2.219035062585292    0.02800417963495229      0.143536296279861     -2.703158130527241
                 139000      2.588825775338929     0.0279157148993984      4.808214264970624     0.8051709865796288
                 140000      2.651296801834881    0.02784024557499947      8.517573658173117       1.37426961252488
                 141000      1.760846749388064     0.0278364194557654     0.1308922731856294     -2.801379982713891
                 142000      2.074694977923083     0.0278270163715671     0.3274162614450528     -1.884860148347404
                 143000      1.611492989988958    0.02782513082674133    0.06427632594265496     -3.512968860131994
                 144000      1.990349435046822    0.02780519091082385     0.7203164357145778     -1.097186505018459
                 145000      1.959233333088653    0.02778811292543321     0.6130863090712645     -1.258985780704219
                 146000      2.261186000674225      0.027780698416531     0.2587148532247526     -2.122031860804599
                 147000      1.957197928654101    0.02776171010221052     0.6891818875669439     -1.142936880421999
                 148000      1.765932549000904     0.0277566441255894     0.1762826477184648     -2.506535941900412
                 149000      2.109169156961018    0.02775063137253982     0.2100161043124788     -2.331657034127588
                 150000      2.181829832551296     0.0277458292022843     0.1672767066245135     -2.559364944199842
                 151000      1.909871293084489    0.02773332499249755     0.4467162488437429     -1.577541479806207
                 152000      1.810734438094839    0.02772539874380554     0.2796152194000734     -2.046336484328637
                 153000      1.663217474491686    0.02772182718532282     0.1244684585612538     -2.855827414360451
                 154000      2.280731688409711    0.02771130900610309     0.3748816164182741     -1.753648957382342
                 155000      1.911288405686641    0.02769758223211062      0.495363232275025     -1.475463419816721
                 156000      2.267182261904196    0.02768667354014922     0.3909346015649502     -1.712608356838839
                 157000      2.288300422857791    0.02767230799389897     0.5217943192630801     -1.424394153632885
                 158000      2.367099207284622    0.02765063171000099     0.8101223219480802    -0.9852660158266066
                 159000      2.417506301785033    0.02760720808481766      1.788893444929142    -0.1946704195968359
                 160000      2.524453495387585    0.02752512962408026      4.972891684060161     0.8247563283883563
                 161000       2.67720795375743    0.02747163122098914      9.704597979245001      1.491409109706121
                 162000      2.541225189397465    0.02739098814737631      5.286554761861784     0.8810362572909515
                 163000      2.472718331202543    0.02732391644777403      3.595070714096834     0.4929814779137826
                 164000      2.391398332370162    0.02729312416581353      1.318676863333606    -0.5110808961910673
                 165000      2.376976507743962    0.02726549212821683       1.17394241916032    -0.6283550107003213
                 166000      2.655590924569536    0.02721564641085501      9.883332700450145      1.500297254128643
                 167000      2.596759938729883     0.0271384394670536      5.705027438655859     0.9479543840426432
                 168000      2.525492041171161     0.0270636700396448      5.302932370163984      0.872107622273305
                 169000      2.706458559897419    0.02699177430003206      7.547996019250504      1.222469701925799
                 170000      2.686721109626347    0.02693631608336696      9.458412866900046      1.446035450107906
                 171000      2.673980352793453    0.02689101018015522      10.33001216163036      1.532500934926746
                 172000      2.708989965190217    0.02682206598500785      7.862562595362961      1.256992927420588
                 173000       2.71985080844525    0.02675108606416403       6.89237025229722      1.122645550087581
                 174000      2.615467247421821    0.02668096456362523      6.611206696973262       1.07837200470778
                 175000      2.688966606936066    0.02662928943112118       9.85026442813858      1.475165454545597
                 176000      2.690792690665011    0.02657844269630838      9.988975782966135      1.487237963219786
                 177000      2.683477700828433    0.02653407482841082      10.65349627019741      1.549973313926102
                 178000      2.158558118926027    0.02653064636721929     0.1742836105592384     -2.563115391679636
                 179000      1.665028354539182    0.02652819038944922     0.1244435002814819     -2.900040085452422
                 180000      1.931537488426113    0.02651805521808428     0.5302661056495357     -1.450895044552669
                 181000       2.04399206881049    0.02650746243297224     0.5563425172586475     -1.403289403798114
                 182000      2.145467342119998    0.02650351960172535     0.2017877433712733     -2.417605932311794
                 183000      2.141674637924029    0.02649909568895167     0.2270048108914138     -2.300018023128478
                 184000      1.841158317515406    0.02649398189469433     0.2633461557441089     -2.151712884009555
                 185000      1.925590773904725    0.02648341434598048     0.5574024356718067     -1.402293693149232
                 186000        1.8684856168499     0.0264769602741287     0.3351459025181522     -1.911258943083389
                 187000      2.112749684015763    0.02647215431930544     0.2481550385918267     -2.211952734623579
                 188000      2.238390788717807     0.0264669078539847     0.2716208268096553     -2.121797574124513
                 189000      2.681204913320136    0.02642570180691737      10.93842915934047      1.572274727413512
                 190000      2.453150953260921     0.0263853945579639      2.597675525475962     0.1330830748800265
                 191000      2.505032693463396    0.02633017531142131      4.210484851717818     0.6139488772444461
                 192000      2.308657537223129    0.02632147889395653     0.4777796555359082     -1.562564892816404
                 193000      2.441535008090225    0.02628434535597758      2.401981182566329    0.05092285568487563
                 194000      2.540239391697983    0.02622613080953097      4.894626359020997     0.7605496525743304
                 195000       2.51295962907183    0.02616934671848769       4.76716693296579     0.7319963850785549
                 196000       2.33315745044719    0.02615985007909339     0.5427911625757698      -1.44114939890449
                 197000      2.481550529458937    0.02611003976507523       3.83407561842027     0.5119037110136259
                 198000      2.536154850276235    0.02605233709221366      5.278059785124067     0.8293214828328328
                 199000      2.666291432600654     0.0260130011201188      10.84210577224861      1.547689130479103
                 200000      2.647035110961563    0.02596319954150713      9.681015952868766      1.432502420511675
                 201000      2.741023594361431    0.02591112602529893      4.597004296824893     0.6857327420339009
                 202000      2.424258720525775    0.02588292289429153      1.952817090620675    -0.1714881667802478
                 203000      2.715102707324485    0.02582644989269782      7.912784414180981      1.225534325941389
                 204000      2.532211526769455    0.02577274728408015      5.304586820161677     0.8235449486507355
                 205000      2.695391849407842    0.02572845031152154      10.19554212789318      1.475203411873874
                 206000      2.409796696395468    0.02570537364672782      1.640388570177127      -0.35271135405836
                 207000      2.682251802067988    0.02566988574792519      11.26791399691108      1.572933199327527
                 208000       2.58138799830926    0.02562269706161666      4.430889159634185     0.6377342775842183
                 209000       2.49015630335139    0.02557786020207434      4.123515474448189     0.5640886492509061
                 210000      2.750451418366779    0.02553487922424203      3.907328399802068     0.5085546348054834
                 211000      2.533158202008624    0.02548462108930754      5.418912948605097      0.833625845818777
                 212000      2.429097284165424    0.02545714603760496      2.177956997358705     -0.078960791086979
                 213000      2.141453195389248    0.02545349922679687     0.2495489047714799     -2.245591706390428
                 214000      1.781884067605157    0.02545065735445399     0.1937980827832309     -2.498541462641299
                 215000      1.704337809033172    0.02544880638697854     0.1256596047118673      -2.93185429834868
                 216000      1.875020194581651    0.02544376510186708     0.3480146091913823     -1.913384655067575
                 217000      1.711751508424711    0.02544172435627899     0.1388487125833786     -2.832324382015099
                 218000      1.603997374475704    0.02544067831818687    0.07084367680973937     -3.505274725052107
                 219000      1.843499922521294    0.02543618808989728     0.3095427798486108     -2.030830648169041
                 220000      1.884496092553622    0.02543011448318214     0.4225741454587721     -1.719800836275263
                 221000      1.584474900337295    0.02542895479644689    0.07875002126542842     -3.399932816073454
                 222000      2.092481386206854    0.02542489492606656     0.2798523286051453     -2.132108965772242
                 223000      1.847115853832291     0.0254195761076133     0.3693470674758088     -1.854843486874191
                 224000      1.733656905584529    0.02541733424262905     0.1533601159181884     -2.733879594852152
                 225000      1.741917022514631    0.02541470641108574     0.1801898930613709     -2.572760585907339
                 226000      2.715361927670078    0.02536465317442881      8.310627607587476      1.256547165706029
                 227000      2.437258748206554    0.02533495874288032      2.487790023476446    0.04923542384765952
                 228000      2.571825399105131    0.02529021031974826      4.636606655814073      0.670055589257989
                 229000      2.611509569685729    0.02524155446719276      5.833050131658594     0.8976871032269882
                 230000      2.455582890113912    0.02520741815690852       3.11036960147356     0.2675353223298647
                 231000      2.712598631727324    0.02516083816294091      8.711916251016294      1.295635954891581
                 232000      2.767182203490964    0.02513268347774175       2.47806728541754    0.03730350341888153
                 233000       2.65445520229116    0.02509356071107571      10.22080198987437      1.452691759913967
                 234000      2.563453785248592     0.0250502703010426      4.919535727064401     0.7197542173451491
                 235000      2.552691617177334    0.02500582515918006      5.350170885583686     0.8018927434999353
                 236000      2.705061184189655    0.02496431224476522      9.586654034404079      1.383474659066373
                 237000      2.314521389753836    0.02495816632143302     0.4889561105763416     -1.592626033063672
                 238000      2.653587024930154     0.0249197363038919       10.1848786068742      1.442219680728611
                 239000      2.369940468672727    0.02490917956150519     0.8794493359938353     -1.007567491528643
                 240000      2.587137466195589    0.02486775718298224      4.976795015785063     0.7240136226297151
                 241000      2.637470897785962    0.02482415464910075      8.665097379004113      1.276775756031099
                 242000      2.380675425176357    0.02481130024207449      1.118976157074664    -0.7706312361558156
                 243000      2.678863586591888    0.02478163673972323      11.50806193615149       1.55880619031704
                 244000       2.68297881144325    0.02475184804004646      11.56896760854369       1.56288189948332
                 245000      2.693380456530552    0.02471856749634508      11.08868127945619      1.519135003023697
                 246000      2.639189176218827    0.02467704669799991      9.148847717806445      1.325156904755564
                 247000      2.660994535145307    0.02464755030345664      11.74939628040577      1.574134813037197
                 248000      2.573141691914781    0.02460981883072714      4.886865041438831     0.6953519426184066
                 249000      2.463045866788089    0.02458200663412136      3.082451884042434     0.2333955219882055
                 250000      2.467023138022131    0.02455296654314649      3.298204326954883     0.2998662985320078
                 251000      2.692373783364178    0.02452184373275313      11.40315212480388      1.539109558391637
                 252000      2.581195087018439    0.02448503533524573      4.969647524949745     0.7070664831299279
                 253000      2.462283342385145    0.02445714138901716      3.244060394686569     0.2794034458325649
                 254000      2.500428074842646    0.02442349489593593      4.341626101503786     0.5694499680559905
                 255000      2.603667732019971    0.02438519465721808      5.709113012122995     0.8416952817887622
                 256000      2.576095123682266    0.02434880265789429      5.186527721957585     0.7442025548347594
                 257000      2.554008538842648    0.02431210172014373      5.384713984612538     0.7801938731798495
                 258000      2.683716178006874     0.0242858112060819      12.00395620515985      1.580783995821122
                 259000      2.493769800193983    0.02425411515411813       4.24766822074326     0.5406119162694216
                 260000      2.320639324685254    0.02424928688210138     0.4837440217914883     -1.632156744962933
                 261000      2.540881004326011     0.0242132193021311      5.513305594259028     0.7997185435970637
                 262000      2.568470892448176     0.0241775825096694      5.473078258125685     0.7909225100489569
                 263000      2.522664669161584    0.02414249211941987      5.390763001615408     0.7743158178610671
                 264000      2.498154300565889     0.0241102288133006      4.644775834762529     0.6240347319472728
                 265000      2.674391938465751    0.02408602485836073      12.22141734775423      1.590477161604652
                 266000      2.609959950873332    0.02404992158908204      6.197830122935597     0.9099864246171404
                 267000      2.105580830315835    0.02404761916972216     0.2404493072639313     -2.339554557853639
                 268000      2.648521131855712    0.02401569297149076      10.58420225450695      1.443725464344021
                 269000      2.701033360603283    0.02398359048291733       10.5163930249227      1.435960584560943
                 270000       2.06538660203168    0.02398041533437755     0.3428918879577896     -1.987447169699363
                 271000      1.983305716564907    0.02397554605358222     0.5329535595836473      -1.54663115460383
                 272000      2.571580157534541    0.02394206031079349      5.529318786681748     0.7913568185391407
                 273000      2.285146723321552    0.02393815283685869     0.4285842186366792     -1.766139040441987
                 274000      2.130416754954724    0.02393590716982958     0.2434565715896779     -2.331781541830321
                 275000      2.490986166441573    0.02390659203132574      4.378890382499715     0.5566050308592733
                 276000      2.714380084149907    0.02387133888479432       8.75664536250715      1.248146849365556
                 277000      2.643690124451057    0.02383847777827316      9.917600369417858      1.371267420144462
                 278000       2.44256211275524    0.02381860041616284      2.639643311553052    0.04676604208052515
                 279000      2.335357089468952    0.02381403411347782     0.5222823598554925     -1.573616404777577
                 280000      2.697213304407133    0.02378502403391996      11.04928501623597      1.477077299584358
                 281000      2.705994989299021    0.02375314605912741       10.1138833508005      1.387279494285752
                 282000      2.660469656300409     0.0237269051488193      11.74974086762489       1.53609626689783
                 283000      1.764511524744977    0.02372542458394134     0.1719618296546436     -2.688280069238949
                 284000      1.935372836979584    0.02372163987833962     0.4477173984253209     -1.731549908341015
                 285000      2.023395146503407    0.02371738005505678     0.5062511659695186     -1.608858804598192
                 286000      2.246008015643435    0.02371531610881786     0.2412468661110025      -2.35015800255385
                 287000      2.188760498243882    0.02371404653815239     0.1475519407279377      -2.84185203337309
                 288000      1.947321632674748    0.02370989999125385     0.4930855736924979     -1.635524422684957
                 289000      1.831035032863101     0.0237075788238227      0.272255855389881     -2.229562793603857
                 290000      1.831426160350084    0.02370509216159968     0.2921784056577741     -2.159045363025753
                 291000      1.911521133089682    0.02370140288836417     0.4378688484168502     -1.754646168513919
                 292000      2.284526195699848    0.02369760918926039     0.4509769251652724     -1.725309501761562
                 293000      1.958257979440176     0.0236930702506076     0.5432850699717692      -1.53928305739347
                 294000       2.02686383862947    0.02368872316862309     0.5199761580228093     -1.583317761401065
                 295000      1.836572977291013    0.02368600006836161     0.3217571054132235     -2.063418752139995
                 296000      2.222432295212589    0.02368442964348548     0.1839909854041396     -2.622395221995264
                 297000      1.801351352770173    0.02368227306098917     0.2538974501855387     -2.300442598977201
                 298000      2.078742980185694    0.02367958907203562     0.3174408428226471     -2.077194905561633
                 299000      1.874433680765639    0.02367640312688262     0.3785228987479579     -1.901344367984129
                 300000      1.885191516357775    0.02367292195814961     0.4148483983942783     -1.809854831246916
                 301000      2.705821368835847    0.02364207379419089      10.24364366731482      1.395340733625023
                 302000      2.605891467243995    0.02361055852163932      5.967576611832132     0.8536903620701485
                 303000      2.434784433476235    0.02359390958496258      2.313491568399309   -0.09459806709302433
                 304000      2.459680887864828    0.02357201363249357      3.295615790498096     0.2583086199233506
                 305000      2.680397749424199     0.0235493710695506       12.3762709452778      1.580535557537424
                 306000         2.521783134626    0.02352089652120487      5.074731013408369     0.6878181987191575
                 307000      2.755201189749236    0.02349979441959692      3.233644549093647     0.2362569552937653
                 308000      2.591774159455938    0.02347058967268495      5.466268306559057     0.7599997446092097
                 309000      2.624326016198951    0.02343861646066503       7.42709699459442      1.065175444358178
                 310000      2.730228106993291    0.02340758458225186      6.679266003339128     0.9577236368419451
                 311000       2.68376260883384    0.02338466510179172       12.1778723053884      1.557356467235147
                 312000      2.623684575936844    0.02335339005419184      7.475863285356905      1.068077197976462
                 313000       2.73982702307506     0.0233255750551271      5.384117668703512     0.7386592855927144
                 314000      2.668039114906023    0.02330311889178955      12.25965897749508      1.560556761664283
                 315000      2.509498391231705    0.02327777069525905      4.674740703577266     0.5953279922698668
                 316000      2.379019066293279    0.02327136206270652     0.8913887418054048     -1.062095701968835
                 317000      2.760078696618352    0.02325332764452569      2.897558189546194     0.1159720627691815
                 318000      2.098596541473846    0.02325132518697892     0.2688375362799069     -2.261630470707584
                 319000      2.114631137633193    0.02324937562454343     0.2617197827067221     -2.288547164639571
                 320000      2.639923042843693    0.02322007131153674        9.5605611440569      1.308318907586328
                 321000      2.628937898395395    0.02318999281561425      8.373837734415162      1.174488569340251
                 322000      2.665507646709582    0.02316835175100411      12.37642125348303      1.564235787115155
                 323000      2.661817645276055    0.02314633332398318      12.31880854219817      1.558619062224145
                 324000      2.696660931127886    0.02312139669053802      11.44944926387677      1.484355519866542
                 325000      2.428030251608101    0.02310869150266847      2.023093639716473    -0.2495079152681715
                 326000      2.525715043175907     0.0230838939494835        5.0003004283986     0.6542885768112943
                 327000      2.750784217104963    0.02306274100123856      3.918098234778705     0.4094802013349959
                 328000      2.710845663170121    0.02303469955746369      9.651830745612996      1.309804805138254
                 329000      2.566764765398969    0.02301002928709863      5.136353996039526     0.6779291030980905
                 330000      2.601063191052651    0.02298334623889638      6.131635367890388     0.8538868102944489
                 331000      2.737017304973039    0.02295727557315477      5.899236138785697     0.8141132170103865
                 332000      2.356873440994792    0.02295318675240585     0.6186302337779479     -1.441135324446901
                 333000      1.864553304859258    0.02295070054215406     0.3705838399101476     -1.953671672757806
                 334000      2.490716895699629    0.02292978101257609       4.06044650632684     0.4393849288381761
                 335000      1.651671002521914    0.02292913452081156    0.09522625662486199     -3.313435780797819
                 336000      1.880243220100454    0.02292645908850306      0.401774689357406      -1.87391672165529
                 337000      1.431954812033374     0.0229261968785846    0.03851265707618337     -4.218832673489143
                 338000      1.739150809452016    0.02292517527668398     0.1511102699523822      -2.85185434254726
                 339000      1.861068011414416    0.02292241747564442     0.4148141725247085     -1.842153837515464
                 340000      1.819026553010513       0.02292037818348     0.3047865854916864     -2.150461637352055
                 341000      1.822715742205746    0.02291814550541419     0.3344491346529642     -2.057686060074702
                 342000      1.763589520918233    0.02291691013861057     0.1833914118805862     -2.658602037685507
                 343000      1.916265813311456    0.02291380858450452     0.4688978720231505     -1.719975129562391
                 344000      1.969381484206367    0.02291028603490558     0.5351292539185085     -1.588005545835847
                 345000      2.178149087274474    0.02290917160035997     0.1655145533196736     -2.761503377842126
                 346000      2.755859563750814    0.02288998019668096      3.634448501206994     0.3268120870027041
                 347000      2.679293576877644    0.02287151633672641      12.96971859746533      1.598165047726845
                 348000      2.624776586374706    0.02284400496354738      8.195597769570371      1.137941308601851
                 349000      2.571827977581053    0.02281968041245476      5.522216638877386     0.7420581220983707
                 350000      2.535581332524688    0.02279590730715439      5.343635592701898     0.7081426974742187
                 351000      2.504260936734756    0.02277393236158812      4.695536390709862     0.5778843555351235
                 352000      2.770289442373566    0.02276177024333488      2.145589399531735    -0.2058478843113781
                 353000      2.554819120100261    0.02273785646653973      5.564170212655172     0.7460345243438408
                 354000      2.246930982492063    0.02273622119957688     0.2568018998238593     -2.329835570994962
                 355000      2.413283609683159    0.02272678573383798      1.619810535172336    -0.4884911562915663
                 356000      2.514923116510196    0.02270390286912084       5.19456911450197     0.6758059588101885
                 357000      2.726390854748225    0.02267766360734845      7.760412871145359      1.076071433606269
                 358000      2.621496915307298    0.02265154616793779      7.970748305463218      1.101661929528337
                 359000       2.66476016423098    0.02263296518978142      12.69203195044422      1.566037309081476
                 360000      2.431532645242287    0.02262106687970454      2.196704708211923    -0.1885045497720286
                 361000       2.61746176137798    0.02259541442129403      7.761998565530102      1.072642269896108
                 362000      2.650744662445141    0.02257389856434044      11.63716983354933      1.476654017120201
                 363000      2.239043272140828    0.02257245625359299     0.2387842466727139     -2.409809017411391
                 364000      2.619687631094933    0.02254703648691446      8.173525369415302      1.122159393007458
                 365000       2.39843892985927    0.02253970759733772      1.309378959864306    -0.7095130779422391
                 366000      2.614257770357284    0.02251458569375681      7.848603849172321      1.080154452386748
                 367000      2.373853103692523    0.02250954396201335     0.8841631466875732     -1.103518845155736
                 368000      2.375668445886799    0.02250417098418293     0.9470622298314753     -1.035034368472938
                 369000      2.624970867248617     0.0224793194830192      8.928304343632496      1.207477683963957
                 370000      2.449886370078355    0.02246524964737342      2.850421331702214    0.06509191200248533
                 371000      2.558484938921636    0.02244326304113179      5.568397532157611      0.733753236021459
                 372000      2.681591528159026    0.02242568889049686      12.83522234869164      1.568055702800822
                 373000      2.515525606869046    0.02240490283573061      5.133397518808457     0.6507029736213115
                 374000      2.534421533886125    0.02238319980451896      5.629758708458677     0.7420326895701135
                 375000      2.695893152559117    0.02236293340757856      11.78399973437753      1.479802924042796
                 376000      2.356503931804964    0.02235913311935334      0.691266713479999      -1.35633923175142
                 377000       2.59989817316295    0.02233576514773312      7.022423889784935     0.9609530916711607
                 378000      2.772505226425654    0.02232609270505665      1.920002565454227    -0.3362619690891677
                 379000      2.732026667359644    0.02230310572716631      6.844423422171316     0.9338155985858128
                 380000      2.700759325287768    0.02228234822666955      11.38900259801505      1.442098448861642
                 381000      2.312873032101598    0.02227980865788348     0.4669732748275649     -1.752146985566921
                 382000      2.322002270558659    0.02227709907287728     0.4994984722531012     -1.684936098282968
                 383000       2.24984581071781    0.02227558020439245     0.2763449707568644     -2.276958841554889
                 384000      2.576921072577282     0.0222539841405829      6.038334024038702     0.8063046429241625
                 385000       2.46169129259909    0.02223947088575656      3.239891438401592     0.1830639383459013
                 386000      2.746198445834748    0.02222015145287826      4.954994198890361     0.6070510350497914
                 387000      2.500526778430583    0.02220163296961267      4.655513233296541     0.5438734399912207
                 388000      2.617890576073132    0.02217861708806572      8.223169032387949      1.111739730081338
                 389000      1.850891927356706    0.02217654382844998     0.3897864489958747     -1.937465672731679
                 390000      2.107027081805524    0.02217516309130524     0.2576089572154178     -2.351684192873432
                 391000      1.622450824347904    0.02217474521204371     0.0771393163359864     -3.557532712847344
                 392000      1.463852335954638    0.02217449699052936    0.04573832557826226     -4.080220416354053
                 393000      1.988311681427058    0.02217171498972444     0.5279568424492252     -1.634267921662912
                 394000      1.619415930426518    0.02217126218356497    0.08367917656561284     -3.476312727154739
                 395000      2.012209135614134    0.02216851949014883     0.5206111482808222      -1.64842319305794
                 396000      1.650896009192297    0.02216794392464157     0.1065826854256396     -3.234531490321415
                 397000      1.916477677063608    0.02216551171977708     0.4602749328027521     -1.771738295485575
                 398000      1.815510125609697    0.02216382865739676     0.3158529854368403     -2.148361351528802
                 399000       1.76254704533971    0.02216283891257464     0.1843227149655931     -2.686994770727201
                 400000      1.911991658763171    0.02216033920434995     0.4739500084399653      -1.74269382368004
                 401000      2.027498712544923     0.0221577098103348     0.4995890959135823     -1.690128380195099
                 402000      1.950708049462447    0.02215491447800971     0.5324925328497977     -1.626471622058824
                 403000      2.261986492444628    0.02215307930523375     0.3457898239924029     -2.058292188443707
                 404000      2.579323901965738     0.0221316020387379      6.441286047075501     0.8653901983217592
                 405000      2.503338737312275    0.02211275156753675      4.986155741248557     0.6084750942339964
                 406000      2.513508126041143    0.02209308167605117      5.435270855214362     0.6938293056573088
                 407000      2.708168455125279    0.02207233237637559       10.6947203765261       1.36973053025367
                 408000      2.467207545414609    0.02205704855487496      3.712951245565749     0.3111146953118774
                 409000      2.327508730582086    0.02205432135734715     0.5345927209560534     -1.627086090845486
                 410000      1.957885684956849    0.02205148193899661      0.557707084685919     -1.584886146737635
                 411000      2.718115825382736    0.02202966803998256      9.421087984963274      1.240996109196072
                 412000      2.664981981390906    0.02201369704049714      12.89432956533511       1.55410793630599
                 413000       2.42078904577622    0.02200479840454929       1.94349396655927    -0.3385966564633793
                 414000      2.561394291351612    0.02198492127098992      5.937209163620055     0.7772514445630814
                 415000      2.529611665635196    0.02196520670721341      5.900483843280425     0.7701494808003648
                 416000      2.464951877545666    0.02195054589364016      3.666217493663421     0.2936079217576941
                 417000      2.716970607365008    0.02192944013291392      9.651205679368815      1.260568318560589
                 418000      2.500145146867978    0.02191140660214904      5.119954975440577     0.6258084335720658
                 419000      2.469311567325319    0.02189606839892162      3.993660500992974     0.3766707624459747
                 420000      2.591559731181635    0.02187551737393152      6.999251828090254     0.9368267827632797
                 421000      1.720747085183084     0.0218748150775113     0.1420464530832612     -2.960609724102139
                 422000      2.107160767730871    0.02187345469696662     0.2774478244226442     -2.291193158470321
                 423000      1.753744873187198    0.02187252764776477      0.188106031274449     -2.679862637179886
                 424000      2.553497285837813    0.02185289276480101      6.271129104506694     0.8259451614340696
                 425000      1.908104422577783    0.02185050427881666     0.4965696732078779     -1.710152038450066
                 426000      2.384388700942712    0.02184525035498288      1.137582163062693    -0.8814559388695535
                 427000      2.229601196222927    0.02184410974589633     0.2337504533234805     -2.463914425333154
                 428000      2.367634795185133    0.02183980106270069     0.9215005819657827     -1.092362390568227
                 429000      2.449612874222292    0.02182683865507572      3.251152181616124     0.1678052322549573
                 430000      2.657814028466556    0.02181114164825515      12.69407099736585      1.529211395650705
                 431000      2.689363287455334    0.02179649843695423      13.14216000543646      1.563230156036036
                 432000      2.688493273666941    0.02178226738945047      13.33764036795577      1.577341794943404
                 433000      2.779482519044482    0.02177563689959105      1.515935406001584    -0.5975201126570902
                 434000      1.663846616420605    0.02177504761806319     0.1238004865959898     -3.102663840901916
                 435000      2.040788458923054    0.02177293140359366     0.4535102301611604     -1.804414494125931
                 436000      1.550969232536465    0.02177259558455931    0.07036826639316354     -3.667705345398506
                 437000      1.536040353432051    0.02177225007669381    0.07241228233089848     -3.639087684079503
                 438000      2.118468098912253    0.02177093575855113     0.2788825675555761      -2.29073319462794
                 439000      1.569048941027585    0.02177054730683719    0.08148446416454252     -3.521129447530819
                 440000      2.406577982160679    0.02176338211427057      1.657546886963847    -0.5087769938277407
                 441000      2.808767159731438    0.02176205375438172     0.2824678909062606     -2.278367157957619
                 442000      2.657927553148879    0.02174790388532426      13.36455998221571      1.577779243487411
                 443000      2.627547767328973    0.02172794021027479      9.816483317337456      1.268317381318189
                 444000      2.215912640582241    0.02172702249599051     0.1972830127924183     -2.638903768102312
                 445000      1.852957996787669    0.02172505236590457     0.4295108085413517     -1.860986853144874
                 446000      1.584810191227805    0.02172464136475672    0.08783797253374009     -3.448158782000975
                 447000      1.947346533110971    0.02172202884723891     0.5748611923664626     -1.569644334253296
                 448000      1.761470823192822    0.02172107719171608     0.2049274065680117      -2.60116095078345
                 449000      2.520343910321191    0.02170260598692471      6.096951090339053     0.7908766076483406
                 450000       2.41585704089049    0.02169425187661043      2.026893804791793    -0.3107927514812931
                 451000      2.068871695242656    0.02169259325315186     0.3630993759925618     -2.030452403798428
                 452000      2.275821773562539    0.02169063627993529     0.4302937119911466     -1.860751154964653
                 453000      2.665506475923469    0.02167858333801508      14.09884091787499       1.62807285762595
                 454000      2.647118101523879    0.02166233877682101      12.43227972539763      1.501526944097211
                 455000      2.674161682441913    0.02165155381803765      14.62136009663849      1.663216139397786
                 456000      2.458659332753963    0.02163823900399069       3.72974261834933      0.296456739701226
                 457000       2.66863650345681    0.02162742116012927      14.66280365038616      1.664931368574615
                 458000        2.3619194202411    0.02162368623887821     0.8752704543015866     -1.153777612961828
                 459000      2.218326170925609    0.02162271417372141     0.2192873654546373     -2.537972456224348
                 460000      2.259474362926003    0.02162104803488713      0.379477223258845     -1.989637977647597
                 461000      2.154776866300919    0.02162007325703172     0.2200313493935708     -2.534707607162972
                 462000      2.284316996580561    0.02161793487422688     0.4905060760475782     -1.733138886400847
                 463000      2.312674116173917     0.0216154597716108     0.5707086871249226      -1.58181215305632
                 464000      2.318175045992722    0.02161287345774206     0.5976235961381422     -1.535849592758322
                 465000      2.414662862255786    0.02160482125776621      2.035677397556079    -0.3105994290643537
                 466000      1.738391805091797    0.02160399993660251     0.1856784594803592     -2.705204896113799
                 467000      1.705139650180792    0.02160333124093198     0.1508948309259761     -2.912669204064836
                 468000      1.641927214983073    0.02160283295282689     0.1122052285131543     -3.208945787948907
                 469000      2.055264300027534    0.02160099699779995      0.420993610362656     -1.886742713992428
                 470000       1.66605325928603    0.02160034475735117     0.1472436821798425     -2.937301649441832
                 471000      2.081812983691495    0.02159878439348219     0.3566350260599749     -2.052749883305994
                 472000      1.606612479997418    0.02159835159527857    0.09746842028656889     -3.349954413417738
                 473000      1.804141650710583    0.02159707384276637     0.2910434620094689     -2.256069395929612
                 474000       2.68853539540785    0.02158480425188021      14.16030735373764      1.628087791835989
                 475000       1.97885883601696     0.0215822509448285     0.5972610787207521     -1.537874244237321
                 476000      1.892924031481845    0.02158018644330303     0.4798466777771771     -1.756857610198969
                 477000       2.05406781771061    0.02157823193391525     0.4537855152175624       -1.8127901625359
                 478000      2.057093594588911    0.02157622859001578     0.4656421778180165     -1.787090180368517
                 479000      1.572079313103077    0.02157580521024089    0.09635478076994405      -3.36249027106866
                 480000      1.936734182620246    0.02157331682731156     0.5826933892930559     -1.562981493107846
                 481000      1.731758024770576    0.02157247317666081     0.1931991739065787     -2.666960083285572
                 482000      1.815090694593946    0.02157099585824443     0.3413008058987353     -2.097985996025488
                 483000      1.919215169051103    0.02156852004811996     0.5802620709614587      -1.56738514676781
                 484000      1.809961608308603    0.02156705154961558     0.3395137831555558     -2.103418537758273
                 485000      2.180531481598266    0.02156628883069612     0.1747105408928165     -2.767837895533099
                 486000      2.259378042710775    0.02156450692531373      0.413969410967391     -1.905258991403318
                 487000      2.186045011326853    0.02156372716671706     0.1787517521993119     -2.745089251912753
                 488000      2.270723590307106    0.02156164013758418     0.4872147482626862     -1.742479037472399
                 489000      1.766587649385064    0.02156057443896245     0.2453968897184175     -2.428356593919303
                 490000      1.554438986957904    0.02156013170026624       0.10112294795942     -3.314916903582115
                 491000      2.263128413009954    0.02155806499925756     0.4827106521656532     -1.751932438458881
                 492000      2.213495362275447    0.02155702515095753     0.2395444499206306     -2.452659090406228
                 493000       2.45770552311696    0.02154383499724378      3.841884574173685     0.3217081551186431
                 494000      2.697594323299721    0.02153020971793271      13.58166955538399      1.583833546633919
                 495000      2.211170956561998    0.02152915547751999     0.2457566696667916     -2.428349857272586
                 496000      2.306409027292965    0.02152650553159501     0.6320188261372393     -1.483895668045517
                 497000      2.552508300627259    0.02150885589252756      6.362991038259664      0.824618745916551
                 498000      2.334522645755083    0.02150606093769937      0.671809742875441     -1.423789862003227
                 499000      2.615785468328706    0.02148702789294768       8.91863547053412      1.161247797738779
                 500000      2.703259642967308    0.02147188226779956      12.82013690561124      1.523416845995456
                 501000      2.520652954158169    0.02145479309307951      6.153167150543846     0.7885704455006007
                 502000      2.718714521485532    0.02143651928723509      10.31532085547876      1.304381665880593
                 503000      2.364580760267029    0.02143265457457302     0.9703367721649819     -1.059540968460984
                 504000      2.616109665749294    0.02141400774157763      8.983718725258093      1.165114621570899
                 505000      2.646836907351292    0.02139908440399789      12.84869207639168      1.522245596252997
                 506000      2.406842529718456    0.02139219509583459      1.852439116187603    -0.4148152099746222
                 507000      2.513684392584624     0.0213757374837059      5.990618695817545     0.7581066490771761
                 508000      2.552363707245958    0.02135877085703049      6.461588177275029     0.8329930415219184
                 509000      2.492762516418149    0.02134353181512066      5.280823524789908     0.6304862282320821
                 510000      2.350291797048849    0.02134031473516235     0.8243571161125869     -1.226898017475371
                 511000      2.432744466146566    0.02133073729368135      2.777384807778294   -0.01268569596951963
                 512000      1.633504078671784    0.02133025002661165     0.1201997955544634     -3.152818265739069
                 513000      2.271425310257405     0.0213280937756546     0.5451789896498395     -1.640960518823932
