#! FIELDS time e sigma_e height
#! SET action OPES_METAD_state
#! SET biasfactor       4.240371756148875
#! SET epsilon    0.003891431002318289
#! SET kernel_cutoff        3.33135957893421
#! SET compression_threshold                       1
#! SET zed      0.1195090799328556
#! SET sum_weights       742.4067815606854
#! SET sum_weights2       2351.438380916108
#! SET counter  514
                      0      2.534414443881437    0.03077108974345339      226.1120104817141
                      0      2.307282920814347    0.03342388060871418      11.97931360523366
                      0       2.66906173035049    0.03117205838744999      689.6056127704833
                      0      2.428456054793299    0.02889637547962043      48.51445029744577
                      0      1.865483730592043    0.03021210473449821      5.782194615134888
                      0      1.754564020500642    0.02828153723819218      2.665123513786162
                      0      2.028433585273048    0.03459316425654176      9.167755827622104
                      0      2.130185572328084    0.03335286769750512      3.507663767817002
                      0       1.96572596365948    0.03196652879098286      8.824340711423611
                      0      1.683324065570377    0.03558320799117216      1.740175040478551
                      0      1.816683553436466    0.02837162637331212      4.261953543390164
                      0      1.561237013015774    0.03197648194715381     0.8416840662353098
                      0      2.713935638577004    0.02867764654587145      291.8708927091992
                      0      2.479238087948374    0.03062639782190276      125.3880735554943
                      0      2.249572467045958    0.02944309630581728      5.263524314337135
                      0      2.603356215084597    0.03156175282245974      270.6521915529425
                      0      1.917170431405547    0.02769561984612675      7.149754960953965
                      0       1.50255648221112    0.03174254795300696    0.09811570168201646
                      0      2.376387005139724    0.02838488752336023      18.73129649983438
                      0      2.081643173381745    0.02720288894613513       2.49662256642701
                      0      1.612767884761937    0.02471614458225007     0.3934069159405625
                      0       2.18295725527137    0.02386128848127229     0.8338054937642532
                      0      2.758448833231635    0.02502495679678229      26.69833832992099
                      0      1.431954812033374     0.0229261968785846    0.03851265707618337
                      0      1.463852335954638    0.02217449699052936    0.04573832557826226
                      0      2.808767159731438    0.02176205375438172     0.2824678909062606
                      0      1.637570771887205    0.02187112278899457     0.2324050240676177
                      0      2.212318282347057     0.0215742379486169     0.4853011195874222
