#! FIELDS time e sigma_e height logweight
#! SET action OPES_METAD_kernels
#! SET biasfactor       4.240371756148875
#! SET epsilon    0.003891431002318289
#! SET kernel_cutoff        3.33135957893421
#! SET compression_threshold                       1
                   1000      2.696159838791606    0.06284082615044533    0.01375115918422312     -4.240371756148875
                   2000       2.50687218776341     0.0621046451251254    0.03021788192648554     -3.464845188415681
                   3000      2.719823552724595    0.05500066047251275     0.7221803626917783    -0.4124797299347727
                   4000        2.2670569728961     0.0548193165931876     0.0157633158777877     -4.240371756148875
                   5000      2.550634788804901    0.05289141661002657     0.2099061500398943     -1.687198246150441
                   6000      1.916231561448876    0.05273515494315639    0.01638630254512993     -4.240371756148875
                   7000      2.060633118174214    0.05254371616462477    0.02043311484477224     -4.023297467784569
                   8000      1.434823516254411    0.05239105835081219    0.01649392531596889     -4.240371756148875
                   9000      1.761925761686625    0.05221340669213897    0.01951055362805469     -4.075805015246317
                  10000      1.997815712916021    0.05069514214916424     0.2056422818459466     -1.750131587356619
                  11000      2.677329148242572     0.0514951368806456      2.791707409565217      0.873796194894461
                  12000      2.601441876643916    0.04854560199148619      2.284790620174064     0.6144334290516444
                  13000      2.414237420290098    0.04840589452108782    0.05822216357963096     -3.058212147507144
                  14000      2.429432378865271    0.04795733286244846     0.1999193318800122     -1.833874179715661
                  15000      2.679663475714837    0.04665925649500712      3.863830234700219      1.100185749984124
                  16000      2.503368850773329    0.04588019616754571     0.6136019343748854    -0.7567198707369142
                  17000      2.553997642332247     0.0443699435612005      1.926483269079453     0.3539139315906169
                  18000      2.358500674456531     0.0442007591160321     0.1545781589469019     -2.172658026123679
                  19000       2.47240768363236    0.04328466502154764      1.113341143540833    -0.2191806130358111
                  20000      2.560013933710831     0.0421261375108657      2.855132363667464     0.6954420333995835
                  21000      2.385886038624808     0.0418054866252226     0.4359391078107228     -1.191569678699665
                  22000      2.115404516154802    0.04176194696200063    0.05581734146155291     -3.248029676076996
                  23000      2.170509407594017    0.04171311093210803    0.06301490176488291     -3.127913116602456
