#! FIELDS time e sigma_e height logweight
#! SET action OPES_METAD_kernels
#! SET biasfactor       3.469395073212715
#! SET epsilon    0.007640039155174105
#! SET kernel_cutoff       3.122291642622147
#! SET compression_threshold                       1
                   1000      2.534064308114943    0.06206017502565676    0.03010226110527593     -3.469395073212715
                   2000       2.36448642680772    0.06054706567662996    0.06977173219396374     -2.653449888695492
                   3000      2.506192674532837    0.05404434305199178     0.7937357772871372    -0.3355443323162064
                   4000      2.660080039890127    0.05316100028223079    0.09251208757510447     -2.501435478622379
                   5000      2.655103519583192    0.05013246224062593     0.5338882846279789    -0.8072444817696979
                   6000      2.210117274525244    0.04978832030095393    0.05125708694324396     -3.157465526512083
                   7000      2.631697526811386    0.04816371228599237      1.684056818839278     0.3014669738124252
                   8000      2.268752591495671    0.04753313110828266     0.1722784538736389     -1.991560790636622
                   9000       2.72605996410576    0.04562904544322315     0.9751715791455791    -0.2989419318572857
                  10000      2.550981929003822    0.04416735239725336      1.580401008900724     0.1513199383291287
                  11000      2.051042739298325    0.04407461373715815    0.04238611378428156     -3.469395073212715
                  12000      1.969858969861718     0.0439295647698238    0.06784801021143262     -3.002242231058309
                  13000      1.823856062704308    0.04383860605527602     0.0426143018896608     -3.469395073212715
                  14000      1.871785154382865    0.04355173512346019     0.1432241350033756      -2.26373951574773
                  15000      2.023516512633848    0.04308252447657884     0.2571640843493834     -1.689268049228602
                  16000       1.75732586565876    0.04287612341478497     0.1099071154331057     -2.544149130039312
                  17000       1.76128919628368    0.04223308934047482     0.4156100237667374     -1.229148442101363
                  18000      2.142146960055885    0.04196505680895691     0.1619278127728799      -2.17811191419233
                  19000      2.687184218958095    0.04219839968419435      2.946446714245347     0.7286376766338433
                  20000      2.849510305870005    0.04213943614376132    0.04433261960335987     -3.469395073212715
                  21000      2.687857801015904    0.04268216295542895      4.266888816064186      1.110321488525305
                  22000      2.721172982831121    0.04205305314234063      4.134109481061686      1.063859372979979
                  23000      2.542868836256285    0.04115031657891895      1.853844297686087     0.2401485399486492
                  24000      2.555052751934228    0.04027442813323397      2.584300741533564     0.5508271328798791
                  25000      2.539617673278904    0.03952708843541972      3.337419925844647     0.7878396890005926
                  26000      2.672432284729739    0.03901557454580013      4.521092955634887      1.078370120476016
                  27000       2.70752815565794    0.03857131490317055      5.064167041812714      1.180353971199577
                  28000      2.415877348504887    0.03851219436343462     0.1602756203853213     -2.274229952727168
                  29000      2.493770755437245    0.03799607385823554      2.072378182019049     0.2718351006682393
                  30000      2.409870237245104    0.03788737642344756     0.3300369630640677     -1.568277203023427
                  31000      2.437980099065669     0.0376395337914172     0.8392956346047262    -0.6414819027098604
                  32000      2.448688416921451    0.03729670970020819      1.321443480246017    -0.1967147665001723
                  33000      2.555284546408624    0.03679932285961923       3.13240192707685     0.6529349813319032
                  34000      2.563358790514563    0.03633925016040727      3.506878091599325     0.7532800756372637
                  35000      2.696853824051465    0.03599018002521025      4.947870248219741      1.087858793056451
                  36000       2.05585872581401    0.03593985964591299      0.218073067192301     -2.035422687850958
                  37000      2.689506209983473    0.03563030793377017      5.354738972500311      1.156834017980787
                  38000      2.236934738574616    0.03559478802155991     0.1698564521225232     -2.294946936888016
                  39000      2.505427261342136    0.03524138843433867      2.700897529068168     0.4614607734000614
                  40000      2.570666012321571    0.03488874045534698      3.223628386229031     0.6283271450598902
                  41000      2.539684809831583    0.03455131863195633      3.860477152534025     0.7988919436497002
                  42000      2.715776240796849    0.03424526672233973      4.561038374947116     0.9567541064556684
                  43000      2.548485704632089    0.03394378315484555      4.114280187324863     0.8448250520640621
                  44000      2.641461017869359    0.03366665043608854      3.123589941598315     0.5611461465245932
                  45000      2.730965572196629    0.03339290284272178      4.027154630453969     0.8070589049987882
                  46000      2.686213184677746    0.03315975566219116      5.268593854234966      1.068755905689621
                  47000      2.477501483328842    0.03297329014619753      1.956127642235941     0.0723201082530073
                  48000      2.723698181867663    0.03274346925039926      4.954647648170381     0.9946850226666879
                  49000      2.621003592403194    0.03253446876048927      2.749736550751472     0.3994606497073612
                  50000      2.529134760087955    0.03231078466241261      3.896592548762463     0.7411589685416722
                  51000      2.553138373881521    0.03209620012421313      4.301696371873355     0.8334025347037896
                  52000      2.700548562886681    0.03191780471588351       5.70879989694189      1.110828259340374
                  53000      2.517335750061336    0.03171867527852285      3.910243185148163     0.7261606384535521
                  54000      2.628243852879364    0.03154324586150199      2.938190660211499     0.4348088967615117
                  55000      2.340104080727957    0.03153050513699367     0.1435294266838298     -2.584604268762762
                  56000      2.477208239531121    0.03137602356324821      2.457276040084081     0.2507528938825346
                  57000      2.546884828189516    0.03119807793189509       4.76594425752859     0.9075076086963305
                  58000      2.290298569986412    0.03118437341150467      0.166536212689721     -2.446969944648376
                  59000      2.363607488201798    0.03116124232406357     0.2860151852857806     -1.906879846987966
                  60000      2.579978815924056    0.03098807480843779      4.015485906739797     0.7294162475798637
                  61000      2.328232393247028    0.03096926268805184     0.2408967340510617     -2.084736302550084
                  62000       2.48287675094903    0.03081741052828772      2.942489788620156     0.4129913347798521
                  63000       2.72736048109208    0.03065823619507029      4.894393572334152     0.9166471628267904
                  64000      2.670468951327559    0.03050544952640373      5.077924853130083     0.9484634630838613
                  65000      2.520697243500099    0.03035296732165534      4.629781401167288     0.8510593739880077
                  66000      2.528498212314192     0.0302073548720289      5.010423874731245     0.9252613885695552
                  67000      2.282754141414167    0.03019236806387957     0.2308100658493384     -2.152915515328976
                  68000      2.301909760901891    0.03017409854293665      0.283860956137543     -1.946631421761526
                  69000      2.782417558544918    0.03009860372081238      1.353923373807784    -0.3868591991284522
                  70000      2.638107661834318    0.02996214253661757      3.557903313302875     0.5747615215314853
                  71000      1.816759595918573    0.02995216604739857     0.1594304823896938     -2.530890217011692
                  72000      2.595539526114448    0.02981923645261612      3.591106835653072     0.5792696073250079
                  73000      2.499428129032419    0.02968684184585579      3.939947241105031     0.6675266825619707
                  74000      2.507148513401701    0.02955656594226898      4.480451027594755     0.7916850718174961
                  75000      2.318426260975272    0.02953848443044827      0.322261180936892      -1.84104353340358
                  76000       2.76210591365591    0.02943694189958751      2.440585434790792     0.1801437933670319
                  77000      2.645249717950588    0.02931617679981273      3.699632832871263     0.5920284910203387
                  78000      2.625729778897914    0.02920174264889074      3.382109080649646     0.4983833282809249
                  79000      2.414460033938326    0.02916942325096685      0.643864098601539     -1.161491152694209
                  80000      2.700117010960882    0.02905598822778239      5.241248356485706     0.9314397409703552
                  81000      2.584208136567036    0.02894359402168501      3.810802850260052     0.6088442287877963
                  82000      2.636304668744901     0.0288339739953053       3.78640474858948     0.5986267360174762
                  83000       2.63616681991048    0.02872567847561445      3.970409527259024     0.6423161257842475
                  84000      2.547379044131746    0.02861902337973137       4.78689158362337     0.8256083496950732
                  85000      2.227673993619787    0.02860986527068016     0.1979932588735319     -2.360115259300442
                  86000      2.527566705928455    0.02850734526940173       5.14038500205902     0.8929452003833906
                  87000      2.690357482322297    0.02840861228890365      5.393853744786403     0.9376078965074555
                  88000      2.491739402297944     0.0283103227351365      3.898136003414041     0.6093804279164432
                  89000      2.397422789305004    0.02828921629724597     0.5129399525494386     -1.419460371981008
                  90000      2.402091363651699    0.02826357409466369     0.6346888179756532     -1.207391171741589
                  91000      2.340002124967455    0.02824701251508843     0.4001999044165525     -1.669147957571771
                  92000      2.665928397596899    0.02815135967766413      5.087298984911447     0.8699981307802885
                  93000      2.397224141980428    0.02812543477147735     0.6654523583656045     -1.164958474715197
                  94000      2.577181719113276    0.02803108554106117      4.368400231389272     0.7133663923445221
                  95000      2.277220948884767    0.02801835162229581     0.3222918009305035     -1.893782781387479
                  96000       2.32653335387736     0.0280010998011331     0.4438990480249486     -1.574258885921797
                  97000      2.727521773525158     0.0279090379970985       4.59492538598824     0.7595585342838712
                  98000      2.244267386612926    0.02789762614883707     0.2961158625196068      -1.98280743510043
                  99000      2.414163974758452    0.02786680240205529      0.857398783456475    -0.9207606036186492
                 100000       2.67012501229432    0.02777884450150307      5.181560987378652      0.875036539410422
                 101000      2.652496254437331    0.02769114297361007      4.759061031468517     0.7868184380837313
                 102000      2.670023411355346    0.02760799813246628      5.497775596584566     0.9281045293760473
                 103000      2.702845039249993    0.02752832864065914      5.793627571431229     0.9776296635799699
                 104000       2.29176287822766    0.02751414397028669     0.4134961160234833     -1.662751521070126
                 105000      2.687214548972065    0.02743887940071676      6.128107511536968      1.030502378230638
                 106000       2.66008398746818    0.02735963015418079      5.534276955942007     0.9256849390458032
                 107000      2.669921428364355    0.02728528114324934       6.05252215277905      1.012477912239352
                 108000      2.680610323291889    0.02721574758513971      6.463327528687972      1.075595481383432
                 109000      2.657940055793684    0.02714155333780754      5.875138053226957      0.977450882982227
                 110000      2.702520327914654    0.02707196201279088      6.342397232480185      1.051410827370143
                 111000      2.681649811436842     0.0270077924403435      6.816589303322931      1.121140115654821
                 112000      2.637821904337107    0.02693354561864957      4.960269252564951     0.8004880205411219
                 113000      2.670834952926438    0.02686990725684686      6.771447122505188      1.109377228101606
                 114000      2.676877041913322    0.02680966060793576      7.064603272967186       1.14951459148433
                 115000      2.680286826180609    0.02675158327932097      7.253823169472251      1.173777760975701
                 116000      2.704633890301925    0.02668887685571003      6.798705415601513      1.106634533217854
                 117000      2.415574395960421    0.02666901960033599      0.794881414514683     -1.040404324682564
                 118000      2.640378953430012    0.02660032601203152      5.407373672071375     0.8743424265398777
                 119000      2.561181035460005    0.02653633364109935      3.928016596035501     0.5523049280365167
                 120000      2.412835902015006    0.02651667951903905     0.8180531875787356     -1.017398534419483
                 121000      2.546280181755196    0.02645212437682217      4.257468839833182      0.629666724200697
                 122000      2.552416296879438    0.02638823747775386       4.32243821163724     0.6423934424418786
                 123000      2.484446712641557    0.02633734099800178      2.770181373152622     0.1955559755227592
                 124000      2.468548062503289    0.02629458192162445      2.179001581898551   -0.04611487290932662
                 125000      2.093715838886076    0.02629155282639964     0.1236322865435504     -2.915540410017564
                 126000      2.480216166047113    0.02623976117485641      2.946572121694343     0.2535738023132435
                 127000      2.684622536340908    0.02619219491499474      7.699548396058506      1.212278577432039
                 128000      2.491467492606025    0.02613652851267407      3.546863585006876     0.4350530493005442
                 129000      2.697633325588849    0.02608765800306478      7.553454871409409      1.189122824277523
                 130000      2.744201174001969    0.02603344332570887      3.559963936785893     0.4347878457020509
                 131000      2.632058922063486    0.02597402864089615      4.920739436529583     0.7562113893298611
                 132000      2.686183561632099    0.02592859748120689      7.795484669894791      1.214546624811719
                 133000      2.639923717436568    0.02587061669603031      5.649459318130159     0.8903231166341837
                 134000      2.614578660920367    0.02581616604741146      4.097476114738338     0.5670275268551194
                 135000      2.707100158518418    0.02576565030726902      7.104331578635412       1.11540233870906
                 136000      2.663430174876123    0.02571752029051731      7.399307292044634      1.154214307423041
                 137000      2.492138686402774    0.02566928021240376      3.441376688360518     0.3868219836682066
                 138000      2.672802713997436    0.02562577835354087      7.878677221879949      1.213414274082674
                 139000      2.418459281575319    0.02560861002686812     0.9357808538466067    -0.9177898985311594
                 140000      2.513169042996234    0.02555767551345307      4.121769454129769     0.5628756711179306
                 141000      2.725108374405568    0.02550426740506508      5.532534236383782     0.8551472063133567
                 142000      2.700844773479173     0.0254605963783494      7.739945426000963      1.189182091435313
                 143000      2.749540562339526    0.02541715520765432      3.229717148410086     0.3134743489457437
                 144000      2.425225428327825    0.02539914162484528       1.05147440759224    -0.8094358061534054
                 145000      2.419718225782094    0.02538148688786504      1.032042386188339    -0.8287847785257613
                 146000      2.541961636703343    0.02533264113993257      4.282125009309929      0.592198549481037
                 147000       2.67808110993009     0.0252933120846284      8.104730162537575       1.22864331600264
                 148000      1.951961186436263     0.0252915548335669     0.0968308822064473     -3.198663327778235
                 149000      1.980219017447328     0.0252893260639181     0.1231548017651131     -2.958275314203234
                 150000      1.929454319410615    0.02528739912966666     0.1063516093274678     -3.105042953757862
                 151000      2.032888825587762    0.02528461220593457     0.1545663176597595     -2.731280598954926
                 152000        2.4679322725269    0.02524886125408645      2.556731330407305    0.07316611223168307
                 153000      2.664226624949201    0.02520867407392168      7.959196999848303      1.207171697703038
                 154000      2.520091997557235    0.02516149602254659      4.423678818059535     0.6179419898864369
                 155000      2.435021207328548    0.02514006848420838      1.393138718476387    -0.5383223625720676
                 156000       2.12303039155851    0.02513806428438646     0.1153705053224466     -3.029567903499863
                 157000      2.677709696909946    0.02510319300331029      8.530166228393187      1.272259335928071
                 158000      2.315497419898235    0.02509704266609615     0.3690141883333161     -1.868514730006837
                 159000       2.54080667145744    0.02505096604167343      4.498341966466922      0.630276706087999
                 160000      2.331829953804394    0.02504438668308356     0.4009119694581588     -1.787708247620582
                 161000      2.333996290371338    0.02503731591826526     0.4326799200157642        -1.711734252576
                 162000      2.730504419953935    0.02499021497002029      5.287450952767516     0.7894760530865057
                 163000      2.705069804191828    0.02495018896581287      7.758231980580872      1.171291304409019
                 164000       2.71461916969665    0.02490693486685631      7.105284648819589      1.081640535097397
                 165000      2.709341745889947    0.02486689359510809      7.707351855792891      1.161367441894076
                 166000      2.606587345338309    0.02482809008325768      3.528695292163595     0.3785593116205213
                 167000      2.732879504701652     0.0247832818951682      5.394694044226241     0.8012406326145773
                 168000      2.645414850341672    0.02473928255411608      6.298146502399975     0.9543031890344894
                 169000      2.612993312030912    0.02469950994690858      3.946873580434358     0.4853626078972806
                 170000      2.651200853335832    0.02465774548534088      6.902586575212798      1.042642714713948
                 171000      2.529508630813375    0.02461729405061773       4.30931593227525     0.5698838190174399
                 172000      2.645203894598604    0.02457533093624818      6.514946887903787     0.9814976283636223
                 173000      2.395513198030746    0.02456485360227977     0.7608282068756076     -1.166375549380033
                 174000      2.124024473993528    0.02456302917818546     0.1252131461435759      -2.97083995335625
                 175000        2.6755072312332    0.02452968257417415      8.422871368650656      1.236490143429095
                 176000      1.714209525581036    0.02452806329535536     0.1127452988543072     -3.077150656335364
                 177000      1.872481941142266    0.02452654234411857     0.1058661443870624     -3.140168441760019
                 178000      1.881813065928522    0.02452487315279617     0.1163250529228801     -3.046023555237694
                 179000      1.815333894124542    0.02452287401249837     0.1396513541917596     -2.863344536669661
                 180000      1.916834485292474    0.02452112628372922     0.1219419023790313     -2.999020076621895
                 181000      2.383965777808847    0.02451163003031372     0.6985283200514746     -1.253976419199068
                 182000      2.457045324289732    0.02448672863218911      2.113698852208258    -0.1477738566361046
                 183000      2.414335999173208    0.02447181434067943      1.153919211275524     -0.753658383929071
                 184000      2.677778105747136    0.02444489087226307      9.233409237399803      1.324905014731904
                 185000      2.628905517159497    0.02440396089307317      5.703048760013179     0.8414017906122078
                 186000      2.682490021913124    0.02437830694541843      9.431426304667458      1.343396452043634
                 187000      2.662895426915491    0.02434748804015382      8.792807402734363      1.272018168097297
                 188000      2.588490404875472    0.02431381187303996      3.574163020835439     0.3704310451786812
                 189000      2.576912438326601     0.0242792541650453      3.802179556741182     0.4308521552873321
                 190000      2.697327892470773    0.02425137925076378      9.175748503955477      1.310692901289837
                 191000      1.959315721735819    0.02424961604898692     0.1358371683501327     -2.902242180110789
                 192000      2.696813799528897    0.02422252967829083      9.330604496229062      1.326238419643703
                 193000      2.531209985570874    0.02418625630690276      4.493676854257747     0.5941112535479542
                 194000       1.82354131873396    0.02418433574834519     0.1517562911050902     -2.794118814630515
                 195000      2.017826061527914    0.02418231627510474     0.1597389040207831     -2.742937575143921
                 196000      1.705845758846765    0.02418079430570993     0.1200245412902771     -3.028844914233741
                 197000      1.812657426474109    0.02417864963426632     0.1699028258938195      -2.68140318273971
                 198000      2.003129574595804      0.024176493646207     0.1708827146971139     -2.675741574812789
                 199000      2.591019515965454    0.02414364910330519      3.738555803891501     0.4083761943628548
                 200000      1.963587233540279     0.0241416096595335     0.1628411917493663     -2.725387505440725
                 201000      1.532010319770204    0.02414063374402507    0.07738618681971518     -3.469395073212715
                 202000      2.100344151581762    0.02413878205480732     0.1477426514320394     -2.822808161663774
                 203000       1.77259595386034    0.02413678646508855     0.1594393449502478     -2.746699187690866
                 204000      1.629434820311426    0.02413581124057687    0.07740164911965866     -3.469395073212715
                 205000      1.581481879182038    0.02413480094994586    0.08021867267272786      -3.43368870537078
                 206000      1.858760175656583    0.02413287944451185     0.1535580441206528     -2.784446005060313
                 207000      1.373101342749949    0.02413190477872955    0.07741417886366266     -3.469395073212715
