#! FIELDS time e sigma_e height logweight
#! SET action OPES_METAD_kernels
#! SET biasfactor       5.011348439085033
#! SET epsilon    0.001910020759284688
#! SET kernel_cutoff       3.538542402811424
#! SET compression_threshold                       1
                   1000      2.705639021008365    0.06321896844457647   0.006322704301097473     -5.011348439085033
                   2000      2.465357135493051    0.06305404047490903   0.006339242349656035     -5.011348439085033
                   3000      2.242835676310813    0.06288619512034616   0.006529520595558155     -4.984439650124683
                   4000      2.689593149167904    0.05503159396531496      1.054231371104613    -0.0336251629758272
                   5000      2.487219575751763    0.05459298643369999    0.04525635151404646     -3.189851395052486
                   6000      2.645253142472021    0.05154253618243303      2.073526732755193     0.5773137430290792
                   7000      2.487685371700118    0.05091980154741007      0.145674746985786     -2.090471588676049
                   8000      2.383059771556629    0.05064358666200083    0.06530826872253397     -2.898168584266666
                   9000      2.336825669762018    0.05015820455282505     0.1213626080393068     -2.288134915005903
                  10000      2.712538115985919    0.04794150489262228      2.426206195973355     0.6619658585882917
                  11000      2.498235213201875    0.04729991961386695     0.2846154476579401     -1.494452282531583
                  12000      2.664117677587368    0.04610243586017802      3.430156758371842     0.9691271872829291
                  13000      2.392084386992148    0.04582598262793085     0.1837650825325107     -1.963590388120775
                  14000      2.614170428462635    0.04422375143754619      2.314475493617581     0.5341005386101872
                  15000      2.453990693012029    0.04392002367205408     0.2705548703131052     -1.619254579568285
                  16000      2.366287092001014    0.04364388953563612     0.2526838092911263     -1.693897614975238
                  17000      2.508346259179966    0.04320917236832068     0.4319099447683917     -1.167829939822048
                  18000      2.572404744167012    0.04227015056181859      1.279222862359535    -0.1040106309759887
                  19000      2.498762879941557     0.0417090487528469     0.7177974980473895    -0.6951942463458085
                  20000      2.352447719896409    0.04144385385351364     0.3219314140813557     -1.503421726072095
                  21000      2.498880001668048    0.04082239500456206     0.9407768740899088    -0.4461630174821067
                  22000      2.667229833020562    0.04005812785371787      2.993584832177477     0.6924586431417512
                  23000      2.636947568775761    0.03935181878669176      3.034766766833473     0.6883322060554206
                  24000      1.964883840895468    0.03934590338372943    0.01015899520204591     -5.011348439085033
                  25000      1.796141032234868    0.03933999110103423    0.01016052196526706     -5.011348439085033
                  26000      2.073162857840744    0.03933387582521881    0.01051741393362175     -4.976981360045487
                  27000      2.140932064305476    0.03932546769647187    0.01448500627133161     -4.657113435047894
                  28000       1.57293401622916    0.03931956618715354    0.01016579994277922     -5.011348439085033
                  29000      1.867644569819303    0.03931183225751957    0.01334167532931394     -4.739681672880935
                  30000      1.857042444022237    0.03929405404827747    0.03082810351125485     -3.902599904644298
                  31000      2.002828325494082    0.03928154596791722    0.02168514999253433     -4.254717306714079
                  32000      2.200513369715939    0.03926727232886931    0.02480064218399582     -4.120838887087642
                  33000      1.697166928692202    0.03926100521044336     0.0108698662711586     -4.945873650253703
                  34000      1.732497921753834     0.0392467392211675    0.02484622988539032     -4.119525451435483
                  35000      2.011748412691484    0.03921812341291706     0.0502332635960261     -3.416283440592329
                  36000      1.963558737094994    0.03917656783527262    0.07361387025409255     -3.035187569922607
                  37000      1.987478070558125    0.03908560472805213     0.1656733332372009     -2.226327630038154
                  38000      1.728561168979282    0.03905386535898912    0.05686764162580202     -3.296431494058761
                  39000      1.853573198792662    0.03901567292606053    0.06888728636333663     -3.105664767939035
                  40000       1.90152695685772    0.03895139363843635     0.1178862871654533     -2.570064797586984
                  41000      1.786318591223448    0.03890293020672077    0.08890913253145916     -2.853415401384244
                  42000      1.654897822049495     0.0388809244075494     0.0401115895374127     -3.649930777529252
                  43000      2.062308789168782     0.0388245412761103     0.1047070341275381     -2.691880988143204
                  44000      1.716147658136259    0.03874532220337625     0.1497795200949857     -2.335925463274002
                  45000      2.112383154931276    0.03869264980330556    0.09926083341185483     -2.748699120395338
                  46000      2.064517148325328    0.03857036083937939     0.2403219229977583     -1.867636343221025
                  47000      1.597508157218381    0.03854681591793691    0.04469434987422311     -3.550379248162468
                  48000      1.611225375134888    0.03849289355095224     0.1041824993676647     -2.705482037152184
                  49000      2.625609797738825    0.03906667999120467      6.414327727943342      1.429459563009318
                  50000      2.250232011529103    0.03902180315346941     0.1030041778872272     -2.703209746651642
                  51000      2.514850158441812    0.03841643177729286      2.292886829643507     0.3839523646558015
                  52000      2.074785159237186    0.03827490010889778     0.3783168193589901     -1.421573518466867
                  53000      2.617882518355852     0.0388542332994468      8.296122890714992      1.681260757958668
                  54000      2.657969592350118    0.03898475014561025      9.163486772608952      1.784052743819095
                  55000      2.687767832366188    0.03849106513576692        7.5080354307529      1.572055415522387
                  56000      2.455901109353864    0.03825771388374583       1.09757274963381    -0.3568982016663486
                  57000      2.270483091815325    0.03822158465510613     0.1564779805997048     -2.305784140803445
                  58000       2.67427113351648    0.03798551230020608      9.697135778023529      1.814690830839588
                  59000      2.271290278489762    0.03794361942617325      0.212512145960678     -2.006999338367779
                  60000      2.558675008405376    0.03750378593298323      3.127694703219295       0.67039354051836
                  61000       2.40843637921925    0.03740616086839445     0.5491321548368964      -1.07192528951444
                  62000       2.33934235124597    0.03733016073448112     0.4272327524089853     -1.324969290183482
                  63000      2.530480497012057    0.03699920836069195      2.322324071992381     0.3591203939617382
                  64000      2.734605915885986    0.03659348230945283      3.440403050898746     0.7411142138314275
                  65000      2.763201183279689    0.03635054513238675      1.781856477397054    0.07652042403325611
                  66000      1.528717355428186    0.03634647719371369    0.02549051365142411     -4.170696186156083
