#! FIELDS time e sigma_e height logweight
#! SET action OPES_METAD_kernels
#! SET biasfactor       3.469395073212715
#! SET epsilon    0.007640039155174105
#! SET kernel_cutoff       3.122291642622147
#! SET compression_threshold                       1
                   1000      2.688587651694045    0.06206017502565676    0.03010226110527593     -3.469395073212715
                   2000      2.545397253653447    0.05911050663482691     0.1533915117453781     -1.889697602075487
                   3000      2.669432662420765    0.05349702092040339     0.6565982067503797     -0.535401598633944
                   4000      2.752847907794038    0.04997601534452275     0.7071777811973567    -0.5292745511354676
                   5000      2.673382274384171    0.04805564691119856      1.550483305442363     0.2165817801454357
                   6000      2.288403973787568    0.04789459028988358    0.03900548228003196     -3.469395073212715
                   7000      2.473498860972274    0.04713323689883002     0.2108633539910346     -1.797911110137359
                   8000      2.442139941209641    0.04582101857209083     0.4715977529228563     -1.021230530710785
                   9000      2.333532550293472    0.04526927707087056     0.1873306964864426     -1.956595763728618
                  10000      2.697795139489682    0.04504409469171805      2.436286131487034     0.6037721323247351
                  11000      2.510836260433851    0.04414829872509694     0.5285395634887778    -0.9444277864013405
                  12000      2.607187675218412    0.04290341589412078      1.135872711070789    -0.2079918509792831
                  13000      2.061645240225792    0.04283210547296645    0.04361568436182833     -3.469395073212715
                  14000      1.770526240397346    0.04276121713401471    0.04368798921243545     -3.469395073212715
                  15000      2.741753502475882    0.04193542428749512      2.326311176208685     0.4860701827422479
                  16000      2.546680871399409    0.04110680476353232     0.9744363272462614    -0.4040669894665447
                  17000      1.919296340573099    0.04105496393604074     0.0455036715114846     -3.469395073212715
                  18000      1.954958805227992    0.04094033632765876     0.1035367521653077     -2.650057402809756
                  19000      2.053331096715717    0.04080277263917483     0.1270459329960885     -2.448801107056826
                  20000      2.006148872647967    0.04056073695557021     0.2373822311364797      -1.82962768097832
                  21000      2.459321298958455    0.03983719240282609       1.05884222850729    -0.3523675298646797
                  22000      2.605030603830574    0.03914499257614368       1.99292317624269     0.2625304421828607
                  23000      2.128749800224385    0.03905860098269476     0.1061050853875923     -2.672606758923606
                  24000       1.54120142687818    0.03901917171742484    0.04787778701174176     -3.469395073212715
                  25000      1.855124917595134    0.03894102535128029     0.0970817112511493     -2.764498502108729
                  26000      2.100130674443906    0.03869729583693925     0.3346787902387945     -1.533158881883807
                  27000      1.927740968751204    0.03846276811141831     0.3316159144864917     -1.548431714725057
                  28000      1.653155209207522    0.03842354018703696    0.05130804534103182     -3.415581974589789
                  29000      1.739228580892406    0.03832888271023723     0.1280133898514322     -2.503761244797926
                  30000      2.161583848866862    0.03810251210952371     0.3356478495309058      -1.54575708312724
                  31000      1.675612442450809     0.0379600059274215     0.2067348402531067     -2.034129704145769
                  32000      1.650770255768867    0.03770274733626225       0.41228888409129     -1.350642597144459
                  33000      1.831862963682643    0.03753357282091068      0.264192934544045     -1.800184384623808
                  34000      2.009309479370537    0.03719907563114422     0.6186493189310285    -0.9582773450950979
                  35000      1.803131001056823    0.03693356386220436     0.4859464695739443      -1.20688064089769
                  36000      2.621360311561097    0.03701812937926623      3.439659433001966     0.7524356780929236
                  37000      2.551850763658229    0.03658990481874306      2.418225473659015     0.3884618113573202
                  38000      2.422355174460597    0.03621239330789617      1.115484245176144    -0.3956545341720192
                  39000      2.302578183064342    0.03608269263186013     0.3019876031975666     -1.705900551790655
                  40000      2.491124614923242    0.03567861948640085      2.111420646778294     0.2275680664569143
                  41000      2.624346737144189    0.03569366812766309      4.000831125991679     0.8671308684961928
                  42000      2.688325195324157    0.03542062276952614      3.346075293426808     0.6807377572338658
                  43000      2.281947994020438    0.03529688213892592      0.398899682802897     -1.449595242110616
                  44000      2.570860764653341     0.0350189498077747      3.364578813369504     0.6748475641890929
                  45000      2.355238460760869    0.03486653679298627     0.5707730776389104     -1.103580584639206
                  46000      2.374905773970457    0.03464351700539025     0.9488116983924094    -0.6017788746460945
                  47000      2.661034689620898    0.03452648182125821      4.275892981907892     0.9003750216235811
                  48000      2.723014275620898    0.03423728465827093      3.255034248835674     0.6191734802229705
                  49000      2.679164519078294    0.03412096141295413      4.669717937405692     0.9766660084205988
                  50000      2.622263784179591    0.03395626812064464      4.639659847414913     0.9653699575464282
                  51000      2.448976540486819    0.03373109409795397      1.502441504943686    -0.1688330218840469
                  52000      2.659397814425085    0.03363156603801624      5.285977391958046       1.08617806834978
                  53000      2.560807317744862    0.03335920987481666      3.007379497357548     0.5140584308652435
                  54000      1.705973246149825    0.03331025460498095     0.2955923399887583     -1.807253270224206
                  55000        1.9623806727875    0.03324107604543907     0.4315020721939095     -1.431041186920833
                  56000      1.962899748388044    0.03314973879939141     0.5937208771634856     -1.114655698800021
                  57000      1.855285537016811    0.03309223809338153     0.3622892533810499     -1.610358149759354
                  58000       2.68605833123712    0.03295108589281217      5.125156494434254      1.034840714016812
                  59000      2.722714099203587     0.0327206060222165      3.877731010689605     0.7489106623211285
                  60000      2.350852271878799    0.03262099618618882     0.7735239870909579    -0.8661870247158948
                  61000      2.488463779709698      0.032439555995526      1.745014759495967   -0.05820300623038521
                  62000      2.503925336681933    0.03224237167613331      2.148698800683953     0.1437993658086717
                  63000      1.907294684389247    0.03218571941287491     0.4492806201293693     -1.422929301851958
                  64000      1.983521696187939    0.03210017848643105     0.7188971902860335    -0.9555198931281847
                  65000      1.628394809579513    0.03206076929508586     0.3115202521470025     -1.793002347798534
                  66000      1.684667108379799     0.0320043770401276     0.4604839307386328     -1.403949205415158
                  67000      1.901812046428976    0.03193501586109972     0.5842906586824017     -1.167998195284237
                  68000      2.118162026828096    0.03189196616735757     0.3512410083084958     -1.678273086216426
                  69000      2.479938363899101    0.03170695024538864      2.297517301092478     0.1940204508910889
                  70000      2.699325875552201    0.03158925039338562       5.19745959522721       1.00664228990655
                  71000      2.613043311024047    0.03142060731602809      4.352032407638197     0.8237623555158681
                  72000      2.472490179934825    0.03125194163307781      2.396328801599707      0.221674844508965
                  73000      2.627622654229913    0.03112253376836762      5.100916904014215     0.9730078617374404
                  74000      2.284448235793248    0.03108011637882745     0.4406364494480316     -1.477311413427435
                  75000      2.472278948953917    0.03091710824790746      2.655484694181564     0.3135923304923233
                  76000       2.55269172084547     0.0307541951370728      2.950608916318527     0.4136934113099622
                  77000      2.351034792597497    0.03068594428033249     0.8115717210777144    -0.8793223685624147
                  78000      2.369416877566971    0.03060604886707315     0.9918143734233734    -0.6813662101766352
                  79000      2.563539518211067    0.03045000494638184      3.478937950750789     0.5684686550181663
                  80000      2.570893362499287    0.03030253529828663      3.982228198298028      0.698728331461658
                  81000      2.669495777816837    0.03020794569968031       5.57232657709505      1.031573094782106
                  82000      2.486235721027573    0.03006646448633711      3.020896822734949     0.4146196002276039
                  83000      2.472518788520806    0.02992687069685022      3.253159994679337     0.4840390301253437
                  84000      2.637180051071951    0.02982804422438726      5.479100839826772      1.002045477278792
                  85000      2.566646861790334    0.02969514254454665      3.973331536458134     0.6762438402573167
                  86000      2.461846181833669    0.02956643193391087      3.219176320926886     0.4614206251719999
                  87000      2.628210613320024    0.02947180700655031      5.568134751974601      1.006149673347259
                  88000      2.605047102005401    0.02936751545506156      5.289511182044636     0.9512704222081146
                  89000      2.411590672256732    0.02929158875393098      1.445201208118883      -0.34879560441344
                  90000      2.433501505267428    0.02918550036495336      2.469756094440923     0.1834468594540662
                  91000      2.481344485607918    0.02906792687606405      3.623216793239918       0.56265308308129
                  92000      2.709837828575665    0.02895466127963122      4.267717498188062     0.7224657807934082
                  93000      2.499362579384943      0.028842875262087      3.545403926992555     0.5331705384735356
                  94000      2.610043809478852    0.02875284325921004      5.490373502127721     0.9673883824856335
                  95000       2.70226201604368    0.02864965550419014      4.702814080140419     0.8089579265776689
                  96000       2.65471435152737     0.0285669622219758      5.780222365180656      1.012348474249003
                  97000      2.436301287235646    0.02847422647526245       2.67291962420159     0.2378261488896838
                  98000      2.540812939527894    0.02837505562529713       3.34009101356674     0.4571639301286659
                  99000      2.532837057607542    0.02827683058943369      3.502812402489312     0.5012643894117117
                 100000      2.446693215607041    0.02818252897563306      3.246515349149727     0.4219399047187908
                 101000      2.739098135135556    0.02809355072009139      2.923716613803943     0.3140510959222629
                 102000      2.817134657694623    0.02808458479160965     0.1927545413302587     -2.405461426426676
                 103000      2.672671627057712    0.02801054127733756      5.849268155124743      1.004552903024922
                 104000      2.656270504039246     0.0279443133973281       6.23330557950408      1.065775943108185
                 105000       2.51476193395313    0.02785443363472652      3.654387225572766     0.5285760138230412
                 106000      2.369939488730749    0.02781907539155546     0.9081205576418271    -0.8650007481264012
                 107000      2.486266640443637    0.02773075876624553      3.889604277039368     0.5865050838679996
                 108000      2.639176426092535    0.02766167840958637      6.015242717545442      1.020000142858633
                 109000      2.287546170739594    0.02764566349730999     0.4056009073937343     -1.677261271637689
                 110000      2.450088282091959    0.02756273175782126      3.461834717398161     0.4639187130693723
                 111000       2.41009480881962     0.0275035166125245      1.898367610400834    -0.1390363244372346
                 112000      2.395086141342521    0.02745308181919701      1.549874153884569    -0.3436923936952254
                 113000      2.283793365745896    0.02743644047490968     0.4417370135279878     -1.599513054081508
                 114000      2.475597332143353    0.02735489709002683        4.1169432277539     0.6296619562499329
                 115000       2.55713965725897    0.02727542153297458      3.787601540032529     0.5433744040244044
                 116000      2.674298908399914    0.02720894147665846      5.843533193548386     0.9745367006165923
                 117000      2.732970406179041    0.02713574220675154      3.201776008006165     0.3702128556469392
                 118000      2.759855556513672    0.02708209005209087      1.904309905895798    -0.1513522476771694
                 119000      2.360415904019501    0.02704830998076718       1.07153524746828    -0.7276276056525838
                 120000      2.684445553114215    0.02698441028513321      5.838487179792742     0.9653864589038195
                 121000      2.517240385869195    0.02691144915650278       3.76935281276329     0.5251105720576678
                 122000      2.689783947806544    0.02684869969109438       5.84317494922743     0.9611471337255371
                 123000      2.759007874637941    0.02679569556204951      2.087928619864996   -0.06993081741372803
                 124000      2.480518768987651    0.02672488641686622      4.193128023172523     0.6246976449274072
                 125000      2.711548549229395    0.02665662186759924       4.92204788184919     0.7824177129071155
                 126000      2.539845659235958    0.02658896587739466      3.782217012385282     0.5164620997800871
                 127000      2.344763819679986    0.02656245264111213     0.9432625740408762    -0.8732564881388962
                 128000       2.13123646849758    0.02655444168606018     0.2624956734776476     -2.152668212459117
                 129000      1.566525147682877    0.02655110043442853     0.1075823915714392      -3.04477165952034
                 130000       2.03620711720916    0.02654167031596334     0.3114852790870724     -1.982031799523539
                 131000      1.947505413125663    0.02652719247017967     0.4898183684116993     -1.529894857698112
                 132000      1.820127841994112    0.02651808221009252     0.3018291536442569     -2.014411852467423
                 133000      2.056499654751053    0.02650923923751866     0.2931248186334709     -2.044007998038186
                 134000      2.122049894837102    0.02649986051647432     0.3120978057775454     -1.981643753014074
                 135000      1.552034894856781     0.0264962131512605      0.118720916698952     -2.948322517465585
                 136000      2.044937374067382    0.02648532519675266     0.3655729365564315     -1.824043215653656
                 137000      1.842933698378556    0.02647479326211683     0.3537767674075005     -1.857240644865758
                 138000      1.948940581508048    0.02645886622950409     0.5494092412108813     -1.417664937833679
                 139000      2.530552506623625    0.02639351898500722      3.974420136797313     0.5586527847295477
                 140000       2.12940729247043    0.02638301552744868     0.3606465320326279     -1.841481046301425
                 141000      2.704908980070801    0.02632416428735986      5.587877215062619     0.8967422175114912
                 142000      2.287341659701982    0.02630980492935626     0.5137120781126238     -1.490495211301772
                 143000      2.584736559290499    0.02624630773506509      4.396600295651075     0.6540123413997682
                 144000      1.611018745601854    0.02624011732146924     0.2177076213594246     -2.351657429876826
                 145000      1.965120150274339    0.02622411061170231     0.5902694370527075     -1.354841495627648
                 146000       2.64364348066974     0.0261692765403359      5.842429655001714     0.9353882564555901
                 147000      2.233480007049922    0.02616331707465971     0.2145890285222706     -2.369016819519618
                 148000      2.526363803457659    0.02610188414412797      4.324331123166346     0.6319204137517898
                 149000      2.307367549661276      0.026084633542421     0.6685362547796667     -1.235662825322625
                 150000      2.436488845306458    0.02602929532812608      3.098823146589431     0.2959004941708274
                 151000      2.499972307882177    0.02596973019824491      4.438557030617987     0.6529164049391009
                 152000      2.365938547282248    0.02594159435314833      1.207845122328288     -0.649659040809814
                 153000      1.859521918830421    0.02593190062955443     0.3758902410759758     -1.817328757117795
                 154000      2.077366794577592    0.02592295054252327     0.3464077545465172     -1.899354580997553
                 155000      1.836847337360511    0.02591164724190683     0.4434541540294723     -1.652812849819231
                 156000      1.957025924575573    0.02589525101410565      0.662531555654061     -1.251972059937726
                 157000      1.549143834601321    0.02589136803271433     0.1476949103554166      -2.75304147903609
                 158000      1.675615757945341    0.02588251322933449     0.3451977981800088     -1.904414684616146
                 159000      2.434886599856049    0.02582899056709806      3.187493478140532     0.3163878286663295
                 160000      2.321661071435037    0.02580858991583957     0.8606942083810117    -0.9936531795461416
                 161000       2.39752215733139    0.02577106502670679      1.813851035870468    -0.2496399810751896
                 162000      2.696751321518174    0.02572120859979408      5.814818952358499     0.9133809775998499
                 163000      2.327704128373471    0.02569843571220322      1.008505939926794    -0.8394444711451147
                 164000      2.738252897491752     0.0256450599110749      3.568532163260397     0.4221607472782407
                 165000      2.324715827025138    0.02562132794348794      1.079368523659186    -0.7745432649815752
                 166000      2.471183699493674    0.02556710770600387      4.397364006229352      0.627967379800059
                 167000      2.617046324585539    0.02551530202151787      5.171875918935505     0.7881692589386662
                 168000      2.227160643096773    0.02551075499185306     0.1915983328870201     -2.507598549079357
                 169000      2.698539338352535    0.02546420561045957      5.926629039541069     0.9223847948933891
                 170000      2.720501268446433     0.0254127894829004      4.992740984242671     0.7488930624214056
                 171000      2.505660429368718    0.02536116387261143      4.516189169027065     0.6465429943585961
                 172000      2.378277494106418    0.02533188204547014      1.536565071826487     -0.432731347547715
                 173000      2.286660152918606    0.02531604697068708     0.7540969808409939     -1.145140397375451
                 174000      2.533945339221958    0.02526557965180438       4.50658142172554     0.6406372856064838
                 175000      2.072122881094121     0.0252572119661074     0.3874658673897821     -1.813360343086728
                 176000      2.547588032161916     0.0252074661667333      4.568221347832405     0.6519195922319653
                 177000       2.33547434373717    0.02518345462701645      1.260797791434698    -0.6364126573536592
                 178000      2.470391624556156    0.02513455368979456      4.542012373535566     0.6432691461697047
                 179000      2.540349873399619    0.02508643493752371      4.776679741329276     0.6917283874508695
                 180000      2.502687914842137    0.02503925538818291      4.989636457243274     0.7334632995235553
                 181000      2.681140427002021    0.02499994575132292      6.348319400175423     0.9727192091825593
                 182000      2.678272195084849    0.02496232248688182      6.544250505013412      1.001609903976777
                 183000      2.174962877242925     0.0249581148571668     0.2097899800666843     -2.438793891742788
                 184000      1.870417375358189    0.02495009510325366     0.4095617800353673     -1.770134448349244
                 185000      1.896152478178812    0.02494139955410797     0.4466902354819994     -1.683705416792845
                 186000      1.719958801796038    0.02493600831744606     0.2717891321636851     -2.180760448950958
                 187000      1.818349131046918    0.02492752769776236     0.4362648634581843     -1.707877574450711
                 188000      1.740750956860052    0.02492271888328925     0.2422255515223299     -2.296450725601169
                 189000       2.21677077040628    0.02491871876171961     0.2007074002806186     -2.484632435190536
                 190000      2.613898120122286    0.02487335433062804      5.049207523493954     0.7386838660036436
                 191000      2.222324138048931    0.02486856352926864     0.2451539735185551      -2.28660886774864
                 192000      2.520225192001577    0.02482405654863906      5.190446023134938     0.7642882753362027
                 193000      2.406753920974913    0.02479157325142094      2.158054271584036    -0.1146337395022365
                 194000      2.703648846063058    0.02475263368537384      6.199235639639245     0.9390133331833533
                 195000      2.537491921489932    0.02470935250081698      5.233129547306838     0.7678467364250541
                 196000      2.733191198603231    0.02466578584782757      4.378480816206316     0.5877743514130329
                 197000      2.634006476996925    0.02462524672133877      5.769070444207542      0.861938609944462
                 198000      2.662180234690921    0.02459080580563727      6.698642017093534      1.009932884954649
                 199000      2.022425144045843    0.02458328860100065     0.4305373037542795     -1.734998982002077
                 200000      1.835899983229008    0.02457407653279976     0.5347483847882499     -1.518611425923543
                 201000      1.905647656427269    0.02456546542558561     0.4986635551069264     -1.588826598979171
                 202000      2.606743180751536    0.02452348071162928      4.971927180994187     0.7090940204764866
                 203000       2.53078756063688    0.02448257671570224      5.336241274881189     0.7781386719002609
                 204000      2.126984517767928    0.02447623001227833     0.3721773360672261     -1.885026947644929
                 205000      2.577416189411562    0.02443498203567655      4.579829740776841     0.6233330562437875
                 206000       2.62567768484163    0.02439652489581491      5.832662357530943     0.8635696988536444
                 207000      2.496259879550918    0.02435652405903184      5.217893916709164     0.7505490361713952
                 208000      2.353815787472843    0.02433596220494549      1.419669000940035    -0.5519656332455185
                 209000      2.648786591658251     0.0243022232866643      6.581710023762886     0.9805178708220876
                 210000      2.322160798905221     0.0242844525620431       1.21760516008733    -0.7076222828714416
                 211000      2.622948023203785    0.02424803203646735      6.047322278877133     0.8936064742673345
                 212000      2.633269392036738    0.02421451816973957      6.563475808223007     0.9741281268774207
                 213000       2.66760473724249    0.02418418432604589      7.032219854558567       1.04185674180709
                 214000      2.640928846238112    0.02415339770604691      6.984703354613906      1.033803022632074
                 215000      2.470075920066329    0.02411537238794971      4.606868369198945     0.6160532469835002
                 216000      2.527522440463927    0.02407797066914137      5.332477428907112      0.760768718743031
                 217000      2.429513455297572    0.02404630835057777      2.951290515113083      0.167879461054021
                 218000      2.480372424369944    0.02400926450783825      5.086023079822283     0.7105914197007681
                 219000      2.710564012487029    0.02397356682587921      5.714975086894837     0.8256972168924415
                 220000      2.447426090575549    0.02393850648168304      3.927374212623745     0.4491148133621948
                 221000        2.0592825855743    0.02393264949001961     0.4114271614700726     -1.807224229980443
                 222000      2.503561924032542     0.0238971017965552      5.487181392514928     0.7818273417460357
                 223000      2.563250575276256    0.02386137869894074      4.731671784187886     0.6321952184376822
                 224000      2.136512495251684    0.02385629026011502     0.3637441921669995     -1.933601064274337
                 225000      2.619990451464744    0.02382340801419035      6.222321347319354     0.9044671092058051
                 226000      2.702950866081751    0.02379044631427338      6.150303405793558      0.891440937376855
                 227000      2.632015841728809     0.0237604327692649      6.792270342374765     0.9894623975767544
                 228000      2.635043245222432    0.02373175257569527      7.031351443466527      1.022848287168709
                 229000      2.676608880005904    0.02370302941728192      7.024749295133622      1.020697828321792
                 230000      2.535352849398835    0.02366911853875322       5.35745614820185     0.7483158842227648
                 231000      2.416381362832155    0.02364397203136083       2.48050509601048   -0.02277415498149567
                 232000      2.443420504438067    0.02361243595393037      3.786728417240293     0.3989313900837085
                 233000      2.693295693739345    0.02358277914530757      6.699287137032025     0.9681733094965285
                 234000      2.722562437672549    0.02354974333778032      5.121925460076008     0.6983007943501398
                 235000      2.684505529548924    0.02352250498153331      7.148479867322426      1.030512787587208
                 236000      2.707120922784144     0.0234921369480692      6.404205684302182     0.9192761177002226
                 237000      2.689508703363615    0.02346556781195566      7.263405846453463      1.044038428670226
                 238000       2.52392905264059     0.0234335950812547      5.414861516239979     0.7489734237854546
                 239000      2.506398331817439    0.02340192997152754      5.487285953923853     0.7609077056780583
                 240000       2.62703719464633    0.02337292889045263      6.619418696669422     0.9472414613327137
                 241000      2.356896625736294    0.02335865841356866      1.348488828841092    -0.6443922574110794
                 242000      2.666217277374028    0.02333378541180431      7.504067857004314      1.071003020203871
                 243000      2.714563599724406    0.02330364701530689      6.064527176671806     0.8567218903913969
                 244000      2.434994459528511    0.02327675642253788      3.348352234833108     0.2615790766352493
                 245000      2.681044315511962    0.02325271089888118      7.619956864701299      1.082847869697788
                 246000      2.611029440852193      0.023222696918584      5.799865989326745     0.8086203656646412
                 247000      2.650931763691523    0.02319824363209094      7.532468069088429      1.068954760998864
                 248000      2.644354492254362    0.02317398024372209      7.578320021270126      1.073977087845515
                 249000      2.652718862466197    0.02315111545904999      7.861190665847578      1.109636480298641
                 250000      2.576921458052065    0.02312257623764793       4.31717237975828     0.5090655505657866
                 251000      2.562660111460467    0.02309370350395007      4.628839554845296     0.5775216431447305
                 252000      2.421819164509677    0.02307124736599161      2.767510214987505    0.06219065389506531
                 253000      1.875988322073559    0.02306669304163908     0.4341665340001671     -1.790281944432186
                 254000      1.884905771510511    0.02306178264192657     0.4702265506286096     -1.710708423661789
                 255000      1.906082491486599     0.0230565871400837      0.499480597504483     -1.650579582946046
                 256000      1.832659870738792    0.02305159399950048     0.4795790829048633     -1.691456111585229
                 257000      1.948766067947725    0.02304604009289372     0.5370623550774776     -1.578491677693548
                 258000      2.023886091656034     0.0230418656808666     0.3985783731668411     -1.876882883598452
                 259000      1.714518530518347    0.02303889463115072     0.2806371473622244      -2.22785343823213
                 260000      2.055645719739639    0.02303458021286751     0.4131355788609948     -1.841327449661524
                 261000      1.878000547164371    0.02302905361682834       0.53622488484257     -1.580789587357181
                 262000      1.917789394218987    0.02302331516162937     0.5586699687608682     -1.540033533018888
                 263000      1.967103170836665    0.02301751484113901     0.5657606886210502       -1.5276732230787
                 264000      1.880006855647842    0.02301142097959812     0.5969790874458958     -1.474227100816805
                 265000      2.440127432609191     0.0229857876710201       3.60740825898938     0.3235211160732591
                 266000      2.621819246021242     0.0229599212748092      6.881958816288464     0.9683089035182892
                 267000      2.068404932561709    0.02295561534245576     0.4219290024353091     -1.823700198187749
                 268000       1.59024324310554    0.02295382529873847     0.1712949131164043      -2.72522852977392
                 269000      2.200671116836899    0.02295170163978303     0.2039369260984964     -2.550897001677261
                 270000      2.551349517722149    0.02292362978997343      5.166113461206373     0.6799443423853699
                 271000      2.392393978468867    0.02290771860470752      1.829282485596759    -0.3589468458839221
                 272000      2.641922611861766    0.02288724763450402      8.070018253942518      1.124391065601699
                 273000       2.50814361410367    0.02285963266545928      5.459858712764488     0.7324509397768546
                 274000       2.48561022926501     0.0228322138711735       5.26248197150545     0.6944306387966703
                 275000      2.487603339182311    0.02280498809369532      5.440508343221956     0.7265072277968853
                 276000      2.435183945443637    0.02278087163241705      3.599876317307392     0.3124761466893541
                 277000      2.669843463141496    0.02276085646704951      8.100458950272285       1.12261839729117
                 278000      2.403873596529987    0.02274296766190959      2.287952137990327    -0.1424314237846329
                 279000      2.423899533309891    0.02272055277513584      3.248775539117763     0.2072035293827138
                 280000       2.62696222057146    0.02269833280112381       7.56199722548979      1.051082253250668
                 281000      2.500618088698076    0.02267210224347444      5.673945868266556      0.762675426425068
                 282000      2.685936790691797    0.02265076120245407      7.756103435264813      1.074328969767091
                 283000      2.134982579624309    0.02264746879370596     0.3555963586353814     -2.008255485027958
