#! FIELDS time e sigma_e height
#! SET action OPES_METAD_state
#! SET biasfactor       3.469395073212715
#! SET epsilon    0.007640039155174105
#! SET kernel_cutoff       3.122291642622147
#! SET compression_threshold                       1
#! SET zed      0.1469563387579876
#! SET sum_weights       356.3356770850045
#! SET sum_weights2       732.7635249168313
#! SET counter  284
                      0      2.678115475986303     0.0302899744166689      171.0154566205428
                      0      2.541238674790582     0.0317765979729401      110.5807507504189
                      0      2.716464815994474    0.02980826624413967      84.36712993106875
                      0      2.311867922565707    0.03350065752649752      9.578514772358997
                      0      2.486904042118851    0.03123033614678296      117.1810301204933
                      0      2.629497543809198    0.02945447476527622      189.2698240156181
                      0      2.059181807677535    0.02884175532119678      3.121210016337567
                      0      1.702130855106714    0.03711324157735581      1.825401727497177
                      0      1.955208506729402     0.0306834905355314      4.900730933548556
                      0      2.006051498205275     0.0357519554940053      2.404044417274662
                      0      2.125161284038618     0.0304747706763768      2.818782782092311
                      0      1.553488446818901    0.02919735904114344     0.4218760056375496
                      0      1.836747706234275     0.0342096197466991      4.544614796094059
                      0      1.642128335688316    0.04050534455552712      1.199559643191856
                      0      2.166729781077682    0.03428343046126783     0.5454378295975901
                      0      2.375284272363613    0.03306247834883797      20.01294107405237
                      0      1.895498295245877    0.02904055618150609      5.074672692583291
                      0      2.433445733041417     0.0278929522769597      53.35678630624686
                      0      2.817134657694623    0.02808458479160965     0.1927545413302587
                      0      2.759412221468068    0.02693601422262975      3.992238525760794
                      0      2.575281735995959       0.02555335959336      17.92244197103149
                      0      2.220231439961591    0.02724111807517782      1.055985661306961
                      0      1.740750956860052    0.02492271888328925     0.2422255515223299
                      0       1.59024324310554    0.02295382529873847     0.1712949131164043
