#! FIELDS time e sigma_e height
#! SET action OPES_METAD_state
#! SET biasfactor       4.240371756148875
#! SET epsilon    0.003891431002318289
#! SET kernel_cutoff        3.33135957893421
#! SET compression_threshold                       1
#! SET zed      0.1198181351024849
#! SET sum_weights       430.1264717344964
#! SET sum_weights2       1135.380485958354
#! SET counter  378
                      0      2.661238489050916    0.03140491288746245      281.2573618480962
                      0      2.482031293077096    0.03323491474181102      107.2441092663474
                      0      2.704433773491344    0.03075750924740298      207.2849207487487
                      0      2.581074194180504    0.03413224102478415       162.932485777113
                      0       2.03812007823257    0.02909860898241077      8.164321207525788
                      0      2.311855580859143    0.03212065804780736      8.898142087271143
                      0      2.389443230653642    0.03113970203615899      16.36372778097636
                      0      1.943640123845668    0.02875685494780863      4.391508823811591
                      0      2.089379385304534    0.02809064289456096      5.034925493410782
                      0      1.850754111614095    0.03073729296228783      3.730976355422969
                      0      1.744388953267925    0.03165788859091737      2.532903373295348
                      0      2.219249423306206    0.02766582738249963      3.316935334499488
                      0      1.471303116122771    0.03208776495554085    0.06602233480303142
                      0      1.652407504698955     0.0283533894857483      1.149753525021938
                      0      2.169793143342498    0.02971364879803165      1.887690047738812
                      0      1.986844073914649     0.0295944276193776      6.390518239575802
                      0      1.892435942199413    0.02877818101965618       6.90370506973414
                      0      1.600708324483826    0.02684877644958308     0.7200864476369898
                      0      2.527500147744053    0.02913764898912969      78.73509581559797
                      0      1.544510106523917    0.02725899961601256     0.1959974963679149
                      0      2.433555949313072    0.02788816621017909      37.96442119010768
                      0      1.792378483168489    0.02632647713625938      2.121207517362458
                      0      1.417166946235304     0.0274883153377618    0.03218849202170793
                      0      2.756570580645576    0.02718702962852161      17.43834930365892
                      0       1.68962764819891     0.0249050037958079       1.39286732325887
                      0      2.265534914143347    0.02448025020900521      0.377800686063355
                      0      2.133773166524553    0.02457694530748419     0.5595715155921587
                      0      2.813518858580773    0.02327769963718869      0.238927835315615
