#! FIELDS time e sigma_e height
#! SET action OPES_METAD_state
#! SET biasfactor       2.698418390276557
#! SET epsilon     0.01374333274381851
#! SET kernel_cutoff       2.928208142815685
#! SET compression_threshold                       1
#! SET zed      0.1140394631642485
#! SET sum_weights       526.4888161770042
#! SET sum_weights2       1207.083134375495
#! SET counter  371
                      0      2.508233517123682    0.02983406708760745      174.2825082159869
                      0      2.688337917049369    0.02928091621287435      480.8371469351677
                      0      2.450533383562321    0.03024328343029878      86.52050895189053
                      0      2.561265479747354    0.02898425883801992      164.4139762476084
                      0      2.632742366797181    0.03171752765249145      222.4560288937313
                      0      2.013708388182247    0.02909782137624716      8.465487344745805
                      0      1.940517855389053    0.03490612096103738      5.156630382402478
                      0      1.858030815995775    0.02900734822736865      4.944300385158169
                      0      1.609008597740377    0.03177490511841573     0.5314650672571475
                      0      2.092876343807534    0.03536158414590524      2.450689706519221
                      0      2.736925652599747    0.02763274649574658      82.38955674305355
                      0      2.309272863192661    0.02726303828041952      4.772666936373154
                      0      2.362347585296688    0.02693293470977761      7.108566475664093
                      0      2.236764823945255    0.02691010136105158      1.617717263042349
                      0        1.5427238153214    0.02761544961012421     0.5795508312009389
                      0      1.819195420550271    0.02350131973306054     0.6748677933336593
                      0      1.692921834107762    0.02528471601475409      1.169160826602034
                      0      1.764090023864664    0.02501243611522644      1.943572695462137
                      0       2.18649624678839    0.02524518678714219      2.584269387984738
                      0      1.890941313420037    0.02526446446393815      1.327583254257473
                      0      2.277181334193599    0.02451152515769815      1.391547920116352
                      0      2.393989357091935    0.02336648104674011      8.979624067491628
                      0      2.815174446071131    0.02323884749760333     0.3153816029816438
                      0     0.7210776257272141    0.02323690661197094     0.1738059825022311
                      0      1.660754981932873     0.0229272401624163     0.2387730651441521
                      0      1.387075611444037    0.02289796793261767     0.1763786811079046
                      0       2.77939164630526    0.02288519402969844      1.438457709859379
                      0      1.719869403468582     0.0214218417437954     0.3093442959724049
