#! FIELDS time e sigma_e height logweight
#! SET action OPES_METAD_kernels
#! SET biasfactor       3.469395073212715
#! SET epsilon    0.007640039155174105
#! SET kernel_cutoff       3.122291642622147
#! SET compression_threshold                       1
                   1000      2.663511182010311    0.06206017502565676    0.03010226110527593     -3.469395073212715
                   2000       2.55278666829147    0.05691625590506048     0.3413587673084355     -1.127584820588199
                   3000      2.696745748784792    0.05346365776992579     0.3354033642503693     -1.207763832246648
                   4000      2.559876107335203    0.05008127138058088      1.179422607920569   -0.01567244535785857
                   5000      2.666783327219936    0.04760419233629297     0.7748001688052074    -0.4865738601510946
                   6000      2.734266892856559    0.04577066880165803     0.7123332545183425    -0.6099105184102082
                   7000      2.736541738954274    0.04423006060431519      1.223320173265375    -0.1033712843426907
                   8000      2.471567668152163    0.04336091564994204     0.4184642611282837     -1.195949878167832
                   9000      2.662552905087926    0.04230499337562774      1.455942400538649    0.02621395249067992
                  10000      2.647072429017006    0.04151776482758043       1.79773041270197     0.2183018290435516
                  11000      2.712210774443216    0.04077887386131162      1.940300639983909     0.2766625177003572
                  12000      2.542427254505757    0.04004387965160812     0.8979907074231432     -0.511964276887844
                  13000      2.435028137025666    0.03972283624304772     0.3210819814141617     -1.548477114322775
                  14000      2.672215933572766    0.03919958686267845      2.191329736725213     0.3588301905864118
                  15000      2.532562384036291    0.03860630324246587     0.9922790541949887    -0.4486799092697364
                  16000       2.39174951731458    0.03843336901593144     0.2190092991269051     -1.964059583487652
                  17000      2.686082719309292    0.03814183081425958      2.683297352354808     0.5340134328816409
                  18000      2.541710695713021    0.03760242079353784      1.271787765289564    -0.2268525312826053
                  19000      1.896567750389154    0.03756986820815382    0.04972473106669024     -3.469395073212715
                  20000      2.056178850446277    0.03753741619117563    0.04976771931629682     -3.469395073212715
                  21000      1.694765859386585    0.03750506421384792    0.04981064909553388     -3.469395073212715
                  22000      2.024071021366885    0.03744629889387008    0.09223378565446251     -2.854865461850021
                  23000       2.24773956706648    0.03741422831947156    0.04993158156062245     -3.469395073212715
                  24000      1.856463266746039    0.03735809759807476    0.08897901133253862     -2.893149635766391
                  25000      1.953352383225754    0.03729408607480827     0.1026849632606833     -2.751599385392732
                  26000      2.663829406706645    0.03797093385481991      4.570594164716971      1.062119616879022
                  27000      2.458164261043984    0.03757267949353679     0.9658931866710245    -0.5027694088366823
                  28000      2.715057303850692    0.03740599382236404      4.023418973155828     0.9196184239910719
                  29000      2.718484938654624    0.03718587619243441      4.301392752672351     0.9805233209437122
                  30000      2.696901699159509    0.03707366500353345      5.119534442811462      1.151625822935916
                  31000      2.483537274138663    0.03676017093370534      1.154903523738189    -0.3459128034994504
                  32000      2.529896440978491    0.03638129805493323      1.650307803157871  0.0006721085689017466
                  33000      2.677405661575546    0.03613155673866724      4.892995635333403      1.080626789441486
                  34000      2.685502536216043    0.03588655774846339        5.2202714013229      1.138567620311102
                  35000      2.427944142393106    0.03569969395400725     0.8680571597106487    -0.6607001604788767
                  36000      2.561335130744312    0.03538574826763193      1.827350954199965    0.07483193765266231
                  37000       2.45013372680633    0.03514469526462637      1.320997793106981    -0.2564835175191208
                  38000      2.674892699670921    0.03508882826012167      6.478268523811658      1.331991505943044
                  39000      2.616094869144427     0.0347490377973961      2.953931148270617     0.5369441959940712
                  40000      2.498925307686742     0.0345075808155737      1.687576774646921    -0.0298718897212769
                  41000      2.656288241271072    0.03426490783502762      5.369164570103218      1.120449495922351
                  42000      2.633392298228908    0.03396746219505622      4.262874608308367     0.8810022333147682
                  43000      2.636229957119342    0.03369019594896885      4.540718038061287      0.935947469125646
                  44000      2.465808865950803    0.03352006386174269      1.433269455386498    -0.2222422143978862
                  45000      2.442630102077891    0.03336345150097535      1.331411032526351    -0.3006442212637603
                  46000      2.480997342589526    0.03317377593692857      1.791556434730831  -0.009500121186676706
                  47000      2.662440439204098    0.03296628845164752      5.421641735796629      1.091539587892051
                  48000      2.380106289931366    0.03291566786387275     0.4187636593306193     -1.470844368023224
                  49000      2.671045776889374    0.03274318442844723      6.029790292389303      1.191062501899225
                  50000      2.644592561667134    0.03253303092850347      5.314373376268665      1.058326454877373
                  51000      2.565115720754973    0.03238860389983913      1.629841124857368    -0.1280553921267303
                  52000      2.521514647375117    0.03224036277613935      1.745003907914142   -0.06436859714111016
                  53000      2.459441063816131    0.03209510230671801      1.755381040729697   -0.06295516926555951
                  54000      2.768497697037914    0.03198677018721208      1.234398960589639    -0.4184379965288734
                  55000      2.476756426837115    0.03183110854723523      2.067826264989693    0.09259744757583709
                  56000       1.62027580151703    0.03182501440450965    0.06126421239146974     -3.426651382592354
                  57000      1.628906872858173    0.03181651226781509    0.08582944346289252     -3.089752320948957
                  58000      1.577035907921594    0.03180884427196702    0.07741479999398289     -3.193177491617741
                  59000      2.071604503081696    0.03179923530943118    0.09737873687035174     -2.964049719050402
                  60000      2.153798210291894    0.03179296687587131    0.06332088165140193     -3.394639584645858
                  61000      2.144189104721223    0.03178381507590283    0.09290005330331598     -3.011618421268897
                  62000      1.955229195470845    0.03177252622279646     0.1150885333921759     -2.797796192339938
                  63000      1.921119339013762    0.03175913384812547     0.1371653122046783     -2.622732620152383
                  64000      1.634824786671621    0.03174668421890681     0.1275891118361028     -2.695496518537557
                  65000      1.918971553841995    0.03172904527058082     0.1824547851161152     -2.338364935695213
                  66000      1.730445398222419    0.03172184614392476    0.07355912192482018     -3.247004782064394
                  67000       1.99452023448042    0.03170752520865162     0.1479664721177693     -2.548560091852294
                  68000      1.863254426883266    0.03169391051738649     0.1408227798147869     -2.598473056922476
                  69000      1.848332646691462    0.03167815559791054     0.1637930767859533     -2.447868591454069
                  70000      2.117116459480987    0.03166578837734063     0.1282424362343615     -2.692940468527284
                  71000       1.98159900828039    0.03164559374460182     0.2122093727261706     -2.189927525978043
                  72000      2.109581333537853    0.03162904119114837     0.1735239421741658     -2.391708532513384
                  73000      2.090385799926145    0.03160891453372687     0.2126393695602807     -2.189063024759275
                  74000      1.949091597878396    0.03158239036640451     0.2838365644088021     -1.901101547751489
                  75000      2.006272441465209    0.03155763253202192     0.2652829365886031     -1.969487421212793
                  76000      1.648910975024633    0.03154217011348682     0.1639715548879906     -2.451081489940445
                  77000      2.695621720403317    0.03144627657262945      6.857773266810185       1.27931881431819
                  78000      2.533638532395434    0.03129639024577575      2.342627996886986     0.2004315758469946
                  79000      2.347174547542674    0.03128033258915253     0.1858479697902946      -2.33418132017007
                  80000      2.356084407663769    0.03125370422893944     0.3142617862758919     -1.809735583904519
                  81000      2.355371716927011    0.03122103097120293     0.3911798781285022     -1.591840403320892
                  82000      2.243019692335542    0.03121389955464464    0.08232986100640531     -3.150502473988266
                  83000      1.783902606287795    0.03120626855770968     0.0882574930246272     -3.081222252254701
                  84000      1.661171961878462    0.03118886932707631     0.2045840821593251     -2.241059511694184
                  85000      1.781762069209695    0.03117817582253342     0.1247299618900927     -2.736230388417252
                  86000      1.811253065939483    0.03116278668115909     0.1811311069655013     -2.363654075912814
                  87000      1.993364925157002    0.03113156536236604     0.3782117453822602     -1.628423361575814
                  88000      1.873334321573064    0.03111101327499937     0.2456924660744591     -2.060457344158919
                  89000      2.036128737540704    0.03108488214829955     0.3163419126325025     -1.808554614116218
                  90000      2.018209467751628    0.03104874858237476     0.4470539484586179      -1.46386205954698
                  91000      2.302873534345304    0.03103410556619602     0.1755751442158676     -2.398945938481829
                  92000      2.117627344907593    0.03100947863720177     0.3009629050226117     -1.860819902937761
                  93000      1.938558146542365    0.03097557926246852     0.4227914453373575     -1.522021692460352
                  94000      2.700770238413088    0.03089545143276811      7.103176724313612      1.296806517964947
                  95000      2.467385053502647    0.03075270515884201      2.640119319105032     0.3024575135739103
                  96000      2.401928588410717     0.0306774309462698      1.121788237625151     -0.555893273544912
                  97000      2.456507205862555    0.03053554814077807      2.821900229571248     0.3619574538159882
                  98000      2.549538726088692    0.03040609360262889      2.493867960028818     0.2341333763625808
                  99000       2.25712088931398    0.03039631512626399     0.1356615533118581     -2.677615247602594
                 100000      2.645029679511151    0.03030126737618389      6.783969521970101      1.231407382860687
                 101000      2.713087553892602    0.03018659449768115      6.366237136749592      1.164061951481354
                 102000      2.614071450155898    0.03004273606588025      4.428851581767925     0.7964166551094219
                 103000      2.181194548048457    0.03003400028273826     0.1372109571252575     -2.678250184000268
                 104000      2.500713315777595    0.02990734187332881      3.042670294044671      0.416494951697271
                 105000      2.750679680834694    0.02977776832005359       3.41621614156039     0.5279510705575111
                 106000      1.815342177143659    0.02976327084829076     0.2430802697798709     -2.115433012635696
                 107000      2.151317184897439    0.02974751192003123      0.265559007841617     -2.027517277904922
                 108000      1.761607098498382    0.02973647241612068     0.1846408552286823     -2.391312906145655
                 109000      2.493763455130599    0.02961086739184637       3.43893056388311     0.5289574138035308
                 110000      2.303931815230619    0.02959705202701984     0.2391151826115666     -2.137479707064674
                 111000      1.736261089775937    0.02958652503344213     0.1813024119548265     -2.414614397542672
                 112000      2.104965040095458     0.0295648909869442     0.3826079797987614     -1.668501385616765
                 113000      2.186363815639209    0.02955232000772075     0.2185931747543234     -2.228725236452218
                 114000      2.143551119525841    0.02952843505403445     0.4270722054223204     -1.559793043692496
                 115000      2.086709608650925    0.02950338926822457     0.4508815955037673     -1.506389926661608
                 116000      2.206408950737013    0.02948992241815134     0.2369867502106944     -2.150047015877153
