#! FIELDS time e sigma_e height
#! SET action OPES_METAD_state
#! SET biasfactor       2.698418390276557
#! SET epsilon     0.01374333274381851
#! SET kernel_cutoff       2.928208142815685
#! SET compression_threshold                       1
#! SET zed      0.1519593516228535
#! SET sum_weights       323.7712775375397
#! SET sum_weights2       642.0752596324288
#! SET counter  241
                      0      2.658589034219503    0.02973312248420333      194.7887434156652
                      0      2.514628328788539     0.0339253639096025      151.6644498962202
                      0      2.379089425613235    0.02876029024497662      13.02660901405706
                      0      2.701445479037837    0.02952066022340389      189.1448248619654
                      0      2.435671352396861    0.03053224839384003        44.066639789671
                      0      2.606784743408569    0.03374383531559139       73.3479483769098
                      0      2.019575939005231    0.03159104345429344      2.051968806306557
                      0      1.916706443687575    0.02657667197353505      1.651624302113558
                      0      1.862660057117272     0.0294405929940048      1.166211121611449
                      0      1.479739049620854    0.03301796949187246      0.122318647880523
                      0      2.342379969487047    0.02661008901313434      2.726159623252387
                      0      1.948891993188503    0.02715723719338076      1.608969025388296
                      0      2.123892909801621    0.02655837308358044     0.6017859256318863
                      0      1.630819405368341    0.02767411522654542     0.1459383019455019
                      0      2.220184526144894    0.03120855172098616      1.921410363702299
                      0      2.058697364197751    0.02625675756572811       1.90047945319882
                      0      1.760732623491928    0.02569151275596795     0.3467428442861639
                      0      2.275840504712729    0.02803733031426784      1.122777466738518
                      0      2.558174211941758    0.02480515846340154      20.57776483916111
                      0       2.75298756765331     0.0266272640533271      5.930520364249293
                      0      1.714036701493139    0.02415085530917841     0.3837014770099998
                      0      2.469228326056049    0.02512531103165949      23.28283692820765
                      0      2.802584186320761    0.02380785654504717     0.2487263492788424
                      0       1.98434372575615    0.02300437173067931      0.390722201216899
