#! FIELDS time e sigma_e height logweight
#! SET action OPES_METAD_kernels
#! SET biasfactor       2.698418390276557
#! SET epsilon     0.01374333274381851
#! SET kernel_cutoff       2.928208142815685
#! SET compression_threshold                       1
                   1000      2.684349083434607    0.06053155025577301    0.06672079877255445     -2.698418390276557
                   2000      2.710559194874981    0.05392722646309606       1.05789912107242   -0.05042410246918048
                   3000      2.627865525527916    0.05070157970562287     0.5969733951421176    -0.6842702250421389
                   4000      2.489296996354221    0.05009694374393848    0.09953046689276387     -2.487676040866993
                   5000      2.485141863135385     0.0484180066187134     0.3664929848377367     -1.218248678911387
                   6000      1.946297183295189    0.04800493975470133    0.08413120409365099     -2.698418390276557
                   7000      2.119515623732187    0.04760472008479125    0.08483850712308852     -2.698418390276557
                   8000      1.868854615608344    0.04678192713067388     0.1993885700684559     -1.861347351023704
                   9000      1.864755425824585    0.04502600424675793     0.7806920019475114    -0.5346789378332565
                  10000      2.455563003608524    0.04357208031358754     0.9738508028077193    -0.3464251437068167
                  11000      2.694346706083443     0.0430267204622222      1.873221388472246     0.2951363829855114
                  12000      2.507170870999463    0.04189901136682965      1.250910829616173    -0.1352103809754575
                  13000      1.645564900233522    0.04174012203126008     0.0967585427992165     -2.698418390276557
                  14000      2.642407841970961    0.04104627957998043      1.968873104765216     0.2978169891849715
                  15000      2.356974319298177    0.04077343017309298     0.2207607543096155     -1.896989637736724
                  16000      2.474490948722493    0.04013628484752595      2.109166918140201     0.3442292659907024
                  17000      2.582748562391424    0.03937715434704649      1.409577850352246   -0.07786849034867983
                  18000      2.600492141953148    0.03880670325426885      2.186515050652573     0.3465574090625606
                  19000      2.575459915732641    0.03829850912407153      2.384704410837061     0.4201415868459626
                  20000      2.378425012529206    0.03795551814906672     0.5947648301748412    -0.9775188581477444
                  21000      2.555551856587324    0.03752844612152335      2.589202152940731     0.4821044256281626
                  22000      2.688598933327611    0.03701647276026931      2.002918246200547     0.2116237012571691
                  23000      2.699968167866095    0.03656317559614104      2.295667939703374     0.3357208828757368
                  24000      2.676629654281431    0.03620048586941816      2.787454383187911     0.5198567502033801
                  25000      2.243241087623761    0.03615219896359601     0.1137650541593505     -2.680226672248614
                  26000      2.713828546093105    0.03580770726781569      2.883909475824809     0.5429654253439841
                  27000      2.653150035225601    0.03550811435935371      3.178093956340183     0.6316983139337689
                  28000      2.496674977482214    0.03513854607055596      1.932172546579617     0.1235991859672285
                  29000      2.558329965402793    0.03479854098102126      2.634121897194611     0.4237807784548356
                  30000      2.701822916987315    0.03453814423826685      3.359314674760164      0.659456768477154
                  31000      2.185328595146407    0.03449236410352837     0.1689856167384398     -2.331548268751999
