#! FIELDS time e sigma_e height logweight
#! SET action OPES_METAD_kernels
#! SET biasfactor       5.011348439085033
#! SET epsilon    0.001910020759284688
#! SET kernel_cutoff       3.538542402811424
#! SET compression_threshold                       1
                   1000      2.626954455113551    0.06321896844457647   0.006322704301097473     -5.011348439085033
                   2000      2.668314235541351    0.05524683599605736     0.9164536791339412    -0.1697772445265256
                   3000      2.510631271524864    0.05479220995019281    0.04340031803328355     -3.228085042513343
                   4000      2.616498183199584    0.05086022517185412      1.396379318719924     0.1686193107620078
                   5000      2.465156723060164    0.05033190855366815     0.1015091745285269     -2.463311416498259
                   6000      2.524747972337898    0.04832238306124485      0.562002004049301    -0.7926995546619656
                   7000      1.747002494988477    0.04828696929340168   0.008277902911377985     -5.011348439085033
                   8000      1.916800914848265    0.04825162970984205   0.008287962087903033     -5.010866126449227
                   9000      2.686972079016538    0.04687258750414373      2.159387109988342     0.5229128902227279
                  10000      2.059545538224794    0.04684855371934589   0.008765213424208647     -4.984388835775119
                  11000      1.585044375299966    0.04682507252491137   0.008582718729716731     -5.005930312451991
                  12000      2.633716498927735    0.04737749344203721      4.223257874507642      1.204409570197424
                  13000      2.156185715146814    0.04735929650623151    0.01057244024051314     -4.786086066917694
                  14000      2.659752859921404    0.04653764358780966      5.400627372363342       1.43243208928275
                  15000      2.347350985405305    0.04652190023820599    0.01406818810644518     -4.518260580868161
                  16000      2.443000349650325    0.04622313251235158     0.2829424018571268      -1.52337611477409
                  17000      2.500135804636596    0.04546737060118952     0.8283445722438447    -0.4656756842801881
                  18000       2.27557409405006    0.04545028173970481    0.01707352615524233     -4.347951735919962
                  19000      2.224337420142815     0.0454183486139528    0.03205847123308048     -3.718622201826239
                  20000      2.305984382256443    0.04535538056537291    0.06383757817364744     -3.031229009812926
                  21000      2.472429966282455    0.04439769914868673      1.265544722602382   -0.06565427485604726
                  22000      1.910635194638263    0.04437613879078729    0.02430950830946525     -4.018530368578464
                  23000      2.640980566217987    0.04397011346863335      7.081272632222401      1.646619243425734
                  24000      2.717051853655443    0.04272477697914084      3.694688402871337      0.967330668296561
                  25000      1.982631215760942    0.04271318958079252    0.02157047345447823     -4.176266669351634
                  26000      1.974923091082983    0.04268969167514594    0.04394294932958135     -3.465250176423144
                  27000      1.902017847746622    0.04266180848050811     0.0523393476339979     -3.291047303154091
                  28000       2.06486377667817    0.04264649261590273     0.0287324293269578     -3.891128380518762
                  29000      1.942357348025693    0.04259463104780554    0.09847508789689167     -2.660568026175889
                  30000      1.932550691342401    0.04250814953190724     0.1668301695422011      -2.13542768383998
                  31000      2.054254522555991     0.0424778834911984    0.05797039144415799     -3.193183901306578
                  32000      2.019248502979027    0.04241444154124941     0.1231072841052029      -2.44155473087042
                  33000      1.962844152759126    0.04228184024006105     0.2646783187827647     -1.679226958839489
                  34000      2.100383870344443    0.04224003935686393    0.08233897565997905     -2.847886694167807
                  35000      2.294123797815613    0.04219444088015702    0.09033150657462757     -2.756325051951468
                  36000      2.207073361484288    0.04216210264955447    0.06412312987363723     -3.099772925821132
