#! FIELDS time e sigma_e height logweight
#! SET action OPES_METAD_kernels
#! SET biasfactor       3.469395073212715
#! SET epsilon    0.007640039155174105
#! SET kernel_cutoff       3.122291642622147
#! SET compression_threshold                       1
                   1000      2.677363327817264    0.06206017502565676    0.03010226110527593     -3.469395073212715
                   2000      2.086545004918688     0.0613590197611887    0.03044624246170084     -3.469395073212715
                   3000      2.525881192451544    0.05902150263146413     0.1221268068526288     -2.119138106952016
                   4000      2.359027534399357    0.05760471967246705    0.08338364090277545     -2.525043200221646
                   5000      2.683339120522908    0.05253965386766725     0.6816309397472081    -0.5160432776394565
                   6000      2.574912032075637    0.04923140897934813     0.9639756401488441    -0.2345020027673568
                   7000      2.674183276870881    0.04773605109779098      1.784337992653308     0.3503898124000238
                   8000      2.665898752155671    0.04672312994969911      2.543132329645905     0.6832912897513419
                   9000      2.630148054431227    0.04512806714410605      2.445342946544849     0.6093451995998007
                  10000      2.011117935020419    0.04502652612843471    0.06057455669908555     -3.090973107121922
                  11000      2.057039558622691    0.04481870677043308     0.1284374676213807     -2.344032074503743
                  12000      2.419820507203073    0.04462384133480983      0.122757796227221     -2.393618288217093
                  13000      2.650662626285073    0.04401685279403197      3.774229240287811      1.018424203505943
                  14000      1.710360079329319    0.04396720964274399     0.0424896555419625     -3.469395073212715
                  15000      1.870498179833685    0.04391776440560661     0.0425374929290106     -3.469395073212715
                  16000      1.677396545006816    0.04380827539175345    0.09613779501515177     -2.656494578725474
                  17000      1.894280156060558    0.04369019008894391     0.1051437555751498     -2.569647732883917
                  18000        2.4422819588876      0.043401537288154     0.2731849665764025     -1.621455880329338
                  19000      2.603692017734959    0.04240677462080088      3.518664642158625     0.9110451206555457
                  20000      2.700451314551834    0.04136913489680437      2.809177071878054     0.6610820901387306
                  21000      2.645834298404892    0.04072336248541732      4.411280653212398      1.096622427237899
                  22000      2.568886412533784    0.03995494695062027       2.18574381305036     0.3753641193658109
                  23000      2.452999919001802    0.03979878532218966     0.3165516830098493     -1.560776925219809
                  24000      2.355568524354866    0.03971261836815362     0.1726022455385274      -2.16944107234867
                  25000      2.470653968212742    0.03948739209036323        0.4871194841105      -1.13760896759474
                  26000      1.600731077661832    0.03945365126595057    0.06862966954999306      -3.09824830196614
                  27000       1.66103793933999    0.03937621960798521     0.1611814892358841     -2.246406777931041
                  28000      1.797708847470948    0.03934167373986409    0.07121589363488126     -3.064099464935154
                  29000      1.835480943537821    0.03926703080411138      0.157283903561689     -2.273662109970907
                  30000      1.878023931023278    0.03915432936808026     0.2439707754215212     -1.837540395509718
                  31000      2.443987155027474    0.03885934669089061     0.7176385518181053    -0.7661851766912572
                  32000      2.698952657034839    0.03829658689361949      3.977886664514392     0.9317669044008003
                  33000      2.649807365325155    0.03801759021725587      5.545517749803677      1.256694379668594
                  34000      2.768890844812241    0.03773767189194966     0.9645261352506503    -0.4998040620643091
                  35000      2.724765105888865    0.03720415944000818      3.309229389868387     0.7187913552651464
                  36000       2.65899609110649    0.03683589629477674      5.285560429654704      1.177106905572562
                  37000      2.514514349064797    0.03663388898311409     0.8710000194817763    -0.6314841014842573
                  38000      2.549532654161776    0.03629128014344566      1.809335981678512    0.09019285077480632
                  39000      2.537430978661973    0.03595900768597492      1.869242099048779     0.1135681061471616
                  40000      2.512334901914256    0.03567270421732942      1.608003899830835   -0.04496515761090784
                  41000      2.428905561866745    0.03553171322583547     0.6988753225451847    -0.8822018523324141
                  42000      2.641134200170519     0.0352386266159488       5.29312335556103      1.134206763799962
                  43000       2.47324405224039     0.0350374255865931      1.214350963403654    -0.3437180219902433
                  44000      2.319767399348386    0.03500889559823782     0.1486024959389104     -2.445222723556988
                  45000      2.520990317667147    0.03472908694188492        2.0391312791348       0.16575688760121
                  46000       2.44346819583914    0.03454775983546626      1.174130669653928    -0.3914738342930309
                  47000      2.486721913536402     0.0343006038657838      1.873290263583074    0.06851478121456191
                  48000      2.320783237808767    0.03426449713290301     0.2125802828501364     -2.108670373434681
                  49000      2.219259409078044    0.03425365555223802    0.06265449402422703     -3.330671139739471
                  50000      2.709196933350423    0.03395602275043715      4.119158244180915     0.8463705094735023
                  51000      2.627118179577181    0.03370205092871327      4.980611816612794      1.028766869935269
                  52000      2.703082096242318    0.03343806915070501        4.5698827405728     0.9348380296777004
                  53000      2.240315147788386    0.03342332520733979     0.1054521213999721     -2.834588801146477
                  54000      2.443192321911836    0.03325965305293131      1.449236316229552    -0.2189627806464953
                  55000       2.63604712120795    0.03304667385218225      5.426228807896722      1.094820741283041
                  56000      2.425308647705304    0.03290808287909989      1.305572366294529    -0.3339847149276619
                  57000      2.497288101624932    0.03271739098840099      2.109922478080095     0.1402134153815686
                  58000      2.426414093837879    0.03256630842765942      1.569127770432889      -0.16054638733058
                  59000      2.639794891826062    0.03239032418183144      5.761136829137738      1.134650001015643
                  60000      2.666638183082885    0.03222934381800301      6.117549212645882      1.189694334913965
                  61000       2.51533699933937    0.03205974820973046      2.248829715383136     0.1836666856155047
                  62000      2.047277075617358    0.03204645121944034     0.1316624891173144     -2.654671642843961
                  63000       2.36719869712845    0.03199751004552441     0.5112870952738013     -1.299510489791739
                  64000      2.285322735976656    0.03197928750269833     0.1833396411672849     -2.325671018178433
                  65000      1.987525163473868    0.03196720210900289     0.1208950745818297     -2.742466380915809
                  66000      2.693831539386393    0.03178825698555333      5.513172462717417      1.071892604215083
                  67000      2.399180445169008    0.03169429272135729      1.144509896791348    -0.5032314302487171
                  68000      2.405954382239009    0.03158218147572361      1.451543471057427    -0.2691240249264703
                  69000      1.955268048791782    0.03156987370168676     0.1346309280454629     -2.647359370951445
                  70000      2.136910135350439     0.0315620232497631    0.08547341927864834     -3.101939797262826
