#! FIELDS time e sigma_e height
#! SET action OPES_METAD_state
#! SET biasfactor       3.469395073212715
#! SET epsilon    0.007640039155174105
#! SET kernel_cutoff       3.122291642622147
#! SET compression_threshold                       1
#! SET zed       0.150607500558495
#! SET sum_weights       70.58601688811845
#! SET sum_weights2       153.8052145521982
#! SET counter  71
                      0      2.653812182023752    0.04322336576915509      60.86684830090174
                      0       2.04801501427449    0.04679400548829968     0.3511207558994815
                      0      2.579120113482636    0.04732716271800474       8.59984688388897
                      0       2.34982614551574    0.04193803529773223      1.128455760504151
                      0      2.449676516793809    0.04162216572226275      11.20183615388489
                      0      1.673273601890956     0.0447638167901368     0.2998089397929984
                      0      1.881570737573537    0.04173052332656386     0.3916520239256816
                      0      1.600731077661832    0.03945365126595057    0.06862966954999306
                      0      1.823708619847088    0.04300937314280522     0.2284997971965703
                      0      2.768890844812241    0.03773767189194966     0.9645261352506503
                      0      2.705705644717032    0.03550229183859518      17.51144283733952
                      0      2.516193230111709    0.03652188699362569      10.74612949095942
                      0       2.23246752887182     0.0352379758665432     0.1681066154241991
                      0      2.285322735976656    0.03197928750269833     0.1833396411672849
                      0      1.987525163473868    0.03196720210900289     0.1208950745818297
                      0      2.402967988310104    0.03180994786376685      2.596053367848775
                      0      1.955268048791782    0.03156987370168676     0.1346309280454629
                      0      2.136910135350439     0.0315620232497631    0.08547341927864834
