#! FIELDS time e sigma_e height logweight
#! SET action OPES_METAD_kernels
#! SET biasfactor       2.698418390276557
#! SET epsilon     0.01374333274381851
#! SET kernel_cutoff       2.928208142815685
#! SET compression_threshold                       1
                   1000       2.69805738655151    0.06053155025577301    0.06672079877255445     -2.698418390276557
                   2000      2.527339646902748    0.05894341864683481    0.08348238895696353     -2.500886164507844
                   3000      2.621305041133146    0.05309897575642037     0.9054200211638074    -0.2215432542821041
                   4000      2.626194137923098    0.05036818761024927      1.727239157422863     0.3715394863593949
                   5000      2.407250563793261    0.04989294065152309     0.1042898894605538     -2.445045898155108
                   6000      2.467536298819401    0.04873930814330336     0.2999612698706405     -1.411960622061102
                   7000      2.435795553929302    0.04690720083757962     0.6852422603375372    -0.6241562010910098
                   8000      2.684625054848042    0.04508990468240593      1.336844648349518   0.004625913432718014
                   9000      2.519381803328791    0.04386727484678772      0.739502346420514    -0.6149537916605049
                  10000      2.690091445416845    0.04264968317262794      1.566225828330159     0.1073440774238357
                  11000      2.471250329242192    0.04165574743438637     0.9686160181523643    -0.3967922212289305
                  12000      2.409593229473725    0.04081472152349813      0.894206998274871    -0.4971197131538749
                  13000      2.654727929821926    0.04005928526883637      1.831194012658414     0.2009841463631284
                  14000      2.696340790648783    0.03933244122440478      1.735538734453627     0.1290229675549541
                  15000      2.777976692044538    0.03898655391854471     0.4284198139042455     -1.278779437393584
                  16000      2.549083802610101    0.03841005374112688     0.9808197740622721    -0.4653918735680611
                  17000      2.510414127287057     0.0378305320384235      1.258061547191901    -0.2316559780300091
                  18000      2.410860922459675    0.03731580982864195      1.138899096552326    -0.3448653783436815
                  19000      2.663481744619516    0.03692711511228574      2.242416059693203        0.3221554285378
                  20000      2.456007057248036    0.03645863690052081      1.461908871901906    -0.1184231515683371
                  21000      2.555250661897758    0.03604088829547281      1.240018617645636    -0.2945640885629766
                  22000       2.55119662108415    0.03563319982838271      1.511466526018754    -0.1079863907050296
                  23000      2.672560765914036     0.0353079534765182      2.254812059540219     0.2828303128847182
                  24000      2.579882645751014    0.03494567684435185      1.643430286845944   -0.04376410090690302
                  25000      2.534663870395447    0.03460803364407387      1.852636768469737    0.06635118373176292
                  26000      2.732824379042305    0.03429495632291306      1.405666221434838    -0.2188348954861635
                  27000      2.491834927917644     0.0339894541484571      1.713039967074407   -0.03002470712819692
                  28000       2.48314800188862    0.03370113159913317      1.850556714277573    0.03867337363918016
                  29000      2.440873626384401    0.03342619302983786       1.64444047336029   -0.08760455854850155
                  30000      2.688253037249056    0.03318663531771637      2.291982156557015     0.2372196957087776
                  31000      1.642603276691438    0.03315259464990463     0.1218219396296276     -2.698418390276557
                  32000      1.937523732999449    0.03311868193827176     0.1219466822844506     -2.698418390276557
                  33000       2.13109311678062    0.03308489636914442     0.1220712115566055     -2.698418390276557
                  34000      1.885390416927917     0.0330438457807154     0.1503650289812311     -2.491198637196584
                  35000      2.396747601863533    0.03280056136418136      1.603167269317928    -0.1319177163614352
                  36000      1.786537701255854    0.03276840598883701     0.1232502241757514     -2.698418390276557
                  37000      1.862145640335955    0.03270937529494659     0.2355830944326589     -2.052374404302253
                  38000      2.003966220257776    0.03267382830637405     0.1387146050853265     -2.583106819762157
                  39000       1.84943538122476    0.03258404237617608     0.3811836496516373     -1.574995891262602
                  40000      1.691196991080474    0.03254253360170584     0.1664468317212366     -2.404875951875353
                  41000      2.484112076294388    0.03246685338417196      3.280564437918349     0.5738906031166439
                  42000      2.317218673781276    0.03239066878617405     0.3469205812321271     -1.675133579091117
                  43000      2.464000278973682    0.03236201001449442      3.688074394599243      0.687745119770012
                  44000      2.731736643956848    0.03215925143523633      2.507275090200073     0.2955521475459081
                  45000      2.638229820671425    0.03203751933093207      3.374794890055718     0.5888976820133385
                  46000      2.769238974571193    0.03185077047037702      1.464228703889536    -0.2519543680617694
                  47000      2.657451720251297    0.03181122547395961      4.055464390177884     0.7655398714644889
                  48000      2.612073549263598    0.03166020595536745      3.310209878270678     0.5577275921441789
                  49000      2.530989896881893    0.03147949519874389      2.807119812931899     0.3871508056730705
                  50000      2.566187301234339    0.03130463907041959       2.84231045623998     0.3940389998116096
                  51000      1.967172222040084    0.03127059081429886      0.229665502291857      -2.12279786346163
                  52000      2.596128175137698    0.03112010230088213      3.266311694930883     0.5271708506729884
                  53000      2.218410320648886    0.03110119584588813     0.1314670607123026     -2.686097239761609
                  54000      2.463270967444197    0.03096306572514552      3.461133024444492     0.5800465029044558
                  55000       2.27481722960955    0.03093064621150607     0.2433628631192341     -2.075798768620075
                  56000      2.571078683081413     0.0308114544804667      3.759780539316001     0.6579025458318731
                  57000      2.643294468371139    0.03073187236032893       4.33444741194368     0.7975498722739227
                  58000      2.477818783762832    0.03061912908411142      4.026855170718145     0.7202661015522865
                  59000      2.089764105030687    0.03059902508963846     0.1724369816597921     -2.431099846556073
                  60000      2.657773403682234    0.03053168192188976      4.710282700251466      0.874168261311505
                  61000      2.692573253905377    0.03041642800171182       4.15814281867791      0.745706831794873
                  62000      2.577063347024052    0.03028831558994896      3.917143934625539     0.6817802519743732
                  63000      2.405100327250233    0.03014520781236399      2.396097141989279     0.1855226262870138
                  64000      2.461302079214296    0.03002965564956047      4.140233050541744     0.7285929314805425
                  65000      2.343336885482931    0.02999055517285091     0.4347681333469451      -1.52640447449155
                  66000      2.705583112210015    0.02986306300316146      3.744418565108459     0.6225441520374224
                  67000      2.690539772667057    0.02976324096897126      4.489002383963631     0.8005600362080075
                  68000      1.781817809318539    0.02974368177341974     0.2273344522684217     -2.183060817966813
                  69000      2.145240451049288    0.02972528669187654     0.2139373000765183     -2.244418772072126
                  70000      2.381285548942599    0.02962386302287971      1.556040406041121    -0.2636199491660302
                  71000      2.764185860412544    0.02952176475772687      1.620651522663164    -0.2263885396336257
                  72000      2.535001380861901    0.02940226163484294      3.685003189070736     0.5909984265794495
                  73000      2.400453766174506    0.02928253152151364      2.514420643384316     0.2046889987330068
                  74000      2.322135393136763    0.02924406769347024     0.5232006921747642     -1.366457978888233
                  75000      2.704709758896128    0.02914352724548966      4.237747960048254     0.7219202626604342
                  76000      2.292649567488033    0.02911005160271343     0.4693849948525261     -1.479592994516529
                  77000      2.647956055699966    0.02902761875463555      4.742288146911775     0.8304229360421336
                  78000      2.650272537235453      0.028954832169204      5.040023134016009     0.8888032143311093
                  79000      2.696744618532297    0.02887036602202848      4.809463544012181     0.8390566582417314
                  80000      2.625936704557761    0.02877562215716262      4.488651181110005     0.7667362651254994
                  81000       2.39321333970826    0.02867835882081462      2.225830869276114    0.06192849835743137
                  82000      2.569789722553885    0.02857338399540689       3.62938750275624     0.5471949947848006
                  83000      2.258836877487389    0.02855165265225131     0.3609355937997656      -1.76168548864522
                  84000      2.740103800282477    0.02845147044373792      2.711385068925532     0.2513148820787466
                  85000      2.276708862357343    0.02842051125443047     0.5440273115193741     -1.355989278854443
                  86000      2.650600087963912    0.02835039289091599      5.149419457734204     0.8891803081096985
                  87000      2.371438990548889     0.0282773523584795      1.622132115019848    -0.2685419436786431
                  88000       2.48646640055797    0.02817981621986097      3.435925989140619     0.4785478866346803
                  89000      2.584998234442543    0.02808578179754263      3.799780097964011     0.5758620963120131
                  90000      2.459484798066157     0.0279927502066018      3.677032717093804     0.5397070932822176
                  91000      2.640096221806608    0.02792225184108214      5.068336238981924      0.858091971509398
                  92000      1.919858585675763    0.02790836975019911     0.2718957634998997     -2.067754435897993
                  93000      1.939910058261596    0.02789139395300277     0.3366762341654318     -1.854659921349916
                  94000      2.119875087669944    0.02787732944759405     0.2771215909377263     -2.049829680960818
                  95000      2.030706848630284      0.027867017365554      0.201264183883945     -2.370037632230995
                  96000      1.864655010632263    0.02784746485313737     0.3940576961116481      -1.69886057217826
                  97000      1.905404728859402    0.02782604711685628     0.4360080134310816     -1.598466689909451
                  98000      1.701534324571224    0.02781507162414249     0.2165833880114706     -2.298546185350501
                  99000      2.027383599627205    0.02780117446210668     0.2773700219538354     -2.051669140459267
                 100000      1.755480390667644    0.02778866379629391     0.2491718573019324     -2.159328832422323
                 101000      2.001868687283808    0.02777119527559203     0.3545043947863994     -1.807379755802645
                 102000      1.929864485565182      0.027747265097833     0.4985204707763993     -1.467317907595906
                 103000      1.971635134828983    0.02772457648213341     0.4726139440573959      -1.52150171444576
                 104000       2.02348154590517    0.02770276295805028      0.454849164864053     -1.560601829009768
                 105000      2.099286584780255    0.02768684053485749      0.326442003409012     -1.892890310111305
                 106000      1.912060983846205    0.02765779478401347     0.6271201277397933     -1.241054130385669
                 107000      1.936696926167533    0.02762486825987472      0.726619304072431     -1.094980763142126
                 108000      1.944572952869962    0.02758836496728945     0.8239002515090286    -0.9706562479304054
                 109000      2.377409652053883     0.0275190532810741      1.952102081485549    -0.1105591684059233
                 110000      2.375586906846682    0.02744808590165171      2.086652847424317   -0.04648685327474355
                 111000      2.482334334812097    0.02736766345563237      3.821323270106155     0.5556143567957802
                 112000       2.70084742929505    0.02729756051194646      4.633966234101928     0.7458659168675041
                 113000      2.532174708089118    0.02721871169463664      3.637596996797358     0.5008834024426843
                 114000      2.696280030481928    0.02715577259929671      4.976723350995103      0.812016793153539
                 115000      2.524166659277442    0.02707955405069138      3.766571665854632     0.5305996331165357
                 116000      2.229423792694761    0.02706573585724529     0.3333814760613913     -1.894543864737235
                 117000      1.693863510274475     0.0270537352780181     0.2882074486467188     -2.040594228893164
                 118000      2.135058711028363    0.02703829748882046     0.3766459801044934     -1.773539853249711
                 119000      2.053944922713062    0.02702215304878605     0.3961528124182525     -1.723642801560762
                 120000      1.931784334809391     0.0269870736579474      0.943821572858118    -0.8568047067705908
                 121000      1.850175351708475    0.02696806258969383      0.476859880563577     -1.540223846091787
                 122000      1.824463848642678    0.02695027423344721     0.4454746779951302     -1.608965962484554
                 123000      2.666895762405771    0.02691083177744913      5.886049289519835     0.9707693354459204
                 124000      2.661121664400427    0.02687331495933109      6.044698828705048     0.9959708843438215
                 125000      2.611716347067274    0.02680697878498231      4.629889384147394     0.7268506705204688
                 126000      2.602715513012136    0.02674077673501816      4.583734227134491     0.7143590560697015
                 127000      2.660442191593979    0.02670381682709904      6.204702930048599      1.015769486904988
                 128000      2.598096344875237    0.02663875744518147      4.653779486557723     0.7257023221843317
                 129000        2.5325478365366    0.02657083769090592      4.054078615715619     0.5851931647263714
                 130000      2.513394290492992    0.02650404869466665      4.102477684017705     0.5945440443927111
                 131000      2.754683755869276     0.0264516107147556      2.030858782581811    -0.1105687599818651
                 132000       2.68234352310785    0.02640876257215359      6.010209714603264      0.972810950685322
                 133000      2.268335775155649    0.02639034854829363     0.5802180798767882     -1.365697450528645
                 134000      2.409339269745415    0.02633003525345582      2.810334548148324     0.2096692827330917
                 135000      2.683053936016737    0.02628951800377564      6.143301461930884     0.9901880375624418
                 136000      2.200855925602868    0.02628044049986723     0.2851331035088778     -2.080318784837452
                 137000      2.652539298783294    0.02624362978470322      6.385074038562013      1.027041807616789
                 138000      2.683586132177111     0.0262053956702859      6.389131771896667      1.026219155171114
                 139000      2.688182549051985    0.02616543374411392      6.366096041217461      1.021081070062546
                 140000       2.72219815734904     0.0261041423491533       4.23253021587164     0.6105494242213281
                 141000      2.530138160816953    0.02604356701203996      4.128617617842485     0.5833688614794745
                 142000      2.704518134190872    0.02599360897352966      5.696949626773479     0.9034370152703601
                 143000      2.580464802330845     0.0259345446914108      4.170052996993785     0.5891600345101173
                 144000      2.496253283947457    0.02587633543753989       3.92039541309175     0.5251768185462139
                 145000      2.409126408740502    0.02582506344613654      2.734025127365129      0.162775838508922
                 146000      2.577092310206282    0.02576844601252544      4.351093075271309     0.6252332536386446
                 147000      2.644025706314582    0.02572543717683017      6.107760355125016      0.962695865590662
                 148000      2.750781682176515     0.0256795998371201      2.399918649773785     0.0267871746634166
                 149000      2.669521581419014    0.02564767027025101      6.851929715656319      1.074638500515094
                 150000      2.603491848668952    0.02559386271922971      4.684523804474052     0.6922722909278696
                 151000      2.726562361634536    0.02554000212593164       4.12989366011524     0.5641530301069214
                 152000      2.550902700333047    0.02548709869110616       4.53087122098152     0.6547420717483547
                 153000       2.29506950826493    0.02547313707336212     0.6000805091513568     -1.367411564276268
                 154000      2.648103085150967     0.0254354519373886      6.484708488840183      1.011246249374272
                 155000      1.959991526518222    0.02541822990741023     0.7728063113670788     -1.116604761974483
                 156000      2.082751708067635    0.02540942620002722     0.3766592773374992     -1.835638620629035
                 157000      2.719609632604542    0.02535854765047305      4.764957638270367     0.7000599432859068
                 158000      2.638822323291679    0.02531802465509615      6.228751987022554     0.9663480064306198
                 159000      2.537236898973013    0.02526761186424648      4.489132243022554     0.6368382686495784
                 160000      2.272710364250058    0.02525338407713721      0.662414586966553     -1.277248047390923
                 161000      2.670310624903677    0.02522409301754674      7.115515963864378        1.0957327943471
                 162000      2.465780510614248    0.02517633745054136      3.563958889104895     0.4024319756085796
                 163000      2.481342362674775    0.02512817044124096      3.850337690668897     0.4778058392276069
                 164000      2.245765559934909    0.02511643082484247     0.5643486183762773     -1.442905416467139
                 165000      2.657111312432358    0.02508652071546417      7.088007004459972      1.086390317894876
                 166000      2.610534806512451    0.02503975440930026      5.070961729247217     0.7496506658274171
                 167000      2.566168810494747    0.02499251870415347       4.56155694997409     0.6418959676754533
                 168000      2.660763917671463    0.02496408035030879      7.251066842826524      1.104242052267389
                 169000      2.518012757179807    0.02491774820924199      4.278874335775013     0.5749257361711461
                 170000      2.646471893020671    0.02488536866418961      6.960784501214195      1.060227648380041
                 171000      2.739097259945718    0.02484346117328676      3.242950314590123     0.2947335302262966
                 172000      2.428092944226957    0.02480387179780928      2.940177959511862     0.1951253096075541
                 173000      2.516600909240048    0.02475929526419969      4.312537951736489     0.5763830052369642
                 174000      2.677495017715921    0.02472930227944166      7.138397239936705      1.079132580338373
                 175000      2.533414792946719    0.02468546018677845      4.718667451642848     0.6633962918504943
                 176000      2.572301213081221     0.0246420439418387       4.62967300732034     0.6425957660231594
                 177000      2.697928330719589    0.02460417327383127      6.194311298032922     0.9322028498908176
                 178000      2.549506460463768    0.02456189988782404      5.012651323870533     0.7188168765388903
                 179000        2.4637207499384    0.02452187784038999      3.589992372909515     0.3833712079026496
                 180000      2.532964396764194     0.0244804004666156      4.996799554778486     0.7123258726639401
                 181000      2.560278805122273    0.02443953259542644      5.129074979057655     0.7367827742756625
                 182000      2.425715989249772    0.02440420999171358      2.930581442777648     0.1756119438130834
                 183000      2.173743239816124    0.02439934087547617     0.2866564517332362     -2.149259256114259
                 184000      2.533780456924439    0.02435983465325133      5.387961648521228     0.7827582335426333
                 185000      2.697444444741577    0.02432522813862374      6.413152147651189     0.9555203493424083
                 186000      2.058516266015623    0.02431854452654835     0.4101715598566958     -1.794285121815204
                 187000      2.111325092563993    0.02431177944236543     0.4159792563099177      -1.78050346321842
                 188000      2.144322936137355    0.02430513339363274     0.4088615690196391     -1.798035625704336
                 189000      2.116729702388579    0.02429697149744855     0.5085082486154712     -1.580266691536225
                 190000       2.04377933232305    0.02428940479339581     0.4701007647922349     -1.659112537773213
                 191000      1.995912267849775    0.02428096888809047     0.5283922884191368     -1.542567992696687
                 192000      1.930398115127569    0.02426802334172814     0.8426601424617118     -1.076376545056259
                 193000      1.941945974529809    0.02425389545704187     0.9319389242668152    -0.9762553186820399
                 194000      1.783853070524026    0.02424884148234908     0.3109949491296156     -2.073954327579139
                 195000       1.58291637622168    0.02424601038546786     0.1716834796941343     -2.668195210376917
                 196000       2.09293289331279    0.02423751803875257     0.5370287902807062     -1.528146370128623
                 197000      2.159342687942837    0.02423046726096592     0.4417440420279677     -1.723758398258036
                 198000      1.616387238936006    0.02422715224132817     0.2024309303244466      -2.50422710001612
                 199000      1.947389854875379    0.02421202164875029      1.016605374497485    -0.8910262773056425
                 200000      1.983556467116857    0.02420077964508765     0.7322173419986986      -1.21963760663193
                 201000       1.98686260486137    0.02418877034815338     0.7892716366520071     -1.145100809683953
                 202000      1.888835195880881    0.02417899682671084     0.6320327960691314     -1.367674199292375
                 203000      2.004551106448542    0.02416755586635718     0.7518372139733237     -1.194568944482162
                 204000       1.87612583360381    0.02415802742200762     0.6177466230139521     -1.391404739647302
                 205000      2.156216525626342    0.02414998407702417     0.5163136908070068     -1.571101611753549
                 206000      1.923085660957192    0.02413448178240602      1.064081235820409    -0.8485912275017857
                 207000      2.451858411015069     0.0240982509285133      3.655044398832158     0.3839029406116746
                 208000       2.75478764837393    0.02406943917130468      2.393077432598056    -0.0408214442401828
                 209000      1.952199757215487    0.02405290289394704      1.172323567295774    -0.7551011361414887
                 210000      2.197549526598681    0.02404669599543869     0.4026907065664976     -1.823933444954529
