#! FIELDS time e sigma_e height
#! SET action OPES_METAD_state
#! SET biasfactor       4.240371756148875
#! SET epsilon    0.003891431002318289
#! SET kernel_cutoff        3.33135957893421
#! SET compression_threshold                       1
#! SET zed      0.1250860787799054
#! SET sum_weights       198.5101724309027
#! SET sum_weights2       542.9031175771324
#! SET counter  156
                      0      2.723953195983642    0.03357874187913524      72.61817275483378
                      0      2.527626053794226    0.03716298804846248      70.17864257211919
                      0      2.665412454642093    0.03809048077238558      174.2440582402491
                      0      2.350903877687602    0.03302755487901194      4.365041378835806
                      0      2.835592631799799     0.0475322804166624     0.1296725700717636
                      0      2.393658391599785    0.03506559035017458      4.220953016697866
                      0      2.469839347382552    0.03331920754461679      43.21423008765878
                      0      2.263612783033001     0.0331150270382059     0.5686557413465739
                      0      1.882393560746224    0.03570878407984534     0.8469326850826001
                      0      1.948772686148526    0.03442422253962465     0.6392599531200185
                      0      2.139439826425894    0.03176649029196275     0.2719033253217806
                      0      2.010720064903849    0.03080460726363458     0.4611140632821396
                      0      1.619746530910432    0.03157007705158194    0.06789201632743293
                      0      1.766714637890151    0.02952868277218079     0.4369349057966412
                      0      1.658299714147979    0.03261522656267973    0.03075963794830693
                      0       2.18397878394947    0.03259335629574349    0.06994977695797236
                      0      2.233504871714173    0.02989373415607204     0.4451760693762748
                      0      2.600293306022597    0.03396364124131328      13.38982967989835
                      0      2.052521654451283    0.02823779212416178    0.06264133861586764
                      0      1.805426960600935    0.02821578232934528    0.06312319305327502
                      0      2.088715662630968     0.0272540988668757     0.1179192558877587
                      0      1.564491786611587    0.02816667648432318    0.07797121084695322
