#! FIELDS time e sigma_e height logweight
#! SET action OPES_METAD_kernels
#! SET biasfactor       1.927441707340398
#! SET epsilon     0.01821196306674905
#! SET kernel_cutoff       2.830433390657354
#! SET compression_threshold                       1
                   1000      2.719182712034685    0.05785834540142751     0.1509064987297364     -1.927441707340398
                   2000       2.57306950235373    0.05485816981909756     0.2369770152317849      -1.52938556289873
                   3000      2.649309156466437    0.05085501904995406      1.075193866807039   -0.09286475501512499
                   4000      2.140017176610038    0.04978960456514153     0.1753619134572927     -1.927441707340398
                   5000      1.918800561613148    0.04880827139628363     0.1788877187625617     -1.927441707340398
                   6000      2.646992218712456    0.04765178450369784      1.873695579724186     0.3974882439153289
                   7000      2.398305983904828    0.04705425488035716     0.1855560214272996     -1.927441707340398
                   8000      2.550419272767893    0.04525289319382331      1.038655194206602    -0.2441511622280088
                   9000      2.695806105529604    0.04392561677974931      1.807206447160098     0.2799353670596538
                  10000      2.524479650467731    0.04269350384110918      1.166104092611313     -0.186629431234606
                  11000      2.700588865501647    0.04173288566038295      1.987385817875974     0.3237649965013565
                  12000       2.48760099481947    0.04083903711938264      1.149147779321682    -0.2456855399101222
                  13000      2.674587316776412    0.04015218453406474      2.302076433177498     0.4321437986998813
                  14000      2.745518491231699    0.03939074655084641      1.762777526316736     0.1460770724309732
                  15000      1.983857391876778    0.03913860992018263     0.3346216459444999     -1.521989916983242
                  16000      2.690895916198544    0.03871942969885914      2.859835915424604     0.6127612221827793
                  17000      2.719313648648304    0.03820580412609141      2.728584992527184     0.5524260393904177
                  18000      2.555832176960875     0.0376878065867617      1.350366558285971    -0.1646318725452025
                  19000      2.528112308544433    0.03717408565909758      1.626866576315495   0.007923153157692828
                  20000      2.495305113897969    0.03670203498544622      1.604362789266776   -0.01878569778701927
                  21000      2.671532201573866    0.03629732183943988       2.70126284896035     0.4911187832987945
                  22000        2.7350163165341    0.03588129697581458      2.406179033425135     0.3639116479296405
                  23000      2.647018287512811    0.03549328992856983      2.474793170819539     0.3811559254799191
                  24000      2.682437096787522    0.03517754358801622       3.06834359161099     0.5872012198302379
                  25000      2.699379830461568    0.03487142519715311      3.127518820697902      0.597563150508072
                  26000      2.368017785467261    0.03477171736941622     0.3625211476404978     -1.560212693217079
                  27000      2.444491686190553      0.034557041201182     0.9217152372969168    -0.6332521917306793
                  28000       2.65198612613688    0.03426266539215288      2.983024649779594      0.532649495519076
                  29000      2.666893334586461    0.03401086732990947      3.393392215375512     0.6541656132498797
                  30000      2.693103928152781    0.03377174970230876      3.528940228173838     0.6862776903838602
                  31000      2.552766381220359    0.03353219963840407      1.555548878806114    -0.1400099417221952
                  32000      2.540926251479813    0.03328550605321275      1.797333840884159  -0.002918146310450666
                  33000       2.33309388044812    0.03320180087366259     0.4400857718810075     -1.412526079562361
                  34000      2.451124687356506    0.03301781506600374      1.182433801410056    -0.4297224380148468
                  35000       2.54307417138457    0.03278150513757738      2.032003790033972     0.1045423212666966
                  36000      2.681872433194211    0.03259913327387975      3.729979164753391     0.7063437868894474
                  37000      2.580461169089442    0.03238934488366518      1.860157455241845   0.004146082372119033
                  38000      2.726805062391475    0.03217751408134519      3.032689964639258     0.4863733287227675
                  39000      2.251743721663038    0.03213247783401979      0.290145526687704     -1.861849938755486
                  40000      2.517996025676383    0.03192903460849102      2.202945578827145     0.1589665737291417
                  41000      2.647352457883932    0.03174294576068553      3.335444796048448     0.5679320002677728
                  42000      2.608175259074705    0.03155110669585653      2.385823257138024     0.2268083496420365
                  43000      2.548956307832754    0.03136665795076559      2.350190623139817     0.2058973589256707
                  44000      2.541100341091334    0.03118674268671633      2.507829534780017     0.2650661802767468
                  45000      2.763185979960588     0.0310266340463447      1.898231355140046   -0.01857597688864038
                  46000       2.61627267291284    0.03085737071770759       2.65272528674001     0.3106186023869623
                  47000      2.732244788932765    0.03069554794520662       3.00157715536222     0.4289109327641183
                  48000      2.511948307683483     0.0305393954785747      2.354318221570543     0.1809241259943836
                  49000      2.737024978895672     0.0303865711764138       2.97696280447244     0.4105597986340787
                  50000      2.575270002293954    0.03023852786740268      2.454859725156122     0.2128419274554765
                  51000      2.695331767393958    0.03011053998204137      3.722638072106354     0.6249632898743017
                  52000      2.550320959972475    0.02996890044857313      2.715409930376361     0.3047585592665535
                  53000      2.621407239736639     0.0298310703981732      2.805690871083681     0.3328557274378577
                  54000      2.691916508004527    0.02971211449403766      3.783937588993702     0.6279754535006891
                  55000      2.712599123604576    0.02959091546955389      3.652100751897663     0.5884253926841099
                  56000      2.699346692849911    0.02947734645218458      3.875723862227244     0.6440099377645694
                  57000      2.581301415262117    0.02935495867119818      2.502498712061783     0.2024066369430355
                  58000      2.726734466735645    0.02923730936950132      3.490073973013192     0.5310239812940769
                  59000      2.612065239094059    0.02911923375100862      2.689057434984982     0.2662450835589864
                  60000      2.454800690748433    0.02904301103475434      1.213977798168586    -0.5316642875649116
                  61000      2.489298485761752    0.02894237691077722       1.92064272437146   -0.07637782972235756
                  62000       2.65958829696718    0.02883599052746379      3.631760565538974     0.5569972508041992
                  63000      2.598287098725839    0.02872735114698484      2.691714583307697     0.2536834904930405
                  64000      2.628974936417643    0.02862051846721332      3.166485944635336     0.4124017654928077
                  65000      2.683976370311765    0.02852646962194276      3.983827844224291     0.6387309796852989
                  66000      2.402603265825724    0.02848347006352762      0.711975964630441     -1.084731766663704
                  67000      2.378281266563147     0.0284408665860449     0.7105298958239686     -1.088261742242281
                  68000      2.594608183429257    0.02834032917407633      2.814932517879072     0.2848795761186296
                  69000      2.078036852155668    0.02831877184019247     0.3462856725140224     -1.811310863037885
                  70000      1.698037203923618    0.02829950253319986     0.3085284031612242     -1.927441707340398
                  71000      1.864568838724542    0.02827764432441844     0.3540131134109279     -1.790694345951877
                  72000      1.986280521036304    0.02824886202237301     0.4787406014969409     -1.489887757852845
                  73000      1.932513443254664    0.02822014354572985     0.4801539573257527     -1.487957011222873
                  74000      1.913302630832566    0.02818614259332235     0.5823699147787943     -1.296163543203796
                  75000      1.802633169154411    0.02816641188917923     0.3239806080294357     -1.883285978664572
                  76000      1.702321740516754    0.02813958135068001     0.4526218138101939     -1.549865738301055
                  77000      2.494116859529875    0.02804885118102348      2.373287776628271     0.1038793541252821
                  78000      2.014496566596553     0.0280177705164514     0.5468139739799435     -1.365152210590982
                  79000      2.339983492420974    0.02797862367477512     0.7152577872954328     -1.098016043398091
                  80000      2.677371862904663    0.02791175167311877      4.582653162325411     0.7569813683290829
                  81000      2.619852195914216    0.02782484966558121      3.642748504029347     0.5243234123117415
                  82000        2.7024034885468    0.02775650661404544      4.556163771432295     0.7456067143226839
                  83000       2.66076951945818    0.02768618532867914      4.501592746596344     0.7310202798113553
                  84000      2.696800930229963    0.02762219040587201      4.766503433663528     0.7858878910041383
                  85000      2.719150224972343    0.02754821372099037      4.351936015275067     0.6922139406342728
                  86000      2.674720270589006     0.0274852943566668      4.852051105706351     0.7987080726955367
                  87000      2.562455889073304    0.02740345336233242      2.989646296293176      0.311479563202789
                  88000      2.672379025034501    0.02734157620748545      4.888627192896323     0.8009754459014996
                  89000      1.897811329697805     0.0273127506765345     0.6584263822107991     -1.204893471555744
                  90000      1.960240417596503    0.02728167646029586     0.7212931148028049     -1.114838962368836
                  91000      1.829432732203003    0.02726021790536388     0.4806753221026924     -1.521479385210997
                  92000      2.116809736724119     0.0272405140807305     0.4400250026661233     -1.610562938288432
                  93000      1.860899543065473    0.02721132157271497     0.6817094071207074     -1.173863242436945
                  94000      1.767047704453365    0.02719284855716194     0.4143455163856464      -1.67244561676637
                  95000      1.933559492952465    0.02715579972708288     0.9084196338298535    -0.8888027760598824
                  96000      1.839172736610807    0.02712428472885751     0.7573402172968429     -1.071857818262165
                  97000      2.581343632678197    0.02704810897736622      3.285345189684261     0.3927442592009787
                  98000      1.673543062092205    0.02702655511902123     0.5087676365803191       -1.4732885329621
                  99000      2.547901194293076    0.02695200071122016      3.278429439418531     0.3870774485456063
                 100000       2.61592842331957    0.02688025078082096      3.787823498769108     0.5288388624373024
                 101000      2.627306793763025    0.02681215774270472      4.112055304543564     0.6084338471547662
                 102000      2.446635323855351    0.02676336061494889      1.458253127619949    -0.4300715199032056
                 103000      2.507679765465161    0.02669537983632203      2.715668528610403      0.189184106663459
                 104000      2.476920109310822    0.02663424087944806      2.182029947124505   -0.03189131118639391
                 105000      2.649255771063852    0.02657687950306519      4.682519394664855     0.7295333812595061
                 106000      2.679826539315127    0.02653002077120735       5.24726417156857     0.8416392194610672
                 107000       2.58725016325174    0.02646339018597594      3.551195271316158     0.4487019561631046
                 108000       2.46580651131974    0.02640805855610046      2.046230432376079    -0.1046760633291006
                 109000       2.44611896294273    0.02635742183102291      1.801472682480113    -0.2339901761504208
                 110000      2.439065355426119    0.02630743052996416      1.795529045346868     -0.239193421987099
                 111000      2.530802244822857    0.02624419318513048      3.189294989128959      0.332900076178083
                 112000      2.340579614339798    0.02621774703741836     0.8125771767985861     -1.035452395384883
                 113000      2.298590390426338    0.02619764426793054     0.5989334335948153     -1.341279885201282
                 114000      2.463550880721275    0.02614141009415076      2.363765293228143    0.02943189931264397
                 115000      2.685450990880764    0.02609978672212125      5.348822451266235     0.8444590146216556
                 116000      2.694656686487503    0.02605688069395226      5.325090062580952     0.8383669298380506
                 117000      2.495599393786302    0.02599888245017957      2.845665103768922     0.2095058123298617
                 118000      2.537644620466019     0.0259397175355831      3.453431190769944     0.4007990123193623
                 119000      2.693247011875631    0.02589837859939379      5.400418031449635     0.8463121659891681
                 120000      2.452656156571287    0.02584742063837395      2.305569537420098  -0.006806014382016296
                 121000      2.654088775482148    0.02580057889060681      5.041688183816245     0.7737933501782377
                 122000      2.192672381114768    0.02578865353546756     0.3942003561774316     -1.775305933194449
                 123000      1.842936382903552    0.02576389944182806     0.8864435771268425     -0.965908098871201
                 124000       2.00950880424391    0.02574315230994096     0.7275307353883779     -1.164274933061338
                 125000      2.225401658677103     0.0257290487998133     0.4773330259116699     -1.586264769307956
                 126000      2.081869353418992    0.02571248641696201     0.5702148574337805     -1.409109881821479
                 127000      2.168619244668567    0.02569678545812943     0.5396489418147568     -1.464815116180173
                 128000       2.10795702001606    0.02567789424270774     0.6641354706538665     -1.257983214903373
                 129000      2.696363007058639    0.02564058229673593       5.56400757498518     0.8661504155418416
                 130000      2.671237090283519     0.0256053168578322      5.724598234432623     0.8932278270440275
                 131000      2.365623192665023    0.02558040613163473     0.9553351289994412    -0.8982109689179277
                 132000       2.46404441256285    0.02553079721245869      2.607276824575566     0.1038472094621197
                 133000      2.512278519474511      0.025478254992862      3.241008844921177     0.3193654339974724
                 134000       2.48289943153376    0.02542729746933632      3.002233249392913     0.2408351664310754
                 135000      2.510637553372639    0.02537564856460183      3.408257643927023      0.365646639862749
                 136000      2.785004705981393    0.02534314149804629      1.426538861186733    -0.5065852875036643
                 137000      2.714983546100957    0.02530001344144113      5.038952539598288     0.7536585958324521
                 138000      2.660605532747868    0.02526287903590918      5.528976514643299     0.8449942439692613
                 139000      2.650203152710842    0.02522206741302039      5.259996828105334      0.793505163822119
                 140000      2.708441126931878    0.02518251013616458      5.375431397109531     0.8136439798412156
                 141000      2.476566390713221    0.02513524048086937      3.046062766202502     0.2437761628144241
                 142000      2.740757764127736    0.02508688047782528      3.769979253115623     0.4550699554314736
                 143000      2.678315642772518    0.02505578741022027      5.983762962362895      0.915809900947588
                 144000       2.49570933635324    0.02500882304740275      3.393292203473242     0.3466847238768194
                 145000      2.463241055332248    0.02496411786410192      2.956473257928969     0.2070920372604599
                 146000      2.721209823074437    0.02492168935492251       4.90843748016763     0.7123495795426982
                 147000      2.668827690569964    0.02488912819460028      5.884589094090434     0.8924234429021813
                 148000       2.13290769534427    0.02487394870411626     0.6993890573532779     -1.238071643460033
                 149000      1.964978841996465    0.02485488000072608      0.908997826958837    -0.9767030260521741
                 150000      2.530103449526083    0.02480991682762568      3.537283896071451     0.3802580547565352
                 151000       2.63864860758812    0.02476809212057239      4.827720046247208     0.6895859706206787
                 152000      2.443588383935192     0.0247294585222496      2.471067199921252    0.01830074556144444
                 153000      2.753461193788262     0.0246871200102825      3.126540108735124      0.251864084912648
                 154000      2.711474843783858    0.02465053726691624      5.401991591442188     0.7972218326525581
                 155000      2.709231693732469    0.02461527643607062      5.547294567521169     0.8223330249128485
                 156000      2.545534976014472    0.02457293421592112      3.552676857360063     0.3750024035535865
                 157000      2.484926426139741    0.02453148675176526      3.367765830474018     0.3198624699352999
                 158000      2.670364008909502    0.02450037047076269      5.913059018430187     0.8815069743901942
                 159000      2.495227114822465    0.02445927021147789      3.548697170284683     0.3692452734358084
                 160000       2.62333644739502    0.02441837768787722      4.226771751469247       0.54242999287268
                 161000      2.489881802678618     0.0243780439722249      3.584689801073287      0.376010271187275
                 162000      2.662695308278855    0.02434608151534124      5.776911164753549     0.8518954902420729
                 163000      2.649969853686622    0.02431113848305444      5.413318946135494     0.7854524452197769
                 164000      2.657745692406039    0.02427909891964511      5.778835630085671     0.8494735055483841
                 165000      2.307162563455281    0.02426590642718725     0.7417093892372847     -1.204069995971216
                 166000      2.497444412090684    0.02422700703845276      3.680353788084635     0.3961323276337468
                 167000      2.692950962019961    0.02419762206983948      6.043477838766386     0.8908894518928028
                 168000      2.706993678134924    0.02416504297454656      5.676306290790227     0.8268632417316027
                 169000      2.739650804424032    0.02412681471486371      4.065607766007964     0.4915425472725237
                 170000      2.343823032565409     0.0241108145540931     0.9780516161402891    -0.9338769187937562
                 171000      2.577650297320638    0.02407439931462249      3.325855277920314      0.288531312036973
                 172000      2.646206974597348    0.02404056958124999      5.362924980540268     0.7649077717922573
                 173000       2.45194940799424    0.02400739266028548         2.773065765281      0.103970730852604
                 174000      2.720751134287335     0.0239729900289297      5.158004196325613     0.7231329399246171
                 175000      2.610893760684079    0.02393660518162604      3.950828297850777     0.4549895751620225
                 176000      2.588976038441811    0.02390122561627477      3.535598035350641     0.3424676369443543
                 177000      2.643462159095177    0.02386840271010736      5.333078841725803     0.7521396749380858
                 178000      2.666168313505875    0.02384066629515138       6.10748149546504      0.886562722546632
                 179000      2.366820428782823    0.02382544388439514      1.023113539459095    -0.9007400142465189
                 180000      2.122996560491736    0.02381347410152193     0.7808586547922738     -1.171454128322015
                 181000      1.923171668587784    0.02379983302882966     0.9074978790037781     -1.021730047196455
                 182000      2.515207946696751    0.02376551065778393      3.626497054952074     0.3621580191521643
                 183000      2.509578256543066     0.0237312845410458      3.731684213947594     0.3893093019190364
                 184000      2.674060471198701    0.02370530191505806      6.245534967669938     0.9032209736623888
                 185000      2.497613538564831    0.02367156946953328      3.771470400135954     0.3973951173613907
                 186000      2.524308025871759    0.02363811691037157      3.778103868682782     0.3977382319568181
                 187000      2.451172065864863    0.02360846585862339      2.773266476272793    0.08728666706809078
                 188000      2.703308990688966    0.02358012499574158      5.833554593193904     0.8296861555989461
                 189000      2.078780001382835    0.02356990404989988     0.7109587640801548     -1.275514764074491
                 190000      2.366685993361837    0.02355493103122754      1.099709205127596    -0.8399635921826057
                 191000      2.286972491905445    0.02354516734614967     0.6799677690616109     -1.321133851423334
                 192000      2.637509257347567    0.02351392409856334      5.122145857455472      0.696821662325347
                 193000      2.603737204850613    0.02348167059641785        3.8833137662748     0.4185644325724164
                 194000      2.647278341277277     0.0234527977985694      5.606118995685692     0.7845039136651004
                 195000       2.61270344281996       0.02342083301007      4.299113788400266      0.517690269373606
                 196000      2.640648503005548    0.02339160086351314      5.456235217429976     0.7547914895623047
                 197000      2.533638234598004    0.02336067360292029      3.708123498290715     0.3672353841162587
                 198000      2.601644443955959    0.02332954920855241      4.031837875949418     0.4495985218534565
                 199000      2.723060147117101    0.02329935728410028      4.965652614518373     0.6566259454596888
                 200000      2.528550284772624    0.02326898745297172      3.818885250714595     0.3927354620124029
                 201000      2.676390708891597    0.02324483001194278      6.266507303417082     0.8869573305454084
                 202000      1.963277796959452    0.02323305971902111     0.9368167879181466     -1.014035856358619
                 203000      1.991931805522319    0.02322191456358902     0.8830311079397337      -1.07364298530807
                 204000      1.970768110519167    0.02320898381961371       1.04982965523655    -0.9011772070012096
                 205000      2.499784247893722    0.02317924883924657      3.878386122701166     0.4043319889574153
                 206000      2.661720313664322    0.02315473659436649      6.141934595480751     0.8629945751185095
                 207000      2.481303499773246     0.0231258632925112      3.644600685990618     0.3398538603385335
                 208000      2.381248914524855    0.02311262196084068      1.117177238608924    -0.8431605074114117
                 209000      2.557568479113121    0.02308399096546608      3.677497084103943     0.3470271638415211
                 210000      2.601216489940053    0.02305502611229184      4.062738665495463     0.4453965304044381
                 211000      2.680846101164241    0.02303210310022828      6.319374379687741     0.8861646801714947
                 212000      2.503967925859365    0.02300359792289806      4.009519944951261     0.4299775925794126
                 213000      2.165431054463083    0.02299538379914868     0.6798463295025767     -1.344939563197908
                 214000        1.5770010737736    0.02299062992646972     0.3797721225886339     -1.927441707340398
                 215000      2.144929950756356    0.02298075254676921     0.8361772054772341      -1.13860226252184
                 216000      1.768598958753741    0.02297444852191776     0.5134890549694214     -1.626488462075519
                 217000      2.468909621172678    0.02294731654528075      3.481631022224892     0.2863573098519717
                 218000      2.395755723658455    0.02293357134963976      1.240491181653759    -0.7462353119654415
                 219000      2.707481577708591     0.0229086692664261      5.803856801855446     0.7956935096823211
                 220000      2.247768223333107    0.02290179204534851     0.5769189456208704     -1.513182897337032
                 221000      2.515996943736342    0.02287413735347213       4.13784648262896     0.4558378161269117
                 222000      2.570345678036094    0.02284714776420064      3.756524217032195     0.3579758425103541
                 223000      2.393339439202127    0.02283314120470812      1.315324305836963    -0.6920482644175259
                 224000      2.684376475947473    0.02281192836558261      6.442417379890853     0.8958428500905979
                 225000      2.183375696841068    0.02280354790724792     0.7395273089371632     -1.269172496992692
                 226000      2.720253894481948    0.02277761564817035      5.281008804061529     0.6955508625131114
                 227000       2.70231358372726    0.02275473155223424      6.105453397705709     0.8396109132914403
                 228000      2.607284101078506    0.02272806104315243      4.325042320446868     0.4936776935493295
                 229000      1.820735018699191    0.02271946088578608      0.785523006863684     -1.212528229533735
                 230000      2.101038511315712    0.02270995561969989     0.8802571122878827     -1.099082401454661
                 231000      2.398402899035617    0.02269575663665851      1.413204300415518    -0.6263069079824269
                 232000      2.407910482121688    0.02268024868625981      1.585667263975891    -0.5118448129452589
                 233000      2.675860547997587    0.02265994037615052      6.519438300041367     0.9010422840634642
                 234000      2.686542482162095    0.02263964977525483      6.534964418650863     0.9025251240278245
                 235000      2.389615450636191    0.02262471638044646      1.554066661986935    -0.5344264603286635
                 236000      2.576205141286817    0.02259951502602642      3.784064986596411     0.3543827098903487
                 237000      2.714495494053335    0.02257586211984058      5.698491852190236     0.7627382779880407
                 238000      2.602372821300891    0.02255048143706847       4.23320218655576     0.4643705780206196
                 239000      2.550379320364622    0.02252555484752954      3.942929363268887     0.3922298137607954
                 240000      2.587319805301052    0.02250070354782367      4.017103972101197     0.4097632533562174
                 241000      2.435726149499251    0.02248142550449994       2.33927002962058    -0.1318161995366852
                 242000      2.730380624589287    0.02245677862437221      4.856073650527892     0.5974781701245017
                 243000      2.530176247406698     0.0224322922137862      4.107694181986642     0.4290188199874383
                 244000      2.363785555789323     0.0224191020570833      1.434554191820671    -0.6235770631341159
                 245000      2.560610265101431    0.02239485765933624      4.111010798629303     0.4281557361812149
                 246000      2.721970227835797    0.02237159729031779      5.402356633579434     0.7002828859589707
                 247000      2.733080462684511    0.02234760398979093      4.807032986880934      0.582454600202192
                 248000      2.420251375224917    0.02233122188160869       1.96800285897497    -0.3113395272230249
                 249000      2.485733046957313    0.02230776805817465      3.923218941941437     0.3775028744969802
                 250000      2.370970597566011    0.02229379864749952      1.614240112898564    -0.5111716823685435
                 251000      2.693907698565333    0.02227493543661317      6.533057321030793     0.8859925425569676
                 252000      2.631901343011099    0.02225206901596604        5.2611451681164     0.6684391471718485
                 253000      2.448829787760856    0.02223175131010579      2.894857679204535    0.07011289295217982
                 254000      2.677822396653012      0.022213617281002      6.661804489528046     0.9027513218719517
                 255000      2.661578979101574    0.02219437715993143      6.420862527193378     0.8650468721987266
                 256000      2.554226270237865    0.02217157229835402      4.161287158597177     0.4302908185186708
                 257000      2.629638336978302    0.02214923562195116      5.253933771888587     0.6624355104161538
                 258000      2.710777086722764    0.02212895878365319      6.084226677813793     0.8082421724671837
                 259000      2.606558728441798    0.02210637982596819       4.53582631852013     0.5135289606741565
                 260000      2.661716265721203    0.02208761833099715      6.470172346132867     0.8678753786744011
                 261000      2.656497430961654    0.02206847164037074      6.366668141506216     0.8508816831336717
                 262000      2.486286224102477    0.02204677190626116      3.922618260275122     0.3655809845246761
                 263000      2.441339140348406    0.02202850613942675      2.701303367458964   -0.00827282876905177
                 264000      2.546345697204502    0.02200673221460256      4.184899212377755     0.4284864746670208
                 265000      2.288166695494916    0.02200006909675603      0.768052750801529     -1.267195830360824
                 266000      2.728504778263908    0.02197854927020237      5.164408572354384     0.6375129715201662
                 267000      1.797617930125767     0.0219723607180677     0.7151633354042409      -1.33980355095812
                 268000      2.491584804334481    0.02195094302654704      4.162366311266226     0.4205492762385449
                 269000       2.32719009085063    0.02194212459647514      1.072046828012497    -0.9363665308543098
                 270000      2.748245452581237    0.02192120903646155       3.89267017107577     0.3522053965615791
                 271000      2.735382985742278    0.02189995876080956      4.945115269975301     0.5905404667430825
                 272000      2.676107179054284     0.0218837874751408      6.922861523394839      0.926230701603034
                 273000      2.666660587104905    0.02186721364345618      6.841618393619852     0.9136681698311724
                 274000      2.573268933799472     0.0218463867150345      4.221219695631667     0.4298150916001888
                 275000      2.675801432490606    0.02183058788792894      7.015576917956959     0.9371004890472572
                 276000      2.493766527215841     0.0218099896981925      4.218079985167199     0.4274035903430179
                 277000      2.432481737653965     0.0217937711977322      2.512382751231389   -0.09148875200912351
                 278000      2.623541567661956    0.02177337466546387      5.187764644503663     0.6326462155651014
                 279000      2.617103204881006    0.02175296103640309      5.012134016633354     0.5972671014802187
                 280000      2.650097652131421    0.02173497964713134      6.345940451558253     0.8323936753070152
                 281000      2.561546464058327    0.02171489878552486      4.261900434024752     0.4333692147908567
                 282000       2.65052712425166    0.02169725984690738      6.420551526863976      0.842345437638206
                 283000      2.700195369134856    0.02168030506128505      6.630632651765198     0.8737599075771765
                 284000      2.703303600705874    0.02166318214876919      6.575759215043425     0.8646596235351821
                 285000      2.631711936677164    0.02164395668351854      5.653491125786359     0.7126549689475005
                 286000      2.647568640378031    0.02162625044653847      6.346994260224015     0.8275446690364308
                 287000      2.688500956336423    0.02161060617732445      6.989531422425894     0.9232531772622454
                 288000      2.320582008905294    0.02160298091575568      1.049985759224522    -0.9727366502606395
                 289000      2.649584917294713    0.02158577134792647      6.495498971295284     0.8487992725969584
                 290000      2.723641383675885    0.02156685825287938      5.647126913083815     0.7079601388824587
                 291000      2.557325675338562     0.0215478086498349      4.227214937554777       0.41747293139013
                 292000      2.497232447535963     0.0215289367847202      4.156143162883918     0.3996408848886356
                 293000      2.433869848173724    0.02151395352415759      2.579257278338402    -0.0781413555989505
                 294000      2.697673896818662    0.02149804537135611      6.826252158284436     0.8943932464769229
                 295000      2.388562839991076    0.02148681403128832      1.748826069114752    -0.4679603709168253
                 296000      2.379108855613582     0.0214756369511739      1.744122401117198    -0.4711739275162909
                 297000      2.390583612247355     0.0214637710027548      1.892083348077628    -0.3902995955000153
                 298000      2.682360812730852    0.02144911566826998      7.143645117224724     0.9375620214154499
                 299000      2.666616066350386    0.02143421109381921      7.082503180040564     0.9282711342922988
                 300000      2.690520172811985    0.02141934975123135       7.10231726439014     0.9303712513160106
                 301000      2.646643063072222     0.0214025483811117      6.428462295513612     0.8299008002628491
                 302000      2.590571018857998    0.02138439184758924      4.251786836154089     0.4156560673978751
                 303000       2.54175280784979    0.02136650085434972      4.098772034181235     0.3781671776712452
                 304000      2.512638100723533    0.02134866799924667      4.125517490607613     0.3838362508988828
                 305000      2.454125841752787    0.02133294406066567       3.09688710420762    0.09630543219840765
                 306000      2.412437183800946     0.0213208201595221      2.083028385510605    -0.3008377052322024
                 307000      2.646518537474565    0.02130425758365949      6.345345352833339     0.8122839058910956
                 308000      2.668510158476919    0.02128980523293367      7.125158842907755     0.9275157880003976
                 309000      2.700949990263474    0.02127412656424503      6.701518805695836     0.8654812449594992
                 310000      2.523565119788809    0.02125671623293578      4.188856314795465     0.3947560820117529
                 311000      2.695554531591595    0.02124170740828837      6.919198079619751     0.8959218958415179
                 312000       2.46618202833189    0.02122566817230541      3.457775058558106     0.2014919854851738
                 313000      2.572435189638559    0.02120858895325811       4.11951718295925     0.3757976446059158
                 314000      2.683966479762737    0.02119456095927658       7.20565642154075     0.9342663597060694
                 315000      2.671565008465648    0.02118066510625694      7.254257132293683     0.9403326672186174
                 316000      2.586442289468826    0.02116380783290017      4.142760668593177     0.3793103766427298
                 317000      2.658294560954135    0.02114910684638691      6.958123115151097     0.8971628835094428
                 318000      2.546900269859632     0.0211323120999482      4.233094251779918      0.399391913283169
                 319000      2.575063727272019    0.02111560920255721      4.222883538218787     0.3961861749942994
                 320000      2.447852753105735    0.02110124774700807      3.024755910039077    0.06181800877175792
                 321000      2.632155757406637    0.02108455928286345      5.695053753932695     0.6937944584794536
                 322000      2.724323692512041    0.02106781328551345      5.526078320223676     0.6628802763328885
                 323000      2.640272365043331    0.02105179426550841      6.147335633419724      0.768659990148942
                 324000      2.520502031195997    0.02103548420134419      4.227103990330063     0.3933832961298416
                 325000       2.72332578109917    0.02101902364203022      5.621276968883228     0.6776422099062474
                 326000      2.631809841978928    0.02100275362553086      5.765813440527613     0.7022552355291731
                 327000      2.541925126573366     0.0209866057117375      4.302521301454244     0.4087410487943552
                 328000      2.511373341342332    0.02097055575939041      4.279566492092158     0.4026265025037509
                 329000      2.673210242991818     0.0209573063797008      7.286087710313879     0.9341095132658173
                 330000      2.525516130596225    0.02094132375254972       4.36408950954059     0.4207894363306453
                 331000      2.451665926146333    0.02092747834068337      3.130165005790062     0.0878042070276558
                 332000      2.420767519389462    0.02091612322466919      2.305166964878494    -0.2186711447253353
                 333000      2.494068298013597    0.02090050877578101      4.181989926936853     0.3762161321234708
                 334000      2.604951164602142    0.02088460088995904      4.613073138149793      0.473561784895763
                 335000      2.415689006708026    0.02087357679897011      2.250133731961089    -0.2448708202269987
                 336000      2.261148117804299    0.02086960440634826     0.6774351623864736     -1.445492228529407
                 337000      2.822386583789013    0.02086669663123665     0.4864482676444185     -1.776814855570705
                 338000      2.655675558183062    0.02085313304253825       7.02812147384089     0.8930790950073494
                 339000      2.395016568608305    0.02084312214930479      2.001419496883259    -0.3634638640830938
                 340000      2.614586742330259    0.02082734244318245      5.128396133024126      0.576715067435296
                 341000      2.694933906048429     0.0208140570597925      7.102165342486775     0.9016837317699096
                 342000      2.702737712918207    0.02080021390469333      6.848886727704207     0.8647048258748279
                 343000      2.715841172571104    0.02078536016264328      6.233485691906917     0.7698400157858563
                 344000      2.558379438387486    0.02077015922069663      4.390073602594755     0.4185187344477521
                 345000      2.609011573217673    0.02075473330563219      4.915066330366759     0.5307350185608907
                 346000       2.69012797461872    0.02074212328552264      7.320795424185631     0.9285409982662136
                 347000      2.668238755507752    0.02072980717678864      7.438189006394472     0.9438554686281924
                 348000      2.702022645658312    0.02071642328583345      6.985196885499274     0.8803753981403979
                 349000      2.508617115408563     0.0207015378812227      4.411242550268588     0.4200198362715538
                 350000      2.692832969202099     0.0206890147702008      7.339853228827601     0.9285771561088629
                 351000      2.639879159267437    0.02067462663422718      6.317027969871853     0.7778114593417459
                 352000       2.64828240517922    0.02066098438289846      6.785450416890388     0.8486832224320875
                 353000      2.691796332964078    0.02064863991472553      7.401367290616904     0.9349696434668727
                 354000      2.648498455308451    0.02063515391715558      6.849307434805994     0.8567991027429472
                 355000      2.697792877205833     0.0206224554239366      7.240078828231356     0.9116680832182414
                 356000      2.464135372425817    0.02060937004354906      3.455746653722386     0.1714398086807371
                 357000      2.655116593729935    0.02059661511451696      7.184842881400414     0.9027558369497003
                 358000      2.611816641694264    0.02058194280780844      5.051254688804811     0.5497062320964794
                 359000      2.463975345879017     0.0205689468396135      3.499544778798403     0.1820708381159779
                 360000      1.976379012991082    0.02056405367650924     0.9709225704346593     -1.100308533771127
                 361000      2.195621445016309    0.02056050186210821     0.6849206087887122     -1.449425059312743
                 362000      2.573503649508761    0.02054646660305514      4.275731008340167     0.3812995063528646
                 363000      2.399827539913219    0.02053740664449068      2.038025084465739    -0.3601153813826317
                 364000       2.40215865652931    0.02052807202604581      2.127242172163356    -0.3177248597324838
                 365000      2.123560237995666    0.02052366262281653     0.8756999869921368     -1.205497794764582
                 366000      2.164810635934224    0.02051942521518882     0.8392161961050679     -1.248259475895941
                 367000      2.487855714649363    0.02050574474771567      4.101151118866779     0.3376282112641758
                 368000      2.465527471251637    0.02049281923338286      3.615670731271782     0.2110073608151578
                 369000      2.457143477797232    0.02048018717121598      3.476134308154796     0.1710342224933294
                 370000      2.688217719192291    0.02046862906306994      7.528231869027374     0.9432090649159723
                 371000      2.679652213349854    0.02045745828547333      7.694834854034397     0.9645522677094208
                 372000      2.657026826593588    0.02044541118760343       7.30890688116616     0.9125076284025457
                 373000      2.524446485647656    0.02043175018927005      4.399342666038301     0.4042006462296633
                 374000      2.435275969437788    0.02042060760070855       2.89779416241183   -0.01385018083875724
                 375000      2.534055277281676     0.0204070108539525      4.438813517269479     0.4119210637914348
                 376000      2.335449496976283    0.02040163786309458      1.144933340214232    -0.9433829600302428
                 377000       2.74767870832425    0.02038888384255341      3.781542469595348     0.2507772675689471
                 378000      2.693374700416827    0.02037713550083865      7.353578098912487     0.9152559122165299
                 379000      2.711233209393824    0.02036411322269328      6.555135526342323     0.7996784260101412
                 380000      2.657315643919354    0.02035220296797582      7.255351274050054     0.9005839011273286
                 381000      2.677871799421768    0.02034126524233651      7.720305738707621     0.9621609978136896
                 382000      2.075575226601175    0.02033773348416735     0.7415359965911885     -1.380898182211126
                 383000      2.454365843213487    0.02032588127232707      3.410897924320201     0.1445260288514533
                 384000      2.417386752053091    0.02031631846325914      2.432382825760587    -0.1940487702916475
                 385000      2.441204280955562    0.02030506822284589      3.139424724941838    0.06056553333244258
                 386000      2.529852775844393    0.02029197801853774       4.41159936494303     0.4001183657224274
                 387000      2.651923604911882    0.02027992894705443      7.058720959973113     0.8695509808476056
                 388000      2.768994292936915    0.02027144962658657      2.104744930232446    -0.3409368019441606
                 389000      2.655117833308261    0.02025974680082278      7.233241843239559     0.8929787624271219
                 390000      2.658210856653362    0.02024837434517224      7.408437642217023      0.916349521429185
                 391000      2.587042077944645     0.0202357280480205      4.203444188125246     0.3490094291267525
                 392000      2.351910042496233    0.02022971831696115      1.401251126614657     -0.749826335754233
                 393000      2.714083096013039    0.02021696432359806      6.351560040335169     0.7608779661097564
                 394000      2.465122478241639    0.02020514074558325      3.666744878122002     0.2108968164626597
                 395000      1.770853398399825    0.02020233448538921      0.608800346462225     -1.584811299253292
                 396000      1.828209401759996    0.02019871709684884     0.8005318588564194     -1.311204418529754
                 397000      1.700515827659743    0.02019608394311239     0.5699079259727787     -1.651136305393945
                 398000       1.86182405908813    0.02019258583199824     0.7731362413182009      -1.34632905904648
                 399000      2.024480518155286    0.02018947894047231     0.6808947133604168     -1.473530528749838
                 400000      1.902334742090087     0.0201859720861155     0.7765500624605896     -1.342250816772937
                 401000      1.886417049813538    0.02018233153759642     0.8095260190128675      -1.30084338122622
                 402000      1.855729227971278    0.02017837172634044     0.8883915205408415     -1.208075969696088
                 403000      2.518148781554453    0.02016577779082752      4.418478253739643     0.3954377870124616
                 404000       2.76220947143181    0.02015623987742573      2.608348033517003     -0.132113566836026
                 405000      2.725217196044524    0.02014335423241871      5.601027755163883     0.6314799656112271
                 406000      2.524797628300949     0.0201308673592437      4.449285434467407     0.4006532711524174
                 407000      2.743046611195997     0.0201186450121089      4.212522247276653     0.3453640123361727
                 408000      2.709690246543298    0.02010657512284294      6.627284901579675     0.7978975231057239
                 409000      2.717018463802131    0.02009417154701194       6.22921361279544      0.735335336963891
                 410000      2.524134438729174    0.02008185745783534      4.473390625387759     0.4036188814606889
                 411000      2.550058703274977    0.02006966495316026      4.382026115053123     0.3823761073086352
                 412000      2.706462415553942    0.02005801281741264      6.853478813498659     0.8290405328053269
                 413000      2.426721217461993    0.02004859750644641      2.698393028604515    -0.1035289394866375
                 414000      2.455746736637523    0.02003763610184739      3.495431044844144     0.1547244479863527
                 415000      2.518995550795883    0.02002548867817305      4.532207071554682      0.413870366948272
                 416000      2.692860347095528     0.0200148177927101       7.42122739702664     0.9064727875325328
                 417000      2.674950480329654    0.02000467547259442       7.70814094005834     0.9438984929321422
                 418000      2.668688100165212    0.01999444677679911      7.664908912783591     0.9377626403453713
                 419000      2.711237023062393    0.01998277012034586       6.65720777164592     0.7962259891843345
                 420000      2.604114476446218    0.01997085985765256      4.517491316766274      0.407886463097373
                 421000      2.504994427383041    0.01995903678773967      4.460936793493258     0.3946962377296216
                 422000      2.018253647978554    0.01995582025496574     0.7719584336664704     -1.359648292138995
                 423000      2.711165353129243    0.01994430254289614      6.691431141637685     0.7994267272826631
                 424000      2.551429536937289    0.01993263791589197      4.389125974152448     0.3771440348341943
                 425000      2.565643031097661    0.01992109514266069      4.298962850275999     0.3558084614608311
                 426000      2.411334981009756    0.01991295399692137      2.345271267272849    -0.2505730134359937
                 427000      2.488984946370307    0.01990157571165295      4.198097762698342     0.3310858569134623
                 428000       2.42921388513214    0.01989233043780916      2.845899385817106   -0.05813116371187379
                 429000      2.701102554337399     0.0198816433220695      7.205951479368272     0.8703595766036782
                 430000      2.668638272558505    0.01987168207398474      7.657711394215982     0.9306643102183216
                 431000      2.430707135892153    0.01986237149229406       2.92920993361397   -0.03078476080892115
                 432000      2.706697154686142    0.01985145443732316      6.980746361772812     0.8370885533071218
                 433000      2.692666584583051    0.01984138938137389      7.569356887417453     0.9175336748992284
                 434000      2.474324211189677    0.01983065353037334      3.870682769472219     0.2463152541173662
                 435000      2.637596025521178    0.01981912144390284      6.162320538426727     0.7107560563430092
                 436000      2.687626243826265    0.01980935484321532      7.712551990071045     0.9346588609529957
                 437000      2.605934893432336    0.01979803964425117      4.585813861276648     0.4142059578526774
                 438000      2.682753923229433    0.01978847953146606      7.814089715239011     0.9466838422107304
                 439000       2.73391365238291    0.01977697705476092      5.115816530343267     0.5225109450580252
                 440000      1.907446313879116    0.01977362272349948     0.8700463455974802     -1.249204496302319
                 441000      1.987847486041286    0.01976992571721595     0.9692338064540301     -1.141432092261314
                 442000      2.526599737211413    0.01975873237912276       4.61460362904541     0.4184769539212374
                 443000      1.905218412585336    0.01975522009115455      0.920429091840636     -1.193842110882462
                 444000      1.772090371591554    0.01975263235586885     0.6616775810961176     -1.524034675220642
                 445000      2.721836415584139    0.01974140905425304      6.268164676186355     0.7238574465706077
                 446000      2.728528332413187    0.01973003827052648      5.790722416890032     0.6440547510812717
                 447000       2.68265090988909    0.01972089877950799      7.970514461146836     0.9630834033915726
                 448000      2.640944853104929    0.01970990673463741      6.489634250836453     0.7569830003755683
                 449000      2.726922179835434    0.01969867890450858      5.952847709010289     0.6700767222066327
                 450000      2.402105683553727    0.01969140564084755      2.244735719847461    -0.3055744887335699
                 451000      2.356781901346827     0.0196861517931565      1.497496857659736    -0.7106341757143029
                 452000      2.570428351252307    0.01967551946214065      4.282630539372931     0.3395980666747968
                 453000      2.678432447988017    0.01966652093957361      7.994338290435867     0.9633067605726312
                 454000      2.525469169210947    0.01965567728942179      4.643743940305834     0.4195425795140461
                 455000      2.518826300445479    0.01964483449275628       4.69963040861053      0.430953735006756
                 456000       2.46248070101622    0.01963500246242297      3.696331371357101     0.1903100577307172
                 457000       2.33696445571283    0.01963054497496657      1.264134537685781    -0.8828700638641729
                 458000      2.501247114574132    0.01961985500876739       4.59050205720949     0.4061869006632177
                 459000      2.661236087548127    0.01961040523701461       7.63751350471019     0.9147878352942329
                 460000      2.452142513842206    0.01960089168409985      3.545108173790102     0.1467991710531013
                 461000      2.500880052622334    0.01959028328391607      4.621332782227185     0.4113722747612551
                 462000      2.750089886481473    0.01958045507826666      3.828133911069012     0.2225647715772074
                 463000      2.698264027950372    0.01957101368760506      7.577867634326904     0.9049368612277537
                 464000      2.722117846974983    0.01956038369598594      6.318963009608138     0.7227168324892116
                 465000      2.758714749554259    0.01955170622983933      3.109850253166422    0.01329257050924372
                 466000      2.520872765206843    0.01954118870481181      4.743688503688799      0.434994915403245
                 467000      2.480965646255744    0.01953114720486322      4.170881551896326     0.3057933383903474
                 468000      2.535239434144844    0.01952072899568751      4.688345471925573     0.4222121065324642
                 469000       2.56288213936981    0.01951056336899814      4.381617144594199     0.3540293352469893
                 470000      2.492044654010001    0.01950032742300626       4.51424195823516     0.3833239728246014
                 471000      2.589935983499521    0.01949035648160906      4.230586352318838     0.3179158426391182
                 472000      2.720151089076757    0.01948006512938748      6.470029270901967     0.7422277119831202
                 473000      2.749065107240857    0.01947037018404058      4.017153806880703     0.2651229136651577
                 474000      1.900359050967529     0.0194671070611982     0.9478279077517493     -1.179200663418632
                 475000       2.05982904507787     0.0194646372624078     0.7009557784120352     -1.481055694224334
                 476000      2.021238185242795     0.0194617327309098     0.8356465741152403     -1.305443962305528
                 477000      1.948037834458094    0.01945846615621624     0.9511761493903664     -1.176118317061143
                 478000      2.007962190830139    0.01945516401404535     0.9634830138445567     -1.163432446309914
                 479000      1.993802044358061    0.01945158469024701      1.054701564029598     -1.073158171186068
                 480000      1.935848660107291    0.01944818262628604     0.9977149590410854     -1.128878590409373
                 481000      2.660218034904447    0.01943898381262474      7.495649430477124     0.8872587387275243
                 482000      2.707967848025471     0.0194294365602859      7.186344324389735     0.8446273058508071
                 483000      2.668888711504301    0.01942070114464503       7.82075754052973     0.9287764263009159
                 484000       2.47451625584699    0.01941116292376683      4.050133521695836      0.270253595699775
                 485000      2.750116110995818    0.01940177499779991      3.934196601642454     0.2407266881099887
                 486000      2.553957435252571    0.01939190825735401      4.490404709317378     0.3724541500979466
                 487000      2.657761648304222    0.01938272543733072      7.415862698886245     0.8736589797123084
                 488000      2.538549930904987    0.01937278699094696      4.694774492359175     0.4159748667319211
                 489000      2.632232313919738    0.01936263143441153      5.900553365284837     0.6440465688286657
                 490000      2.681892392702053    0.01935421950653911      7.953935129708207      0.942232686905591
                 491000      2.604854514328422     0.0193444646455619      4.556490619116511     0.3846144776609209
                 492000      2.194132385938128    0.01934196290380039     0.7464322144063227     -1.424518053510354
                 493000      2.598641350501925    0.01933234803918292      4.414436675969814     0.3523154275703843
                 494000      2.566141575035896     0.0193227658917136       4.40934961172049     0.3506666166595039
                 495000      2.688672039261407    0.01931431590327927      7.871433005694026     0.9297421458100413
                 496000      2.690489043925878    0.01930585372427642      7.861527788036335     0.9280447520989993
                 497000      2.471434788057572    0.01929676121775215      3.971853648063402     0.2448256066535467
                 498000      2.666663427126038    0.01928830367372597      7.845216629100015       0.92505832216766
                 499000      2.693973697695994    0.01927979430908481       7.80394796492792     0.9193428132823593
                 500000      2.438345995376993    0.01927178755035887      3.193879933917363    0.02553413723533686
                 501000      2.658922395826754    0.01926302462189957      7.575161556648965     0.8887175522320507
                 502000      2.551097316127739    0.01925355021054149      4.583774927284336     0.3858737866032983
                 503000      2.709599985443385    0.01924438294104491      7.141577019835008     0.8288082837491832
                 504000      2.316604768671754    0.01924118022989215      1.021517100180946     -1.116002900955262
                 505000       2.69959341803694    0.01923256069613055      7.648138145217065     0.8967223885452372
                 506000       2.66722515229992    0.01922429976606582      7.928560512443881      0.932302024302013
                 507000      2.522670641007774    0.01921483238449758        4.7814280316325     0.4260771918711508
                 508000      2.686796603204555    0.01920678623834874      8.068646077238871     0.9489048001462399
                 509000      2.588235939449852     0.0191977339092321      4.272080327136518     0.3125485889350196
                 510000      2.376960749174262    0.01919266443283445      1.778181962633201    -0.5642249439383178
                 511000      2.696279038870919    0.01918434211137039      7.828300451997639     0.9174952995692208
                 512000      2.695666394793352    0.01917608663589158      7.878053877314875     0.9234003563170183
                 513000      2.677423359587427    0.01916823269684922      8.177840445775866      0.960337911073452
                 514000      2.757687878867545    0.01916052850099001       3.21616428743592    0.02669722791284501
                 515000      2.686494846418501    0.01915267140773219      8.162160075430027     0.9576064918451241
                 516000      2.670859582448463    0.01914476743136669      8.129114087150876     0.9531368241375943
                 517000      2.708633643670933    0.01913599145892562      7.348617501599946     0.8517385697228554
                 518000      2.464868444428221    0.01912761718970448      3.818402407581872     0.1966207718788416
                 519000      2.647125002948126    0.01911853756880665      6.896212320794952     0.7872861773545831
                 520000      2.412678835229167    0.01911228786347486       2.42951253114468    -0.2563224576274123
                 521000       2.72198002269212    0.01910302885824009       6.45880898292594     0.7209472720521448
                 522000      2.592488775447944    0.01909430907358124      4.268733332671047     0.3063629140011416
                 523000      2.609385340902856    0.01908529806869593      4.704868083901518     0.4031714770257725
                 524000      2.492235253202802    0.01907648103789261      4.453414115300542      0.347782673751257
                 525000      2.607982653969224     0.0190675271742803      4.694091413773562     0.3999467498347947
                 526000      2.692235929774693    0.01905972051197035      8.082110011427273     0.9428856507762305
                 527000      2.528445534167537    0.01905079349919448      4.737002899983803     0.4081688281239724
                 528000      2.755812895989497    0.01904315798210825      3.398169089630549    0.07560009732008369
                 529000      2.572969166735537    0.01903453168329023      4.362478199808462     0.3249505147204846
                 530000      2.713994968829923    0.01902580416418784      7.059629172395956     0.8058441344157027
                 531000      2.253652275674295    0.01902380743608946     0.6718905661357647     -1.546313144214101
                 532000      2.573578683777922    0.01901521204589071      4.394615278933346     0.3312747218289208
                 533000       2.71355039867707    0.01900657103483094      7.114758564699781     0.8126114987768193
                 534000      2.501551673673376    0.01899784910097226      4.650922251867313      0.387046738992796
                 535000       2.55491572153006    0.01898917992160474      4.605694665485117     0.3768182855187115
                 536000       2.65272070745677    0.01898072262413893      7.276234800074985     0.8336928337848926
                 537000      2.235536652113562    0.01897872449734065     0.6842661183989631     -1.530434348794636
                 538000      2.652798834792931    0.01897032235656347      7.318550300939788      0.838943476586119
                 539000      2.642763399651448    0.01896152719747933      6.653521193838866     0.7432136971147042
                 540000      2.415862597345526    0.01895544056410779      2.527091385479911    -0.2251845795139611
                 541000      2.672195075986977    0.01894801125003164      8.222941476310845     0.9542824054617975
                 542000      2.728512985814763    0.01893910104384607      5.965545502200476     0.6328845629064797
                 543000      2.651425210316327    0.01893076747074765      7.301769319567711     0.8345606360722787
                 544000      2.468154753626463    0.01892288481698882      3.895957537492608     0.2059669509694724
                 545000      2.720961536375185    0.01891419008607324      6.605479115185082     0.7334673499406048
                 546000      2.684417491633455    0.01890690971594333      8.299316873476529     0.9613560934815957
                 547000      2.433705987689962     0.0189001169925564      3.058658464866804   -0.03720004043310846
                 548000      2.595297871111592    0.01889188289192043      4.394899776902691     0.3248325179609875
                 549000       2.66623730842031    0.01888441564843519      8.112676776946355     0.9374203233132883
                 550000      2.662247374589358    0.01887680372730087      7.978583746502978     0.9203502103940955
                 551000      2.614578817436572    0.01886827858074027      5.006379445678586     0.4538505561260421
                 552000       2.71864628192762     0.0188597931843066       6.78619836382064      0.757578646352744
                 553000      2.687723925277417    0.01885257161458435      8.292634382334443     0.9576724645375404
                 554000      2.637335947614457     0.0188439786978737      6.367839223939105     0.6931090688953142
                 555000       2.73919076249138    0.01883554022369836      5.027486151826292     0.4563210485923276
                 556000      2.661266733315109    0.01882796894089779      7.944280244982338     0.9134511153788005
                 557000      2.665992166790149    0.01882064541033676      8.173302365205515     0.9414828986714203
                 558000        2.6379302954115     0.0188121533285597      6.449390817314497     0.7041442318187486
                 559000      2.741770621448077    0.01880392957365731      4.781715834953951     0.4045207490271939
                 560000      2.683021400797888     0.0187968606119918      8.366833890225283     0.9636208490952026
                 561000      2.506842103089598    0.01878876246014574      4.643823660293092     0.3744524790151252
                 562000      2.694774762174881    0.01878140232757232      8.086707416656512     0.9287442340929325
                 563000       2.23924064243896    0.01877945378772758     0.7280041692088506     -1.479029677517109
                 564000      2.432536542418516    0.01877305697232725       3.00873092729199   -0.06040348906835011
                 565000      2.553593551879727      0.018765102661252      4.521401721478988     0.3464764023797444
                 566000      2.489616255327503    0.01875727997987102      4.364820281185025     0.3108143961805088
                 567000      2.724603407677984    0.01874892716356769      6.334223540191418     0.6827592102126889
                 568000      2.500472871920854    0.01874097319550309      4.617842451856047     0.3662952389483286
                 569000      2.643172659664563    0.01873280617504514      6.814196413421286     0.7549399092958019
                 570000      2.713774564874777    0.01872481468300079      7.138137619692684     0.8009569751126261
                 571000      2.489999746139039    0.01871705135462925      4.431574576033426     0.3238453389890362
                 572000      2.647912069200347    0.01870911955370194      7.179513950179355     0.8058982052390065
                 573000      2.784191492318531    0.01870593824107455      1.283921306995213    -0.9155846197694878
                 574000      2.487344043217497    0.01869819799124859       4.46890651941635      0.331226345061515
                 575000      2.554958404843053    0.01869040422140498       4.57849522272602     0.3550360768454699
                 576000      2.685963618684544    0.01868366656641032       8.48670956598956     0.9718064936728265
                 577000      2.447780626956516    0.01867685844625458      3.509534317348098    0.08842403459554433
                 578000       2.70593020623945    0.01866940528819976      7.744066700958136     0.8794685041323924
                 579000      2.499119866534979    0.01866159188479377      4.744632894785092     0.3891370018906365
                 580000      2.659354019561504     0.0186544409142306      8.057204448832993     0.9183063280256478
                 581000      2.626870623950848    0.01864632821250886      5.825203459216966     0.5934986132614316
                 582000      2.696681565954019    0.01863933228724924        8.1957209638183     0.9345416092811664
                 583000      2.433186374904991     0.0186331147116168      3.113602321721824    -0.0336238449466761
                 584000      2.558333179517585     0.0186255211764243      4.544102501084478     0.3440184229002301
                 585000      2.661109435067391    0.01861853179429864       8.16512032189555     0.9296843181281381
                 586000      2.454391687129198    0.01861167720400774      3.706194301526979     0.1394501835711584
                 587000      2.632323470337615    0.01860368060693182      6.219159009517391     0.6566495711507301
                 588000      2.464280598010073    0.01859662283969271      3.952896838958704     0.2030841213283103
                 589000      2.125969009200626     0.0185945394956005     0.8426340705025444     -1.342699095398482
                 590000      1.929026954949662    0.01859209523107144      1.003694080080261     -1.167920785689122
                 591000      1.715231079060088    0.01859061424546968     0.5861667580171005     -1.705838679212702
                 592000      2.330098609580021    0.01858780337575852      1.173624067572451     -1.011742473964442
                 593000      2.725058847802337    0.01857989992977912      6.437506807918055     0.6898771087683476
                 594000      2.487711176970763    0.01857245144357358      4.526942279888683      0.337381533574606
                 595000      2.694271574121451     0.0185657026191397      8.303650663686359     0.9436666282298571
                 596000      2.623106308865648     0.0185578456462813      5.623966880262145     0.5535853487968102
                 597000      2.441945080609163    0.01855139842489068      3.453799473781109    0.06567553258548429
                 598000      2.535031039990502    0.01854388648869976      4.756578675768142     0.3853242473816682
                 599000      2.564525516052446    0.01853654255194261      4.505966905729131     0.3308019921467873
                 600000      2.353317259768556    0.01853321305865076      1.455218052598112    -0.7996243855723589
                 601000      2.652263589385567    0.01852599583704543       7.66598285420003     0.8616230942536284
                 602000      2.689625031133079    0.01851949459118417      8.469428361446679     0.9609423933233371
                 603000      2.664348818729442    0.01851289464311076      8.372670072143571     0.9490957734659885
                 604000      2.580731876823842    0.01850571782684403       4.38420148860587     0.3017427024124532
                 605000      2.420977033490852    0.01850018233958371       2.81288819971711    -0.1423521894208475
                 606000      2.431780318529001    0.01849417664621777      3.185396294195849   -0.01831194910708168
                 607000      1.753318955262809    0.01849264679766323     0.6307188599840819     -1.637866442049495
                 608000      1.787312339190475    0.01849090324157096     0.7251194953946977     -1.498484484216873
                 609000      2.075452754085191    0.01848901729017751     0.7891687595688006     -1.413942756966902
                 610000      2.066374814851292    0.01848711686101589      0.796105789856938     -1.405293658756235
                 611000      1.993524103356498    0.01848469268826191      1.038443602709686     -1.139678538527725
                 612000      2.080830958587312    0.01848260406377947     0.8827468247433113     -1.302231434579328
                 613000       1.80520956183696    0.01848074403189296     0.7793131730279669       -1.4269575299611
                 614000      1.646931564264827     0.0184795019671749     0.5083750194232602     -1.854218322748102
                 615000      1.905668427837968     0.0184771026506567      1.028944148852489     -1.149279113005847
                 616000      1.880707740023295    0.01847487377823142     0.9495849653952418     -1.229663195820053
                 617000      1.897352979207731    0.01847240926198835      1.061318721227503     -1.118554123080998
                 618000      2.656260999642403    0.01846567434275617      8.116228702105429     0.9154346061991928
                 619000      2.626928832678264    0.01845803628622297       6.01300539934117     0.6150799745015665
                 620000      2.709350439435183    0.01845100691095258      7.716329945816061      0.864113237275329
                 621000      2.449271752175978    0.01844448921359741      3.757101338699154     0.1440688155695117
                 622000      2.695292514770858    0.01843811521604224      8.459429857616609     0.9553572176014267
                 623000      2.673798354279236     0.0184321218196121      8.816087343288745     0.9963284911283008
                 624000      2.664391355461337    0.01842586910978227      8.580888773408571     0.9689485396577611
                 625000      2.709089152645837    0.01841893044541254      7.785853001188225     0.8713427711880396
                 626000      2.669026367612218    0.01841287700581599      8.766742481592431     0.9896709934621434
                 627000      2.687488490411957    0.01840685353153055      8.797591997195138     0.9928565549375644
                 628000      2.634236059217553    0.01839939990642918      6.540307340962501     0.6959576464758613
                 629000      2.460489444876377    0.01839281193955348      3.995236901295365     0.2027182475163137
                 630000      2.679171832971059    0.01838696256588812      8.937681027193529      1.007573457652406
                 631000      2.324183091917594     0.0183843659737284      1.177438815289863     -1.019502350105588
                 632000      2.437592065762441    0.01837830409122242      3.477367889111552    0.06310193510343994
                 633000      2.571078275148173    0.01837139713894265       4.49281394488823     0.3189296088152803
                 634000      2.567062113667264    0.01836445642769502      4.571732854445939     0.3359648317766472
                 635000      2.704200151319083    0.01835785653110992      8.107687724569629     0.9085257828480272
                 636000      2.537544424938271    0.01835080866757924      4.825044175802561     0.3891489707411384
                 637000      2.449033141943936    0.01834449497894832      3.808600931521153     0.1522468782480656
                 638000      2.584118743972335    0.01833766881890393      4.490090733154917     0.3164856967957429
                 639000      2.709009809542981    0.01833092113646355       7.83446450004424     0.8727772776285564
                 640000      2.647258762818952    0.01832400343577018      7.540345395515195     0.8341352906979355
                 641000      2.506968340171012    0.01831702940874917       4.84183500963884     0.3907804167968973
                 642000      2.515446774396231    0.01831003937990684      4.907978116000737     0.4039670151903886
                 643000        2.6701020380743     0.0183041857266465      8.828971921485353     0.9908237773574995
                 644000      2.742432092577862     0.0182972621702801      4.839192156144631     0.3891546751615013
                 645000      2.575584722443716    0.01829052808499013      4.527307951381734     0.3221662642723301
                 646000      2.467270098945544    0.01828407069864028        4.1467503217127     0.2340106374202163
                 647000      2.387376421675567    0.01828031035649285      1.893132971411163    -0.5502869049077141
                 648000      2.492061558705696    0.01827351928161214      4.687788523245676      0.356069356897159
                 649000      2.605827709189529    0.01826665995744391      4.848209543176537     0.3893424462058404
                 650000      2.687600156610941      0.018260849210493      8.802026912733499     0.9853968444165574
                 651000      2.203087821391514    0.01825921610863283     0.7467291507334293     -1.481727359689911
