#! FIELDS time e sigma_e height
#! SET action OPES_METAD_state
#! SET biasfactor       3.469395073212715
#! SET epsilon    0.007640039155174105
#! SET kernel_cutoff       3.122291642622147
#! SET compression_threshold                       1
#! SET zed      0.1539411411513433
#! SET sum_weights        87.4827729469453
#! SET sum_weights2       184.7297831139706
#! SET counter  84
                      0      2.680771986062986    0.04004012311624055      63.69729250274377
                      0      2.405347357286333    0.04353618703724951       3.21959662766694
                      0      2.507844795853976    0.03734606112113378      20.25845883669812
                      0      2.264996941143743    0.04286120042784538     0.6119384274867076
                      0      2.735865451211777    0.03790872145647658      7.908398058443078
                      0      2.629368912221226    0.03666970554556673      36.11266826144865
                      0      2.453236038489362    0.03414451360414151      5.421837797830837
                      0      1.941067379338277    0.03752325650168177     0.4591667442836148
                      0      1.863259462096013    0.03891111129335757    0.04898080303991887
                      0      2.109367621367754    0.03490914451337702     0.1852187798992712
                      0      1.616658304035085    0.03877831085950023    0.04817516677376806
                      0      1.999620725903765    0.03585046480182884      0.478760375868315
                      0      2.068684191895084    0.03661175298355869     0.2845035699050156
                      0      2.573808136730629    0.03784715790374102      10.58898113654999
                      0      2.340840684093891    0.03392365372642948      1.434510525996518
                      0        1.7617984469778    0.03181725360461381      0.145980543107318
                      0      2.195892238556555    0.03070440987033479     0.2367153175660192
                      0       1.81538402357588    0.03035848248590889    0.07602572809004035
                      0      2.156382266867094    0.03007265820211254     0.1334350280253449
