#! FIELDS time e sigma_e height
#! SET action OPES_METAD_state
#! SET biasfactor       2.698418390276557
#! SET epsilon     0.01374333274381851
#! SET kernel_cutoff       2.928208142815685
#! SET compression_threshold                       1
#! SET zed      0.1322844101322119
#! SET sum_weights       394.0777241729772
#! SET sum_weights2       788.5560895777809
#! SET counter  293
                      0      2.693621993258599    0.03126570070333023      286.0913420002265
                      0      2.512102022414672    0.03154628673152954      152.7022731432714
                      0      2.337694091176749    0.03027680463795192      6.875073021647692
                      0      1.995926256658683    0.03312875023834238      6.499379409745361
                      0        1.8876723174739     0.0326787676391212       2.69663295408885
                      0      2.110636462618589    0.03587903816606177       2.33291194705802
                      0      2.571913409699108    0.03056125663364459      96.20206429705357
                      0      2.455044793654099    0.03100745195585978      89.18920975737379
                      0      2.226050040260518    0.03056280916440991     0.6700055257283787
                      0      2.395424839650848    0.03068568463432515      17.09637206675104
                      0      2.642422583442758    0.02875482533225255      174.6094202243636
                      0      1.642879686828784    0.02703022479470426     0.3950417038630266
                      0      1.689019981576454     0.0264343639678579      1.115234729264468
                      0      1.753611930432539    0.02880655522838942      0.151497759416993
                      0      2.269228040850092    0.02614232341094169      2.281435040581053
                      0      2.740374503191999    0.02804113928688557       70.3483277336903
                      0      2.161760997701152    0.02444157896880364      1.208494234418315
                      0      2.792364386032304    0.02528366943503958      1.689048921231055
                      0      1.820146845367801    0.02380659102874078     0.5045075588603333
                      0       1.93903490994421     0.0265543968307531      6.232179984280723
                      0       1.78476889459159    0.02415556657345182     0.2131206095749193
                      0      2.043714231954605    0.02326414748263545      1.044718971955219
                      0       1.58805429069804    0.02337850626014404      0.182880135621308
                      0      1.847131519265723    0.02248455116417662     0.3741767795390613
