#! FIELDS time e sigma_e height
#! SET action OPES_METAD_state
#! SET biasfactor       5.011348439085033
#! SET epsilon    0.001910020759284688
#! SET kernel_cutoff       3.538542402811424
#! SET compression_threshold                       1
#! SET zed      0.1299169224462974
#! SET sum_weights       75.48757441801972
#! SET sum_weights2       178.4252422242031
#! SET counter  80
                      0      2.688279421876713     0.0396272208305946      42.48603488743919
                      0      2.528918351110104     0.0387612961827292      19.18232679333689
                      0      2.473238136941252    0.04181346209071812       12.8759111426772
                      0      2.777404517016513    0.05239001806141822    0.06437778470098938
                      0      2.406987493813014    0.04183531759568522      3.486127427472486
                      0      2.186625076694862    0.04229302174492346     0.2978139866127841
                      0      1.955459801504137    0.04034507751379908     0.8672546866045079
                      0      1.855600556434574    0.03868530738955525     0.4777808845179461
                      0      2.044873497100788    0.04036495952308696     0.1101299663386126
                      0      2.333932537236103    0.03937824852478046     0.4202228860063944
                      0       2.62426025245744    0.03758187049842644      47.03234743976483
                      0      1.656956634906871    0.03861202183982999    0.03559895317752152
                      0      2.112305637961089    0.03900707182690521     0.7109327686365596
                      0      1.599536178368914    0.03643550811710806    0.06843643464276236
                      0      1.713334812670382    0.03556913365413907     0.2071259578274527
                      0       1.79377784437958    0.03658080645743578     0.1591401794288948
                      0       1.99629159029608    0.03389377610186829     0.2446186446892357
                      0       2.26000929035556    0.03682205925249445      0.183238901177551
