#! FIELDS time e sigma_e height logweight
#! SET action OPES_METAD_kernels
#! SET biasfactor       2.698418390276557
#! SET epsilon     0.01374333274381851
#! SET kernel_cutoff       2.928208142815685
#! SET compression_threshold                       1
                   1000      2.719182712034685    0.06053155025577301    0.06672079877255445     -2.698418390276557
                   2000      2.717182669488068    0.05395759082492049       1.12119363579386   0.008247684742404626
                   3000      2.571773808303401    0.05299061615638967     0.1191379982859152     -2.251702526282049
                   4000       2.67020890865608     0.0496576873480644      1.402944773150836     0.1493820840070614
                   5000      2.654612261477508    0.04728844388819776      1.598443991111252     0.2309520386657907
                   6000      2.488177249717503    0.04689752053467194     0.1317644050820242     -2.273119516283455
                   7000      2.395686724213022    0.04654625686134673     0.1223777085387392     -2.354541018145302
                   8000      2.497349156172967    0.04560031470816458     0.3991463085832652     -1.192857185358082
                   9000      2.465738764025049    0.04435533599298306     0.6912258167130998    -0.6714002568123454
                  10000      2.487879698259779    0.04303111347497347      1.160232618621579    -0.1838006206844601
                  11000      2.491937168922542    0.04193374602106383      1.582807197699707     0.1009463128136764
                  12000      2.684027378658539    0.04110011148029992      2.006978445958704     0.3182966020163652
                  13000      2.008539818907318    0.04098177617007753    0.09854900791135127     -2.698418390276557
                  14000      1.928738104424788     0.0408380727229266     0.1225323341299938     -2.484110092701723
                  15000      2.007724345987749    0.04053900907622419     0.2774204239561837     -1.674301012046927
                  16000      2.125098078484131    0.04042486104196034     0.1015389585285972     -2.682212320468568
                  17000      2.264463091914301     0.0403119606960107     0.1017533401506306     -2.682899974004056
                  18000      2.314590203200257    0.04005531743628628     0.2501030493512025     -1.789965376221249
                  19000      2.373749788443036    0.03956549404736046     0.5722155572696009    -0.9746266964774123
                  20000      2.567527110161738    0.03886438203231451       1.43716942370792   -0.07159085890444702
                  21000      2.564541094085047    0.03834241055155382      2.144558262251632     0.3151456392656525
                  22000      2.472081703552567    0.03791381182438178      2.454704612587145     0.4389773448313757
                  23000      2.675980490370479    0.03764515021930278      3.015508542462109     0.6376280582463441
                  24000      2.476357741370746    0.03726264182332461      2.917290017243408     0.5943018118994633
                  25000      2.189399819276336    0.03717588703380433     0.1734230852811532     -2.230705299517991
                  26000      1.862609481565235    0.03709578804717408     0.1612685348391057      -2.30552551395272
                  27000       1.68812817230922    0.03704131944740896     0.1090326544587683     -2.698418390276557
                  28000      1.970538115681968    0.03682088160171914     0.5026522839394003     -1.176136075492511
                  29000      2.457343173003389    0.03663902619142047      3.628564045208313     0.7956063896675565
                  30000      2.521013252049018    0.03632657081021363      3.435429642505082     0.7323468852551127
                  31000      2.502198464211744    0.03608714941363678      3.936576811191786     0.8619037838341227
                  32000      2.507333642873908    0.03600898895446242      4.892324375653732      1.077091561241994
                  33000      2.442157672776631    0.03563730853322458      3.578041430247542     0.7538640835645504
                  34000      2.646269148299477    0.03527213484715354      2.198177195476747     0.2563771783098631
                  35000      2.736900467950705    0.03498418567962527      1.529053725884202    -0.1147993763145426
                  36000      2.677422996300333    0.03464088782059738      2.815540360260788     0.4858443517026048
                  37000      2.712640493893179    0.03431825304803665      2.641081922888696     0.4125214617196461
                  38000      2.698419888221209    0.03401497834503082       3.16558817428802     0.5847952803331273
                  39000      2.575894316630638    0.03374971341067472        2.0076982817753     0.1216162959843978
                  40000      2.394091221389385    0.03355683032128835      1.265148338541391    -0.3459147542240512
                  41000      2.621339756471797    0.03329959793953961      2.259859057586275     0.2265032082433158
                  42000      2.587534778352865    0.03305463720908845      2.238249349777377      0.209511323158683
                  43000      2.521669329672701    0.03282531404688407      3.653863013775884     0.6926403930939322
                  44000      2.703005506738815    0.03259054785818669      3.161541175391767     0.5407373635452613
                  45000      2.228807734895558    0.03255496200718111      0.236524591978035     -2.053117856030987
                  46000      2.552440212662455    0.03233163837388457      3.210821153613288     0.5482284203351986
                  47000      2.582479994663578    0.03211599092705788      2.870773935481067     0.4295911609443703
                  48000       2.59961140201428    0.03190868710007217      2.887660550879974     0.4289804097203569
                  49000       2.61585775289694    0.03170889064923479        3.0151972106804     0.4659177793442209
                  50000      2.685558209814969    0.03152334569442964      3.629250734768509     0.6454100600792035
                  51000      2.674712740738784    0.03134870168672317      3.854095558100587     0.6999646547077295
                  52000      2.523490615652116    0.03117876256114337      3.875179863212503     0.6999846917188303
                  53000      2.653920060286462    0.03100965673837987       3.71947841030296     0.6535375476145155
                  54000      2.748040979586781    0.03086362833937468      2.007872972481202    0.03230979109934632
                  55000      2.513407674349887    0.03071294823301811      4.128424882199681     0.7482357197724731
                  56000      2.697104473685227    0.03056270379611648      4.034315450915741     0.7202725076866084
                  57000      2.668981929959253    0.03042217364993612      4.302575445583685     0.7800409609287521
                  58000      2.639672563174134    0.03027457674502659      3.812904185254221     0.6543548988920244
                  59000      2.633343912272835    0.03013171171247996      3.888964571865176     0.6693765455091052
                  60000      2.741380010186091    0.02999923890450441      2.483405125513196     0.2164581021764949
                  61000      2.828536228159723    0.02998678175878266     0.1529594912268012     -2.571170041565961
                  62000      2.569722354491605    0.02984846317530942      3.379921125064014     0.5196411648196256
                  63000       2.58482990562343    0.02971419573783802      3.565603974170444     0.5686137976021091
                  64000      2.579627562035015    0.02958466050659612      3.790061757890012     0.6252937525731955
                  65000      2.681589904785684    0.02947169008336513      4.637565175927408     0.8232750641090611
                  66000      2.645373240262267      0.029356704892069      4.489718186728386      0.786966339165176
                  67000      2.605063690019498    0.02923700853585446      4.017807799725819     0.6718271906071432
                  68000      2.457558566618736    0.02912106507178116      2.976156487555422     0.3677499344770799
                  69000      2.269982825436555    0.02910366184967637     0.2731854632221292     -2.021084921193387
                  70000      2.763230123456914    0.02902210499206502      1.607833202868014    -0.2513993456713499
                  71000      2.488657882998001     0.0289090963938969      3.870441726149799     0.6231803791377484
                  72000      1.996751635231162    0.02888542038175617     0.3967870350178118     -1.655363157410918
                  73000      1.695241836492146    0.02887426815642165     0.1815651107980081      -2.43753469136241
                  74000      2.121839832443705    0.02886259081645464     0.1907147027350979     -2.388774911605215
                  75000      1.755283898886496    0.02885295784520851     0.1568181552121554     -2.584800441536097
                  76000      1.622882810441591     0.0288436906045334     0.1509627813718204     -2.623175243265503
                  77000       1.91381370116659    0.02882714853518703     0.2749760274713013     -2.024098319577933
                  78000      1.606524918690993    0.02881520309619747      0.196746870601241     -2.359278726346584
                  79000      2.020776322051884    0.02878992188185543     0.4325729495650713     -1.572323468298108
                  80000      2.718909431196518    0.02868245336396913      3.917259574521087     0.6273333137214407
                  81000      2.243397423747172    0.02866124283598656      0.371202386583424     -1.729806624651052
                  82000      2.425466399748867     0.0285722003546127      2.135520463020503    0.01680006087954114
                  83000      2.645965005521106      0.028485125222818      5.019595419165345     0.8683868034614382
                  84000       2.56180614480098    0.02838445017790568      4.017337621358799       0.64211630402979
                  85000       2.66612168156482     0.0283059403230834      5.340590528003194     0.9240633584356771
                  86000      2.755147119796887    0.02822089573155435      2.323251477716382    0.08868582822856606
                  87000      2.334562553823787    0.02819989838123866     0.4198492196049545     -1.622885820888273
                  88000      2.519561579525521    0.02810585792253989      4.211064492220948     0.6793489236277089
                  89000      2.715757512631805    0.02801432446614525       4.32141287889961     0.7019538092990816
                  90000      2.502986170488608    0.02792522450585584      4.427679658574567     0.7230614900358177
                  91000      2.731969856139916    0.02783463684417038      3.763092748869959     0.5571777714892401
                  92000      2.714169753880843    0.02775118960423368       4.70130583638548     0.7767744533276831
                  93000      2.462276590704288    0.02766410456950211       3.60751966336816     0.5088116090387226
                  94000      2.723060718967578    0.02758120346950255      4.489857006253303     0.7246107988659362
                  95000      2.706982391303249    0.02750732042809107      5.178674981301089     0.8646568328459386
                  96000      1.658981410332735    0.02749753921969898      0.232453196088755     -2.239314425838316
                  97000      2.588253443458871    0.02741504343239845      4.019030330251258     0.6077879930438952
                  98000      2.662668960124889    0.02734731684376317      5.474019556935082      0.914287040708134
                  99000      2.730478430031019    0.02726944520551668      4.559320622643871     0.7285959160940363
                 100000      2.699139799982496    0.02720790230371111      5.803177140456537     0.9675684451685711
                 101000      2.659065602026681    0.02714247830282109      5.587536102335201     0.9272938247080407
                 102000      2.703568992052169    0.02708285646723203      5.947728346431359     0.9875657189421306
                 103000      2.766660518542677    0.02701893247568739      2.468945793581093     0.1059845161725035
                 104000      2.727349343377244    0.02694985697790754      5.177286108169223     0.8439144298135139
                 105000      1.703485161521792    0.02694104602654016     0.2516927767626368     -2.180239639042538
                 106000      1.871753057626196    0.02693274238802423     0.2371107892913258      -2.24022960835323
                 107000      2.676379331323925    0.02687909935262069      6.241473757282259      1.028220780191692
                 108000      2.461287426999715    0.02680912571956988      3.419048960644708     0.4237602099777307
                 109000      2.428266231904127    0.02675242643673412      2.274330991212496    0.01396655428070264
                 110000      2.511061214560508    0.02668227882045847      4.090031504747365     0.5982077411357563
                 111000      2.538697231279795    0.02661337850727134      3.947443753905677     0.5601376970396059
                 112000      2.486784327361383    0.02654544751400537      4.310835530355267     0.6456454462430377
                 113000      2.535072539444896     0.0264784774703928      4.240335566565353     0.6266300790220959
                 114000      2.741122236066202    0.02641261360516339      4.368188823472286     0.6538455882253431
                 115000       2.66868239954932    0.02635928350645226      6.005857374164346     0.9702111880059963
                 116000      1.875486569540357    0.02635075560359215     0.2888554140640324     -2.064676625404195
                 117000      1.950485260567588    0.02633950112018074     0.3865179638459358     -1.773851739873416
                 118000      1.597700184597881    0.02633251610195411     0.2358525362417577     -2.268088548695413
                 119000      1.979557959714379    0.02631796086444752     0.5094487007036064     -1.498519050476845
                 120000       1.91833992131486     0.0263063865796103     0.4005433802509506     -1.739466019897637
                 121000      1.668938663715399    0.02629759308641098     0.3011210210778112     -2.025110176510986
                 122000      2.083384065926433    0.02629119374906622     0.2171781816611739     -2.352147666272934
                 123000      1.871601871326469     0.0262805617633793     0.3681638760911948     -1.824742117225782
                 124000      1.963748656197673    0.02626416919423754     0.5848073735094773     -1.362611702010279
                 125000      2.408162896806177    0.02622597137209623      1.566810292397266    -0.3785524768541237
                 126000      2.712286090267246    0.02617589574247068      6.106579319787933     0.9798611821941949
                 127000      2.479391747093171    0.02611433515689227      4.378695530692119     0.6448906970443588
                 128000      2.655695260726394    0.02606132439182427      5.806982213223335     0.9251688524477235
                 129000      1.904658840261925    0.02604873696424453     0.4732488817930502      -1.58250913197649
                 130000      2.025580644768833    0.02603609132841539     0.4767324771525032     -1.575660648713614
                 131000        1.9576402218009    0.02601878537571004     0.6703138288917182     -1.235535045570004
                 132000      1.738340082537228    0.02601204758457099     0.2482199408924235      -2.22922483029192
                 133000      1.762454869413795    0.02600515391560315     0.2544619657425197     -2.204653717465978
                 134000      2.078011413636287    0.02599780387220309     0.2722371948246562     -2.137414047117247
                 135000      2.114475567467239    0.02599019514573234     0.2825476221609132     -2.100533373685632
                 136000      2.044242168052235    0.02597848629431844     0.4442911838299921     -1.648350929013618
                 137000      1.890662883520184    0.02596442288973969     0.5414069304393432     -1.451201412566158
                 138000      1.828610752175657    0.02595757523006064     0.2549470814247374     -2.204580358013832
                 139000      1.964097563084156    0.02593756741693189     0.7995659938268015     -1.062338371268812
                 140000      1.912273111431257    0.02591965751855525     0.7100213333143973     -1.181803166320511
                 141000      1.805487179895673    0.02591309351376145     0.2461308781961249     -2.241488039525072
                 142000       1.64183429116512     0.0259041450978378     0.3398754747148077     -1.919117543231416
                 143000      1.741237633449342    0.02589494155132051     0.3505995209126541     -1.888407592464697
                 144000      2.113978484594609    0.02588581259348316     0.3482314964899053     -1.895537320483956
                 145000      2.095265038205354    0.02587494179244313     0.4190826206755834     -1.710756753321741
                 146000      1.784853184778811    0.02586644332971322     0.3243823443183369     -1.967230441773368
                 147000      1.898255895373487    0.02584745607179192     0.7685172311278552     -1.105424671747566
                 148000      1.413790353201262    0.02584329649316984     0.1562770208155757     -2.698418390276557
                 149000      1.777738705109039    0.02583253240308808     0.4181613752138384     -1.714597774619426
                 150000      1.839664000708559    0.02582113706107622     0.4450702384043274     -1.652674309936824
                 151000      1.673518718021268    0.02581001138730226     0.4348771440819593     -1.676273822475754
                 152000      2.591131433514087    0.02575336638881576      4.201789646565099     0.5897313307458288
                 153000      2.619291321365807    0.02569884413192029      4.927356668451606     0.7469041247907195
                 154000      2.402078292904611    0.02566527952672006      1.587009535775256    -0.3873540247042019
                 155000      2.627279195204802    0.02561453103663055      5.431714739408788      0.841070120888347
                 156000      2.685471897001918    0.02558649968588916      7.306884913976995      1.136537336721626
                 157000      1.978837329614356    0.02556599318926239      0.921231776869545    -0.9351251014230956
                 158000      2.225525045155786    0.02555715252455984     0.3718090475242462     -1.842802212102207
                 159000      2.105491598956262    0.02554543208239199      0.501748580947537     -1.543542164539974
                 160000      2.683416909479385    0.02551612322713911      7.285919459334214      1.130909617910143
                 161000      2.690336541987128    0.02548774046893685      7.425669442835357      1.148795849689006
                 162000      2.664542180216601     0.0254542605667272      7.167441068666752      1.112087272785619
                 163000      2.618796548378052    0.02540289556417776      5.057027525907277     0.7612974691075285
                 164000      2.531147757263278    0.02535137602483389       4.54349179770096     0.6521842822700396
                 165000       2.55961770619344    0.02530057951307593      4.319363235608325     0.5995907311311731
                 166000      2.463949633007996    0.02525082109030638      4.061266895459835     0.5360090795535214
                 167000      2.511387359671986    0.02520171511726588        5.0407760791816     0.7501275443818161
                 168000      2.554165552660628    0.02515258237172429      4.555755686897995     0.6470074275221653
                 169000      2.401897488654382    0.02512536112162478      1.529346807178873    -0.4456261021120635
                 170000      2.713009164606853    0.02508700552671768      6.641731341625736      1.021378115480852
                 171000      2.522995441234806    0.02503975381736055      5.092926200584829     0.7539727098215946
                 172000       2.79126576942418    0.02501958498859696       1.11166790297707    -0.7688241416851163
                 173000      2.639181435188584    0.02497723750731666      6.070144145415791     0.9270027001570467
                 174000      2.615938526807814    0.02493129460769819      5.171121874316776     0.7648689256225796
                 175000      2.664388292821417    0.02490076388453815      7.368031494277123      1.117704492283349
                 176000      2.598763797634852    0.02485506763650908      4.817338478000804     0.6909386911303622
                 177000       2.50357124209616    0.02481055086900493      5.291765705250379     0.7830764106302961
                 178000       2.42393103883528    0.02477682693257124       2.36380996606434   -0.02416103404612033
                 179000       2.66890370339704    0.02474850532759441       7.57065926101329      1.138700686463218
                 180000      2.738788785223298    0.02470443498479054      4.844037843701502     0.6903868574843527
                 181000      2.641113766924756    0.02466700220931202      6.572911399298037     0.9940787150000858
                 182000      2.489584924603627    0.02462394696619995      5.094617276454647     0.7375594075040085
                 183000      2.630011333276756     0.0245846221734641       6.17876057403719     0.9288942673435705
                 184000      2.631314835210338    0.02454665508004236      6.395013472762198     0.9617495752437988
                 185000      2.702945113549405    0.02451478133328372      7.254900425134856      1.086608854373591
                 186000       2.48651045557566    0.02447319031759765      5.082900417462944     0.7291157304047947
                 187000      2.694791744755459    0.02444505022104575      7.686446486794898      1.141541769630361
                 188000      2.555762841878067    0.02440435162816513      4.547144929261565     0.6149164475274472
                 189000      2.251278904684819    0.02439781469752997     0.4135535886238307      -1.78281917078665
                 190000       2.50823516022553    0.02435783578286663      5.498623710077653     0.8030068599981492
                 191000      2.574185423418244    0.02431795950499277      4.593175893585218     0.6214422900458791
                 192000      2.590397643752349    0.02427828191244159      4.848234818962514     0.6738523238825831
                 193000       2.33064491010286    0.02427273719985422     0.3615103156815672     -1.922455469656032
                 194000      2.584298656053993    0.02423348235399114      4.916439389464148     0.6859752502160901
                 195000      2.546866669047713    0.02419460942113767      5.046262940786023     0.7104332525530455
                 196000      2.438100074388682    0.02416229843987455      2.976115089237511     0.1810677291022461
                 197000       2.49538570470419    0.02412448035713561      5.483586354237059     0.7906418762789174
                 198000      2.641608305767813     0.0240912930482272      6.758751125313971        0.9983440569011
                 199000      2.355398931140337    0.02408275058075099      0.604416972270621     -1.416339689318328
                 200000      2.566826929633121    0.02404530354338289      5.100819403005961     0.7149963304796013
                 201000      2.723451095087939    0.02400962301800332      6.017272131678083      0.878744169198331
                 202000      2.692738527259208    0.02398266461159326      7.669474201091484      1.120234759654065
                 203000      2.783886574035746    0.02396460489476535      1.460025979826198    -0.5393123865442863
                 204000      2.758239132778209     0.0239323639920968      3.355750395004828     0.2915625327162275
                 205000      2.658850743225077    0.02390396183203006       7.43023399588299      1.085257001631202
                 206000      2.669665664568418    0.02387864854417947      7.891960330155184       1.14448469263167
                 207000      2.715240873373098    0.02384674113184433       6.80831804497816     0.9954481121416806
                 208000      2.540434359686019    0.02381142683833876      5.122316136927803       0.70942772974933
                 209000      2.614067544561789    0.02377645380633968      5.327550489501569      0.747242754964397
                 210000      2.722493982357856    0.02374276524547266      6.068901520129795     0.8761109206262836
                 211000      2.625084604327937    0.02370894538245443      5.876343898344325     0.8424426395288063
                 212000      2.284229938315936    0.02370447514151459     0.3512395286919839     -1.974967577701269
                 213000      2.457803843395329     0.0236730517139699      3.747299986075483     0.3910283574372093
                 214000       2.51926776093631    0.02363925025873382      5.267575777567335     0.7301341673314723
                 215000       2.67440523073236    0.02361341216702724      7.729083697843731      1.112460617674581
                 216000      1.488821214910915    0.02361126359395403     0.1710822986331857      -2.69823125281804
                 217000      2.161994696717272    0.02360801867932369     0.2607916566272677     -2.276791574254462
                 218000      2.166725429123411    0.02360435695125873     0.2954959179314671      -2.15201350698943
                 219000      2.173300682708621    0.02360025780136053      0.332249835323141     -2.034955003494054
                 220000      2.202936309229126    0.02359567021026384     0.3736887090543421     -1.917613489566401
                 221000       2.13853608912955    0.02359044629546089     0.4282547854653949     -1.781539717513974
                 222000      2.243918620995341    0.02358478370855063     0.4665002947927469     -1.696239443019205
                 223000      1.976417710365135    0.02357503678518845     0.8351054393583964     -1.114353460779004
                 224000      2.014543135455283    0.02356695998265499     0.6824119558505316     -1.316620594503506
                 225000      2.538607623892828    0.02353412057508917      5.475118998948432     0.7643207556828436
                 226000      2.664945175490616    0.02351433984766235      8.558042753949497       1.21013739288102
                 227000       2.64074691380252    0.02348844164123487      7.677062050516787      1.100400821343479
                 228000      2.585554651156183    0.02345622128346917      5.499121644376275      0.765379575881466
                 229000      2.582977062040138    0.02342434053704497      5.641677035500109     0.7896124814366431
                 230000      1.738697610995218    0.02341967870455736     0.4048996368585597     -1.844883975806998
                 231000      2.404251660353367    0.02340247900980398       1.71812930031856    -0.4002665220319221
                 232000      2.730716254996258    0.02337180207305569      6.220218658347807     0.8849907540929089
                 233000      2.104945651350988    0.02336569927581903     0.5456574580082174     -1.548839324570047
                 234000      1.890641609746027    0.02335799355408366     0.7007079047455765     -1.299069462784404
                 235000      1.939241754009266    0.02334890160382295     0.8399643439362683     -1.118190455475761
                 236000      1.881079422512507    0.02334089156254008     0.7333270282508308     -1.254301263364656
                 237000       2.55217261983524    0.02331007386853463      5.808730012423455     0.8139030202521699
                 238000      2.441220311110769     0.0232836306738903      3.319721660773487     0.2532869475608211
                 239000       2.76427530932656    0.02325786904858538      3.205152563491742     0.2170586572045268
                 240000      2.421822009505993    0.02323579598122985      2.533901296381432   -0.01889041298222281
                 241000       2.63078893549894    0.02320903103097166      7.149917127308949      1.017297675333756
                 242000      2.695803717399137    0.02318875532853819      8.427865390096823      1.180866438903201
                 243000      2.368625654384918    0.02317946280042263     0.9118670860111312     -1.043338938263454
                 244000       2.63464235914702    0.02315387474588996      7.425291952032886      1.052709583991656
                 245000      2.617152562498099    0.02312593211346436      6.700355271960658     0.9487705786302075
                 246000      2.411209812413611     0.0231068551274515      2.204637327374697    -0.1636522119645593
                 247000      2.607632496264954    0.02307854644930642      6.400738056592492     0.9009722036942099
                 248000      2.693033754271864    0.02305891709157701      8.554746326867489      1.190194245919467
                 249000      2.436554227523709    0.02303483867392568      3.232026966849637     0.2157727169491575
                 250000      2.432813522056976    0.02301100592556884      3.208279831192299     0.2073629731312559
                 251000      2.691810732641111    0.02299236115833431      8.709382113121389      1.205218323399041
                 252000      2.709833752050774    0.02296960007130764      7.970837999947205      1.115616674972749
                 253000      2.686434426612732    0.02295266135761643       9.05506913714221      1.242414057407152
                 254000       2.59597974031324    0.02292469851879207      5.963158388953227     0.8234705768182482
                 255000      2.658222422365331    0.02290469239050082      8.567890267052098      1.185018760992731
                 256000      2.521050767393697    0.02287695414819271      5.738921584740914     0.7830567879916837
                 257000      2.251577932132842    0.02287229637797198     0.4947341672224936     -1.668152845755582
                 258000      2.229354037782445    0.02286736113232607     0.5262723236632374     -1.606570421023771
                 259000      2.764706660282091    0.02284532625224428      3.108630369495308     0.1685842273415137
                 260000      2.697079950001459     0.0228271088930323      8.877501377543101      1.217124394997601
                 261000      2.497928117067748    0.02279991643896866      5.594489758146188     0.7541944503375507
                 262000      2.332608246774114    0.02279527662860852     0.5064833601286913     -1.648055021626453
                 263000      2.697823384744098     0.0227773848932703       8.95664503110646      1.223819309217856
                 264000      1.851146759122854    0.02277271792992061     0.5158370141160953     -1.630745752270849
                 265000      2.505445540738362     0.0227459267283145      5.835564257008248     0.7940124854419798
                 266000      2.455500382090456    0.02272145788985166      4.069319213559982     0.4324409133271612
                 267000      2.604692889376607     0.0226952028409053      6.184987066883413     0.8499339261344802
                 268000       2.38400095709547     0.0226838472968501      1.401038454206427     -0.635477749185831
                 269000      2.501771240903373    0.02265768909098854      5.897884621393513     0.8007484541888654
                 270000      2.670848106064735    0.02264090644314893      9.131515191350214      1.237145365822007
                 271000      2.536786248122493    0.02261501384784099      5.791285567890188     0.7806237524275885
                 272000      2.672493986623043    0.02259887098577204      9.283625964246886      1.251807585815873
                 273000      1.971129642989772    0.02259167424913515     0.8765576909669504     -1.108515876961308
                 274000      2.327103365675106    0.02258725516941746     0.5215308804573628      -1.62794553718034
                 275000       2.48332848182652    0.02256182590351818      5.418226272535555      0.711683302474175
                 276000      2.406633144151885    0.02254625185095194      2.186093994060458    -0.1966593380962727
                 277000      2.511314477034101    0.02252118209446617      6.278468023276015     0.8572377359274563
                 278000      2.465298606557484    0.02249695092729166      4.719222505266733     0.5706792860314096
                 279000      2.385175040901085    0.02248527667077925      1.564286729666334    -0.5340538810841812
                 280000      2.491054323072078    0.02246046826548884      6.021111975589073      0.812684191551297
                 281000      2.297759897257015    0.02245682330869278     0.4433630835264456     -1.796116303627412
                 282000      2.305395398821418    0.02245269001308193      0.506021793876631     -1.664109672522738
                 283000      2.447678075332217    0.02243033634411168      4.026986986695942     0.4090882318275496
                 284000      2.029973719452257    0.02242568979649542     0.5763699857849451     -1.535142882658249
                 285000      2.187510637159769    0.02242231028670627     0.4134170757659446     -1.867586431005494
                 286000      2.649100786668309    0.02240225162043928      8.257220507577486      1.125904940967508
                 287000      2.769479874264782    0.02238511501928465      2.651192383057309   -0.01093883764307369
                 288000      2.665210880729617    0.02236854831179371      9.097432952885452      1.221303597390377
                 289000      2.683422488666217    0.02235396497654198      9.540739197089461      1.268230113405504
                 290000      2.403204001766654     0.0223393108144164       2.20588372064895    -0.1968684099565038
                 291000      2.667568705373949    0.02232389968454614      9.402823998564029      1.252323346615764
                 292000      2.505175433620756    0.02230022549369878      6.341427173710462     0.8573560773979068
                 293000      2.365069292299088    0.02229228739750433      1.090936121469221    -0.9030676454962634
                 294000      2.581237987605513    0.02226880959597905      5.492246067291766     0.7121797559421176
                 295000      2.271665938527123    0.02226485590409034     0.5201630630458671     -1.644948029109941
                 296000      2.403549114257467    0.02225018208045361      2.295493392713138    -0.1610465639141666
                 297000       2.52469987524198    0.02222692557020676      6.256047499942415     0.8405084511701582
                 298000      2.422482290917626    0.02220938842214947      2.993550184869762     0.1026305750129478
                 299000      2.237175103682325    0.02220493145470154     0.6001419322414508     -1.504619258418264
                 300000      2.380275968369963    0.02219373020827607      1.670335098643299    -0.4815104721135898
                 301000      2.562224255246738    0.02217083136066854      5.561245126976371      0.720254986948231
                 302000      2.541261318885475    0.02214799406975459      5.976746517832406     0.7912787283279844
                 303000      2.213997940198392    0.02214411818010602       0.52770000592596     -1.635999973251182
                 304000      2.691142070093275    0.02212728849929286      8.952526826180131      1.194402877706662
                 305000      2.639694901072077    0.02210625707409668      7.516592366881245      1.018629024313481
                 306000      2.724220453372573    0.02208393222312551      6.405871172268143     0.8577206736513719
                 307000      2.519602909867649    0.02206164240225489      6.152315739502479     0.8163244543824416
                 308000      2.483858952343169    0.02203960505056621      5.512014174428142     0.7054266075024062
                 309000      2.737372839997503    0.02201796438378536      5.177014922166688     0.6417427411415536
                 310000      2.653083557383229    0.02199916831991583      8.261941184173306      1.108319656894241
                 311000      2.639179194376359    0.02197895975940873      7.643803851266958      1.029636424511592
                 312000      2.750113072739331     0.0219595397115023      4.075073819407939     0.3997459556063362
                 313000       2.48299023434799    0.02193811263225125       5.53806590536821     0.7055261901205651
                 314000      2.565519011968609    0.02191700593661846      5.273122916285446     0.6555410708258902
                 315000       2.67447645402098    0.02190125412592543      9.132087463343813      1.203993645283115
                 316000      2.433853233476538    0.02188452007791643      3.265541656890631     0.1748606258544067
                 317000      2.376225023308443    0.02187529519928012      1.505929788929249    -0.5995761278512417
                 318000      2.741308875565856    0.02185496832672819      4.907875740025003     0.5809249255309515
                 319000      2.712327914291322    0.02183540333912209      7.623625596246138      1.020440153256219
                 320000      1.856937535506801    0.02183185838791695     0.5381496676305657       -1.6305928301697
                 321000      1.709805484227399    0.02182952217627139     0.3491721158550238     -2.063271590006174
                 322000      2.726808445280998    0.02180878879739385      6.446143102531292     0.8514504655245707
                 323000      2.704590849424126    0.02179096487429681      8.349262860121522      1.109324121095986
                 324000      2.568841839243382    0.02177076542393234        5.2469430515025     0.6438691030913617
                 325000      2.427861424229198    0.02175522447284915      3.096611657601817     0.1158178721552662
                 326000      2.658719361712317    0.02173831638549077      8.626199078413162      1.139535850141063
                 327000      2.754006808900033     0.0217204582034225       3.98946319092147     0.3675667117774324
                 328000      2.316645110479633    0.02171696712562852     0.5514847704120137     -1.611391767522864
                 329000      2.614662737469922    0.02169679040025353      6.188880342713863     0.8055739682684798
                 330000      2.541820928342115    0.02167684886414532      5.631104471913671      0.710205855285755
                 331000      2.371691549839268    0.02166866794304208      1.415192173908397    -0.6712118848351729
                 332000      2.439530506423345    0.02165223882978233       3.55422429498224     0.2489011353472483
                 333000      2.316463029955025    0.02164853174616339     0.5995624366421229     -1.530962089879993
                 334000      2.400053308074984    0.02163626431041617      2.337845348615108    -0.1707440380637203
                 335000      2.506155018836508    0.02161653015882583      6.154809977286122     0.7963476311749952
                 336000      2.656747969494066    0.02160000846659149      8.564107458708918      1.125929062812552
                 337000      2.611134037959079    0.02158047156077385       6.09298037523947     0.7845815995107848
                 338000      2.499160629927854    0.02156104029203754      6.096382552317987     0.7842390047374961
                 339000      2.691542158804131    0.02154599884231476      9.059780410262492      1.179690451002323
                 340000      2.515346399667533    0.02152675958351185      6.298944394966464     0.8153342937945313
                 341000      2.625291882789695    0.02150790968914923       6.94799770372199     0.9125297156582095
                 342000      2.554914759354348    0.02148914148156803      5.439933890056675     0.6669701061941049
                 343000      1.948338735338247    0.02148460612657996     0.7890982028296594     -1.263872378598764
                 344000      1.873048853664729    0.02148076032379785     0.6624885873945344     -1.438938844227463
                 345000       1.84402720984102    0.02147758821163622      0.541239968285727     -1.641227113717741
                 346000      2.022386362829887    0.02147399684512524     0.6171999609502344     -1.510064029888553
                 347000      1.717468559217444    0.02147168051214285     0.3907857603470424     -1.967205477486595
                 348000      2.347065056124808    0.02146608892146363     0.9944118717390193     -1.033473932000242
                 349000      2.257047937769642    0.02146257117692106     0.6054711901630261     -1.529782317028923
                 350000      2.075609189551921    0.02146005332111048     0.4271607954460488     -1.878746106855323
                 351000      2.545835699843456    0.02144126529003153      6.086093423668004      0.776979189575647
                 352000      2.280335821694219    0.02143792074917387     0.5785635239448275     -1.576390141052702
                 353000       2.75106514234028    0.02142059009947428      4.518482451039916     0.4781842479632663
                 354000      2.719850558341272    0.02140293519051915      7.571730750079259     0.9936051829240581
                 355000      2.477431398594848    0.02138461066673024      5.598297494328844     0.6907895060345961
                 356000      2.042093170547599    0.02138155126711315     0.5369365025685394     -1.653691538545736
                 357000       2.16078394084783    0.02137919821724963     0.4087838468958722     -1.926494913197653
                 358000      2.604628659616346    0.02136082722177295      6.247164534026144     0.7993418649821481
                 359000      2.015550248368144    0.02135676225708148     0.7306032468070394     -1.346860859946703
                 360000      2.750353647339091    0.02133954298234788      4.717234461896561     0.5174399762023248
                 361000      1.807671787631543    0.02133737678995943     0.3800572826597921     -2.001317542241922
                 362000      1.991975444485012    0.02133260413676263     0.8740081185910862     -1.168773563567902
                 363000      1.976034647979938     0.0213274329535987     0.9547573886337695     -1.080648400177285
                 364000      1.897816420057571    0.02132323347894052     0.7633623736431481     -1.304569738060513
                 365000      1.834904431771571    0.02132018487964038     0.5443253476633729     -1.642898436647585
                 366000      2.667324974027215    0.02130800771661392      9.746708609240116      1.241668038456732
                 367000      2.517402999280292    0.02129024025154599      6.941908470752773     0.9014809338329123
                 368000       2.65712721426413    0.02127690653040486       9.39384812426187      1.203332742033458
                 369000      2.500956872747297    0.02125925473709662      6.916287733177904       0.89632692632132
                 370000      2.648722864028563    0.02124498747178206      9.050314170011152      1.164575893670195
                 371000      2.536793659847804     0.0212273390803669      6.595249208132918     0.8472949408155042
                 372000      2.381671080723019    0.02121829999542913       1.89730283460443     -0.399047228654774
                 373000      2.465003505833188    0.02120141572363289      5.048544058347447     0.5788232930844448
                 374000      2.510990580776319    0.02118431996954888      7.216324499775491      0.935262472951459
                 375000      2.614029522156031    0.02116711357429527        6.9475725865633     0.8964964989797731
                 376000      1.752222444223908     0.0211649064418873     0.4143107329093622      -1.92313913278042
                 377000      2.209652924827447    0.02116203179301381     0.5458163652833699     -1.647608626505666
                 378000      2.665687407046225    0.02115022867821225      9.866706882695297      1.246472304022798
                 379000        1.6057736326343     0.0211487032473332     0.2857544299444419     -2.295388444352007
                 380000      2.038768060612885    0.02114537237282495     0.6429044173593879     -1.484682697877576
                 381000      1.944830322331083    0.02114095209766383      0.870445566600373     -1.181882597979328
                 382000      2.715394638935785    0.02112497574955692      8.003761913178737      1.036023133369908
                 383000      2.751511160780554    0.02110908212695569      4.647962459814701     0.4917877610925872
                 384000      2.604661316119411    0.02109206123268157      6.440730065955993     0.8171940605353409
                 385000      2.600527460125733    0.02107511786226255      6.355563212404078     0.8030790599633043
                 386000      2.672106923453399    0.02106389484024972      10.03600030336891      1.259394526299445
                 387000       2.64455836813714    0.02104992553726704      9.004924828777353      1.150324091350667
                 388000      2.506643411334954    0.02103340087860466      7.123203174215711     0.9151246382713917
                 389000      2.268499668372777    0.02103027171773677     0.6304232246968589     -1.509745552019088
                 390000      2.729380921786079    0.02101364051107846       6.60582205559935     0.8387786026037812
                 391000      2.635655731902343    0.02099870971370936      8.428331237365537      1.081715228591992
                 392000      2.540591667387616    0.02098221200637688      6.356607705590522     0.7988253246690331
                 393000      2.625218962885952    0.02096664966044135      7.900861367202905      1.015560289060503
                 394000      2.718857040537141    0.02095082045544725       7.58914681608468     0.9745524220715744
                 395000      2.638476192724502    0.02093651408213755      8.699070051126332      1.110366286912343
                 396000      2.660834989153156    0.02092422258356341      9.655570939788827      1.214097949183037
                 397000      2.648978798734458    0.02091114564966191      9.328004116672735      1.178958810208049
                 398000      1.650391148556902    0.02090943969993386     0.3534613041146537     -2.094125109594661
                 399000      2.690339453677745    0.02089707277607383      9.645800026726381      1.211787118598096
                 400000       2.44049417053934     0.0208842254153122       3.61452598305034     0.2296102689451367
                 401000      2.697594614899645    0.02087120174458902      9.337895737494021      1.178106670690792
                 402000      2.491463744099375     0.0208552995218502      6.414406085688824     0.8018099390957235
                 403000      2.724699030069469    0.02083960037264604      7.158633485986283     0.9108295873476251
                 404000      2.633933032671772    0.02082537324562043      8.610924261462538      1.094859208747951
                 405000      2.407390075795396    0.02081556341574534      2.541084268924588    -0.1260527466925498
                 406000       2.53587693120348    0.02079991101390326      6.466171184646866     0.8071882998330344
                 407000      2.649723898104832    0.02078727539075812      9.443448725102865      1.185317721713231
                 408000      2.638889616118049    0.02077389579381234      9.053664206469996      1.142522186848803
                 409000      2.664833993310092    0.02076255882263482      10.03905633929026       1.24528986556808
                 410000      2.632724593091523    0.02074881313418244       8.82414908082615       1.11563666120045
                 411000        2.5707651195169     0.0207338477240093      5.581263524775285     0.6568381472785879
                 412000      2.347254855379549    0.02072953920865473      1.011304362281352     -1.051543918803038
                 413000      2.728489609951654     0.0207142711700506       6.76092679148069     0.8476383089965069
                 414000      2.565805984811324    0.02069936770054716       5.71176419332888     0.6782865332200131
                 415000      1.927184056423931    0.02069598094840565     0.7891437989213093     -1.301211757973064
                 416000      2.143656953055798     0.0206941014318182     0.4258195601161057     -1.918235447788307
                 417000      2.795838661522306     0.0206897057525571      1.047228895089478     -1.018560764342204
                 418000       2.67568063897675    0.02067920226508999      10.33340928506477      1.270166177442596
                 419000      2.664355980431244    0.02066867876609344      10.34995019054281      1.271256596257278
                 420000      2.139601877835741     0.0206666572245954     0.4661629643667789     -1.829042919768465
                 421000        1.6882520044875    0.02066494209883204      0.393452253266299     -1.998701473230788
                 422000      1.746957532182016    0.02066307630986621     0.4293751938369482     -1.911420372445212
                 423000        2.1111418613237    0.02066086985568708     0.5112407817946774     -1.737017598551025
                 424000      2.356158540151258    0.02065584828550939      1.233853745838118    -0.8562036748908028
                 425000      2.637482125906617    0.02064324321283359      9.352730289633497      1.168711808712551
                 426000      1.671925451137498    0.02064144589885958     0.4166395011789613     -1.942577507472852
                 427000      1.798206624070034    0.02063976838748109     0.3881672411924272     -2.013443841434702
                 428000      2.004042772694986    0.02063633686615393     0.8219160938993362     -1.263408079459015
                 429000       1.92632950773286    0.02063293377842159     0.8153190229507788      -1.27163183905266
                 430000      1.788929527413487    0.02063114178043023     0.4163701167880265     -1.943723601491759
                 431000      1.894219629976886    0.02062792570188694     0.7685547788240845      -1.33094222620504
                 432000      1.537417100851229    0.02062704987091276     0.2003696678600357     -2.675332526470422
                 433000      2.693507578794599     0.0206154970232667      9.864204447629398      1.220611005726065
                 434000      2.380467921970826    0.02060850671325289      1.838804437180672    -0.4595250263885174
                 435000      2.643486555154751     0.0205967147167816      9.740072940352798      1.207035627456291
                 436000      2.518524077927063    0.02058203310824202      6.949169493157103     0.8686961088411465
                 437000      2.512505847104173    0.02056743491691287      7.075504273484452     0.8860031498618484
                 438000      2.581834541985781    0.02055320304441108      5.718336010642451     0.6723500883220459
                 439000      2.681510672236387    0.02054297363256708       10.4362685772614       1.27346150715853
                 440000      2.696205725747593    0.02053135661385578      9.795777913331177      1.209560213883811
                 441000      2.803663580784951    0.02052842328484336     0.7286155866616429     -1.389143136702264
                 442000      2.518737937788778    0.02051402363429779       6.94050037281134     0.8641380415165949
                 443000      2.577362350521399    0.02050009173778301      5.641239421255449     0.6561885958350561
                 444000      2.618990265149505    0.02048615657067321      7.871764242913516     0.9886870170609301
                 445000      2.633809728998128    0.02047350516327791      9.085182180747738      1.131431811517036
                 446000      2.518168885463202    0.02045933826723599      7.006881137560991     0.8709875408829747
                 447000      2.298661185607589    0.02045702469550104     0.5830936591000523     -1.615425688102596
                 448000      2.507703490918451    0.02044293476908418       7.07872352411465     0.8803863707543254
                 449000      2.458881797704141    0.02043079741690751      4.307562263230084     0.3830710214352036
                 450000      2.384034187727881    0.02042404450183992      1.912691796223015    -0.4291201360888679
                 451000      2.257250055985129    0.02042144082811168     0.6674375264666648      -1.48206867871815
                 452000      2.442156687482762    0.02041063187348813      3.578702996989766     0.1967118165606438
                 453000      2.518586992463995    0.02039674482396442      7.150540544828535     0.8882187129667538
                 454000      2.425089633664182    0.02038719809249569       3.01573471326673    0.02440608363892931
                 455000      2.488187929921605    0.02037343796296995      6.368563862098699      0.771261420377789
                 456000      2.527451468806619    0.02035968427860821      7.046053815134661     0.8716798399711521
                 457000      2.051459265071661    0.02035761421268042     0.5359635966928791     -1.704578594365193
                 458000      2.092919710468411    0.02035564435585318     0.5092153714364206     -1.755870550198051
                 459000      2.412652967008609    0.02034683727976736       2.74764286909738   -0.07067567302431871
                 460000      2.480452662610162    0.02033341443194493      5.931671821115903     0.6982271009966164
                 461000      2.335341931583665    0.02033005939857303     0.9002387477748411     -1.187339288397566
                 462000      2.740451003937714    0.02031692503761145      5.576772621543006     0.6357199479770036
                 463000       2.67867742880873    0.02030715951040353      10.45842081820969      1.264036420725004
                 464000      2.664537876242643    0.02029744497172477      10.50267355342314      1.267780301330129
                 465000      2.462120153859634    0.02028521544974266      4.793155328537138      0.482736682540894
                 466000        2.4141741426689    0.02027632218225187      2.880666074779454   -0.02686920853256078
                 467000      2.504975406823795    0.02026304613008672      7.478871790811236     0.9265362277309058
                 468000      2.079808330769873    0.02026110244070293     0.5203842332182774     -1.738829480468353
                 469000      1.994789491791497     0.0202578614568916     0.8934470341299129     -1.198469849147342
                 470000      1.768569009959409    0.02025619735606501     0.4434701861730797     -1.899008476669745
                 471000      2.647279461247703    0.02024554530899965      9.959356996201059      1.212102733287655
                 472000      2.681382196784121    0.02023594377920375      10.53326705261052      1.267654395378617
                 473000      2.593892367759837    0.02022295618056837      5.999424707477237      0.704137424047278
                 474000      2.547342975782991    0.02020986839822471      6.375310226419279     0.7642592102846945
                 475000      2.279161639714698    0.02020754621907325     0.6410714536985377     -1.532902808420564
                 476000      2.006536146820575    0.02020442210603259     0.8788614775938081     -1.217571050254861
                 477000      1.817577434543185    0.02020269444305563     0.4714503638655795     -1.840470033710038
                 478000      1.720689161186853     0.0202010856781853     0.4380774513650525     -1.913967767452038
                 479000      2.112984948591198    0.02019902471739514      0.566910582060682      -1.65626393158518
                 480000      1.973759386955827    0.02019553983513723     0.9909322065675369     -1.097991938542287
                 481000      1.629024521247546    0.02019426497386554     0.3453209419076991     -2.152226938291784
                 482000      2.072522451703477    0.02019225961255707     0.5518623442799245     -1.683501858856173
                 483000      1.901452847735099    0.02018941056279712     0.7994125514486754     -1.313064456577316
                 484000      1.652602720247605    0.02018786914871032      0.420473350737443     -1.955636852158106
                 485000      2.020679351998323    0.02018485546211944     0.8497833660930997     -1.252185794001634
                 486000      1.945244829954682    0.02018162842723387     0.9152373504784722     -1.178143703361378
                 487000      2.511780641679976    0.02016874493986043      7.589507063092539     0.9365562074302874
                 488000      2.472152751232963    0.02015629139030852      5.547849334577649     0.6225822506191954
                 489000      2.639830846062795     0.0201453196247203       9.60785815470614      1.171208743921333
                 490000      2.443952769105117    0.02013482344773499      3.951641257512771      0.282237264460973
                 491000      2.705115081194796    0.02012309738873997      8.970231826506621      1.101435237309734
                 492000      2.710843671250503    0.02011096173982365      8.512570951915706       1.04846447084604
                 493000      2.704556494729536     0.0200995242495893      9.183467809061344      1.123756473666704
                 494000      2.617180806496625    0.02008703452134671      7.855271808171687     0.9669148703337468
                 495000      1.815148795632628    0.02008529764234803     0.4954278211754979     -1.796690079874397
                 496000      1.747419969746951    0.02008359152854462      0.486523441259066     -1.814911617453984
                 497000      2.051113879782775    0.02008136822781799     0.6417074488634971     -1.538174897161976
                 498000      2.533834506162409       0.02006874195706      6.968863171836033     0.8462710242973994
                 499000      2.590606742299154    0.02005643273377168      5.952831743173684     0.6880724042406104
                 500000      2.319733307271718    0.02005392557622699     0.7352170090878728     -1.403509211183198
                 501000      2.669767115992117    0.02004486508493867      10.65923593586854      1.270055193599682
                 502000      2.503268675388628    0.02003243559596878      7.483237086438332     0.9156736414025949
                 503000      2.473433095186441    0.02002042439612673      5.695892579158009     0.6421537249837209
                 504000       2.73287567397128    0.02000813152787378      6.356334841971767     0.7512461336242803
                 505000      2.699537731031719    0.01999756376899225      9.679261900533591      1.171251540798307
                 506000      2.702747868682775    0.01998677425207876      9.500442699831096      1.152064602691847
                 507000      2.687853328172867    0.01997757733850013      10.57165710332666      1.258442511114529
                 508000      2.662229293546862    0.01996840951459564      10.60312702651442       1.26095589841277
                 509000      2.618822988832738    0.01995640301347284      7.983409530610301     0.9765710623629937
                 510000      2.621703093545478    0.01994461250832709      8.324843664134317      1.017858751543081
                 511000      2.667816092062388    0.01993588183463457      10.85447109699548      1.282753730906067
                 512000      2.401343332931717    0.01992894188409892      2.466596795955244    -0.1993321358457795
                 513000       2.38223847641648    0.01992322205752269      1.950516826777473    -0.4343641964381236
                 514000      1.872316517239967    0.01992096266720613     0.6997668572990015     -1.459580044983663
                 515000      2.679882879347132    0.01991248272587692      10.98156650106094      1.293220340002192
                 516000      2.474495663360933    0.01990092635671573      5.748788087361848     0.6454107841929863
                 517000      2.743086113676035    0.01988975626317289      5.290679994242092     0.5618070572732333
                 518000      2.294313798845911    0.01988769464186044     0.6441024877205414     -1.544140804576767
                 519000       2.68961026413041    0.01987873886024228       10.6901682921781       1.26463066724753
                 520000      2.572951473205548    0.01986733928681593       5.70298571229374     0.6357224262015978
                 521000      2.510798828581149    0.01985553121143444      7.525173956444755     0.9123919840486286
                 522000      2.624057263396398    0.01984416146446553      8.519704900520594      1.035946973025302
                 523000      2.402592825754276    0.01983725492023411       2.55689093284578    -0.1679907897567676
                 524000      2.651311703948259    0.01982779732312466      10.32183878060455      1.227002216730214
                 525000      2.582243361476887    0.01981653485607377      5.783749297173966     0.6472242604444196
                 526000      2.532067907662375    0.01980488063660806      7.002855002083534     0.8379017652460121
                 527000      2.381127673001966    0.01979935257025268      1.977751490601334    -0.4267347349238028
                 528000      2.319751581377314    0.01979703227222711     0.7562033281320656     -1.388257507404798
                 529000      2.275206829277642    0.01979489338690623     0.6942822814630722     -1.473797223088148
                 530000      2.736749214483888     0.0197836180145126      5.999991317439636     0.6822676821456356
                 531000      2.496148576635924    0.01977207314262654      7.224429075075435     0.8673941426445424
                 532000      2.539768960787435    0.01976060861380258      6.753315382783375     0.7993794820377216
                 533000      2.469021996216688    0.01975003507236717        5.1769172344817     0.5330204555732235
                 534000      2.665239067687891    0.01974080961736003      10.34750767514202      1.225089171372096
                 535000      2.708087821625104    0.01972989596947551       8.68582922138809      1.049483357645602
                 536000      2.494592773013236    0.01971856465116052      6.853336991619932     0.8119516835664149
                 537000       2.44149238783726    0.01970994678782387      3.684370460301941     0.1908785317777134
                 538000         2.624128048322     0.0196988514035564      8.159494663300157     0.9853980059753031
                 539000      2.597941542941753    0.01968788684489551      6.061057972612534     0.6875433712179981
                 540000      2.365708304834452    0.01968365722959269      1.518827179541131    -0.6966174084057203
                 541000      2.463008918548027    0.01967361755825979      4.889872936851115     0.4721002846029236
                 542000      2.415253461458244    0.01966663336552243      2.795941408498647   -0.08725223158503703
                 543000      2.390162544666446    0.01966088005567055      2.193344749997638    -0.3302860229157057
                 544000      2.329690442739572    0.01965841412390551     0.8476795765983434     -1.281091688249755
                 545000      2.491485293890229    0.01964734266987069      6.760381913162986     0.7946769183519502
                 546000       2.52526643358525    0.01963626945672585      7.078706347983377     0.8401249482659863
                 547000      2.706111828550869    0.01962581168874588      8.877827492842288      1.066057935892187
                 548000      2.335412627956958     0.0196230968613908     0.9525005186094614     -1.166301905981338
                 549000      2.488668851468955    0.01961216397771844      6.678913989664519     0.7807608205570736
                 550000      2.681192829622929    0.01960337885932182      10.45645263735789       1.22857664504782
                 551000       2.65230397477458    0.01959386535137805      9.858596060785153      1.169215733877634
                 552000      2.641846046402996    0.01958393846838678      9.429126422869672      1.124168656440399
                 553000      2.229256848019704    0.01958227200831936     0.5794439947801416      -1.66540615956481
                 554000       2.49274310302129    0.01957143363858034      6.950007989764042     0.8184692826386191
                 555000       2.52768381156341      0.019560621367646       7.04074435886759     0.8308877665163925
                 556000      2.541132659367152    0.01954988165899176      6.790109376748234     0.7940917208882087
                 557000      2.726632228731143    0.01953917733746226      6.792136070312703     0.7938424647635457
                 558000      2.558636301418208    0.01952892967319421      5.754191478067545     0.6274809188844299
                 559000      2.690805413615383    0.01951983954440432      10.09983697132298      1.189606080931576
                 560000      2.738527520855013    0.01950976772836188      5.587327951710076     0.5970718549066155
                 561000      2.736248487913954    0.01949953574277978      5.897088890816481     0.6505049158111443
                 562000      1.952495592476308    0.01949717114316214     0.8644387789168649     -1.269749969877047
                 563000      2.660504955573494    0.01948830554816567      10.23856313488602      1.201631298874622
                 564000      2.723960963396717    0.01947775616387815      7.232514009892335     0.8535152376394801
                 565000       2.61900143150347    0.01946727741922377      7.750439725991837     0.9221399933203275
                 566000      2.693070481343969    0.01945826207185533      10.06304690293492      1.182797194702003
                 567000      2.669913311036975    0.01944987942585664      10.60393115390431      1.234721104579393
                 568000      2.645157537421329     0.0194404942098739      9.675050671671869      1.142564135089903
                 569000      2.636795199740408     0.0194307857575994      9.256477391780017      1.097837705810359
                 570000      2.360843657378864    0.01942712497439665      1.439898304890355    -0.7631017886699544
                 571000      2.563393290111617    0.01941735949688684      5.608214586233792     0.5960553364693562
                 572000      2.533635655537759    0.01940708781574708      6.849269482659513     0.7954357901697477
                 573000      2.631343368116471    0.01939754271298343      9.357489081857516      1.106978825561292
                 574000       2.64047882209682    0.01938862073433975      10.05220813786231      1.178134097249349
                 575000      2.500064737026087      0.019378407103584      7.700355405211998     0.9110813323804809
                 576000      2.620638338992483    0.01936845195587661       8.54427118249269      1.014562013565202
                 577000      2.444692278956572    0.01936041411678078      4.011982989164932     0.2581715398290459
                 578000      2.605191843430391    0.01935029490569876      7.048571258682888      0.821188035685488
                 579000      2.366603180189053    0.01934642049018598      1.586999489225809    -0.6699920277505836
                 580000      2.639071574082858    0.01933718379880991      9.573250023139405       1.12665805498924
                 581000      2.472337112056206    0.01932775858351567      5.536337483394341     0.5785309470001906
                 582000      2.677804383735892    0.01931953923843324       10.5823783790715      1.225962618036194
                 583000      1.873137645617756    0.01931783355089199     0.6609925725001742     -1.547328550728133
                 584000      1.827165001164134    0.01931651617290087     0.5051472774778615     -1.816289325666387
                 585000      1.922701987937055     0.0193144812473753     0.7968237273847666     -1.360611218775936
                 586000      2.677416150102747    0.01930635910289361      10.65477859789742      1.232098452776665
                 587000      2.663520228972723    0.01929816921676303      10.59924523357263       1.22644846415717
                 588000      2.625617674281691    0.01928849188570275      8.691364898089423      1.027494072810306
                 589000      2.266034981421828    0.01928677830107891     0.6740900726310393     -1.529316301274062
                 590000      2.350145658641994     0.0192837173493531      1.256198567860521    -0.9069933320678875
                 591000      2.567702512553967    0.01927449245806438      5.505183372459254     0.5701281050477194
                 592000      2.339688993483348    0.01927181671214399      1.088682164638244      -1.05073286601746
                 593000       2.59774317380823    0.01926225816168018      6.138461166868358     0.6783771699272317
                 594000      2.568509732066403    0.01925303359771111       5.59531288364299     0.5852533377970415
                 595000        2.6954865534473    0.01924431847980894      9.961019065131845      1.161550693181023
                 596000      2.684805810364406    0.01923630778028244      10.66382604903765       1.22931223205059
                 597000      2.476624117984244      0.019227003989692       5.86831241476131      0.631538285752285
                 598000       2.52339946529936      0.019217278825421      7.309156944986157     0.8505931890410131
                 599000      2.654288419751607    0.01920902676539989      10.39552168481985      1.202410856540351
                 600000       2.46168070315781    0.01920051394198153      4.899253860933701     0.4496754045079133
                 601000      2.645548003131785    0.01919200877278612      10.09657658194303       1.17234583452863
                 602000      2.568453113917337    0.01918300779026106      5.599495899352874     0.5823568897508926
                 603000      2.635191025129045    0.01917411897683578       9.56459402291491      1.117284995494317
                 604000      2.487379661151082    0.01916467326709919      6.662115921570068      0.755161228084569
                 605000      2.384305596905993    0.01916028144636029       1.99419378652742    -0.4512652488843608
                 606000      1.991855215130396    0.01915817802134024     0.8807166832882641     -1.268634177169416
                 607000      2.736936241684237    0.01914921720572057      5.692569197437574     0.5970789503610007
                 608000      2.427940598034733    0.01914295984664413      3.126271966403736   -0.00256831659406749
