#! FIELDS time e sigma_e height logweight
#! SET action OPES_METAD_kernels
#! SET biasfactor       5.011348439085033
#! SET epsilon    0.001910020759284688
#! SET kernel_cutoff       3.538542402811424
#! SET compression_threshold                       1
                   1000      2.500831736183642    0.06321896844457647   0.006322704301097473     -5.011348439085033
                   2000      2.684034420528744    0.06238720457331245    0.03341577034131247     -3.359711687315386
                   3000      2.623291121948252    0.05483763416164349      1.166348093027807    0.06390973021794907
                   4000      2.295840009069712    0.05476797642521629   0.007395995451163282      -4.99805549138007
                   5000      2.332039900173688    0.05440471059268578    0.03996949634375185     -3.317532527526886
                   6000      1.864664875736275    0.05433787106407433   0.007356100558745334     -5.011348439085033
                   7000      2.646055612534635    0.05268555720101649      2.950003205734053     0.9518030558986987
                   8000      2.690701312816633    0.04933783404696043       2.50423613196813     0.7223304000901818
                   9000      2.418230414984307    0.04926229074838277    0.03207112856208812     -3.636984742706109
                  10000      2.480672785389579    0.04900465633688579     0.1132742320609141     -2.380372809217332
                  11000      2.525220951333487    0.04789764527772069     0.5872994291333169    -0.7574987066155919
                  12000      2.134975096042796    0.04788022528951819   0.008453794212514978     -4.998781895408014
                  13000      2.032628091358967    0.04785833936911361      0.010646438791824     -4.768629006512521
