#! FIELDS time e sigma_e height
#! SET action OPES_METAD_state
#! SET biasfactor       3.469395073212715
#! SET epsilon    0.007640039155174105
#! SET kernel_cutoff       3.122291642622147
#! SET compression_threshold                       1
#! SET zed      0.1740321622044032
#! SET sum_weights       229.3189686305035
#! SET sum_weights2       555.7025935894289
#! SET counter  189
                      0      2.678986884223749    0.03986506176856327       187.195687871004
                      0      2.504683644848708    0.03775739785722556      89.12095726223947
                      0       2.27450907902204    0.03400762205864887      1.814540223308757
                      0      1.981904391819663    0.03592549292882668      2.958404796264997
                      0      2.041221693302607    0.03620972205776551      1.724599406500309
                      0      2.576526941388711    0.03580342327238294      62.19172687816226
                      0       2.35943455772613    0.03258539361527918      4.602511246003102
                      0      1.882847070453941    0.03601228520899427      2.087288299340253
                      0      1.678278644355161    0.03741977202873303     0.4611940763279738
                      0      2.104065392590428     0.0370132447734801      1.958626916330301
                      0      2.226542724748233    0.03482168105446565      0.566256694213585
                      0      2.425051709024902    0.03204793416378741      28.43996599245138
                      0      1.483954455967763    0.03742569776736246    0.04991627957009232
                      0      1.734841407770176    0.03418753291487495     0.5234647819820436
                      0      2.724684217091575    0.03181648903186536      38.40473108481655
                      0      1.554039143587856    0.03165719464594661    0.06276119899397029
                      0      1.803494666737987    0.03210435454510571      0.434689752434194
                      0      2.317105855262954    0.02671745172304038      1.804699137825243
                      0      2.633421396629622    0.02896424648508283      27.82761399566054
                      0      2.462374878893555    0.02629337190383636      3.128956109831274
