#! FIELDS time e sigma_e height logweight
#! SET action OPES_METAD_kernels
#! SET biasfactor       1.927441707340398
#! SET epsilon     0.01821196306674905
#! SET kernel_cutoff       2.830433390657354
#! SET compression_threshold                       1
                   1000      2.640123546170709    0.05785834540142751     0.1509064987297364     -1.927441707340398
                   2000      2.521900365641747    0.05362386976758827     0.4128827347322703    -0.9969419234024336
                   3000      2.738198219607417    0.05056296778828297     0.4428566241946225    -0.9856343245003065
                   4000      2.439024885168875    0.04785674660116612     0.7370157188280213    -0.5312785183576423
                   5000      2.578966575089734    0.04589934478671343      1.026014632803887    -0.2422117114177894
                   6000      2.649071786671616    0.04433754552867407      1.107021734837407    -0.2008394277236052
                   7000      2.459435054904961    0.04307433311879875      1.238596952945992    -0.1174380123501811
                   8000      2.555240005712926    0.04205531912505098      1.434876057343832   0.005719785734388428
                   9000      2.617644229229033    0.04120183396015095      1.621003415674397     0.1071835566301773
                  10000      2.462652117474587    0.04033348938207099      1.412743351581733   -0.05162898281911332
                  11000       2.30427988435177    0.04007464759504372     0.2178734150092692     -1.927441707340398
                  12000      2.472520920995922    0.03946024689815836      1.877059788579068     0.2106558056376265
                  13000      2.487300601850788    0.03892975293667503      2.097552494558375     0.3081854392812829
                  14000      2.674227797114179    0.03830144192080499      1.275961443221592    -0.2051570511262976
                  15000       2.68783474990617    0.03771995231750348      1.467755230611581   -0.08042118892511774
                  16000      2.507848449486361    0.03724583169750235      2.041340614612539     0.2368022316480774
                  17000      2.329415136723174    0.03701602884554804     0.4054233303582465     -1.385817028981071
                  18000      2.346887192956878    0.03671405609042713     0.5956819384682516     -1.009233295400384
                  19000      2.634833096453038    0.03627325011185382      1.838265157417719     0.1055582735062432
                  20000      2.372608548007816    0.03593543575495958     0.8525577710652706    -0.6721349906512998
                  21000      2.749993289785207    0.03562191615012277     0.8211508642154876    -0.7184319213410484
                  22000      2.725964330400605    0.03525009151913968      1.308734813173078    -0.2628155576144973
                  23000      1.969552188063282    0.03514232617042223     0.2484525436501652     -1.927441707340398
                  24000      2.687444637483619    0.03481385691988222      1.996372885179879     0.1470029093193988
                  25000      2.712307955159897    0.03449582569476047      1.971344604068796     0.1252096102017952
                  26000      2.672733250369632    0.03423048403675997      2.335942134939325     0.2871873245946856
                  27000       2.67044374002273    0.03398698246379733      2.486717957814717     0.3425967721711602
                  28000      2.488372127325861    0.03370822850975531      2.117225347999813       0.17350384810699
                  29000      2.693811128660045    0.03346631234087078      2.451117923357335      0.312738984620699
                  30000      2.641983919539698    0.03322649413773297      2.428091704412443     0.2961086536628585
                  31000      2.666125072618899    0.03302413967885659      2.769441513633737     0.4215399174890592
                  32000      2.689026768096694    0.03281796250380841      2.747294517414879     0.4072480561494689
                  33000      2.664056231246732    0.03262955664597941      2.930248697648784     0.4659612601484068
                  34000      2.516206216603316    0.03240450870552704      1.817909852213184    -0.0183595832428636
                  35000      2.626713505605322     0.0321906560117752      2.383425223475772     0.2458702848455415
                  36000      2.639738179797998    0.03200375018401068      2.811400501144869     0.4051912851314394
                  37000      2.701862904838997    0.03181187363387737      2.653386905436707     0.3413319440620083
                  38000       2.70568806634754    0.03162339666443692      2.607460069656637     0.3179292793078091
                  39000      2.586370325566332    0.03144863892157598      1.571128335912799    -0.1941948110211205
                  40000      2.580630598268089    0.03127746314443988      1.616491701303511     -0.171188566927763
                  41000      2.520710667263782    0.03110557774347148      1.792301683570069   -0.07345675986333894
                  42000      2.458793203277442    0.03094026224089405      1.757975193821746   -0.09812355261530668
                  43000      2.457399683376814    0.03077733772920928      1.866898491524359   -0.04328743783024275
                  44000      2.567484090036046    0.03062569025665676      1.650047103890537    -0.1717015193008804
                  45000      2.623922047296965    0.03047125103667171      2.470530173653394     0.2268718607240572
                  46000      2.671131340899696     0.0303375250960101      3.009020932790387     0.4196555904079651
                  47000      2.707012577599836     0.0301925203044689      2.591145734516692     0.2653498058800786
                  48000      2.516302878066089    0.03005102923847743      1.965576078856581   -0.01566227870606401
                  49000      2.637099294543796    0.02991767564413097      2.788042245754194     0.3294445476686916
                  50000      2.545091352735958    0.02978750835605421      1.801068077703277     -0.111875573849393
                  51000       2.47933639759175    0.02965516261225914      2.144130368899607    0.05802571427174533
                  52000      2.472284522841209    0.02952604794017396      2.183373942288489    0.07179965287562559
                  53000      2.562411277027819    0.02940516423770593      1.835645083141696    -0.1057782852832769
                  54000      2.576903017266627    0.02928500573458735      1.951965853581173   -0.04843193206495672
                  55000      2.430653927186626    0.02917756171885184      1.556740769391037    -0.2783501972878445
                  56000      2.233532390151831    0.02914806759234704     0.3073955574153288     -1.901575843592516
                  57000      2.670257362254249    0.02905280139403055      3.334374909243986      0.479055578245539
                  58000      2.548191512417213    0.02893866363335088      2.195217587533464    0.05711515109857205
                  59000      2.728686884721093     0.0288268705348264      2.259868691178276    0.08227010497064187
                  60000      2.368590107828961     0.0287650212909351     0.7975183251374638    -0.9614349180973664
                  61000      2.417463412508388    0.02867056114111482      1.515083071599118    -0.3230034399074053
                  62000      2.509388644860741    0.02856504366101139       2.51154541818387     0.1787374265636597
                  63000      2.751577669221808    0.02847017429524332      1.672198363867704    -0.2313483925816853
                  64000      2.705134562634901    0.02837636630179317      3.036978411101396      0.362075141437131
                  65000      2.671295927070652    0.02829573398846841      3.456843605652502     0.4887224086196733
                  66000       2.57669717576408    0.02819814916011869      2.268465007000793    0.06401517533976565
                  67000      2.302650574086524    0.02815374277451169     0.6422445658116284     -1.199450362433546
                  68000      2.544683140632088    0.02805887450891864      2.544822453711345     0.1740212862716974
                  69000      2.590888682360356    0.02796595752833256      2.572122130058236     0.1813746954245803
                  70000      2.691015733024254    0.02789119766841671      3.509270430566362     0.4893747424038175
                  71000      2.631711691621843     0.0278085086119976      3.192408929526214     0.3917732589617751
                  72000      2.662376888092067    0.02774047254645183      3.721046367752232     0.5425527977457547
                  73000      2.548061274442688    0.02765349958385334       2.62405279913488     0.1901277174661863
                  74000      2.718565662655556    0.02757028904599808      2.962687891216672     0.3084910744810573
                  75000      2.430851384945849    0.02749246375649182      1.861414978007017    -0.1590957009528705
                  76000      2.333118400238393     0.0274446391578741     0.8919507955035859    -0.8965180180492892
                  77000      2.532381421847585    0.02736319686502139      2.697159574964597     0.2070535781759968
                  78000       2.47708840825678    0.02728294190593148      2.585926767673525      0.162001067248855
                  79000      2.557530598038759     0.0272046759293856      2.798693481494365     0.2381970000048237
                  80000      2.516946182755917    0.02712794015029952      2.846639887529067     0.2523589482991624
                  81000       2.06546210797279     0.0271099856317118     0.3226396240832574     -1.925661722256453
                  82000      1.880394022897784    0.02709198637958327     0.3245965348007522     -1.920278882865364
                  83000      2.013301934673752     0.0270708383076818     0.3877863120361893     -1.743188324178329
                  84000       2.00928967316032    0.02704317741585491     0.5245290036884694     -1.442164364857259
                  85000      2.623652822816593    0.02697693573349427      3.470707579741151     0.4449961932665895
                  86000      2.672748579665787     0.0269310245241173      4.234648762511835     0.6422347756794182
                  87000      2.386179490998772    0.02687838700723101      1.241237880945891    -0.5869128827979445
                  88000      2.375969037729836     0.0268243235660754      1.311935815876345    -0.5335317220729158
                  89000      2.250368599368366    0.02680122494443295     0.4649928135914278     -1.571630297024287
                  90000      2.579554409248252    0.02673285368419721      3.141766349945092     0.3363338954217539
                  91000      2.544964805488739    0.02666776377372534      3.351115556595996     0.3984042168251619
                  92000      2.380593930972969    0.02661283600728526      1.461408607258982    -0.4335501360698032
                  93000       2.49818222753993    0.02654763881274334      3.212869724372549     0.3517607808022865
                  94000      2.727769739531547    0.02648147235587434      2.985048651413472     0.2757168152068949
                  95000      2.646269975786584    0.02643172421260937       4.04653523496025     0.5780814186479573
                  96000      2.484212540781066    0.02636821232889454      3.175154219611607     0.3331708482653662
                  97000      2.593226522316861    0.02630582137331931      3.217622475769768     0.3440884227325401
                  98000      2.395095228025338    0.02625273121966857      1.630178968397471    -0.3378847267790262
                  99000      2.716421372762957    0.02619376871108506      3.422514329926742     0.4015524499509502
                 100000      2.672584099486886    0.02614961610372482      4.259436536374023     0.6186268307114078
                 101000      2.732479495029565    0.02608862237958231      2.972942167247608     0.2567068240787586
                 102000      2.647027116940894    0.02604189977563825      4.152303384898411     0.5890254212854785
                 103000      2.514045124260445    0.02598398344669409       3.33073300740654     0.3663281668126068
                 104000      2.656281566863206    0.02594090481559057      4.337869602311905     0.6288598497027147
                 105000      2.543719966969904    0.02588469379586819      3.432832792662692     0.3926930660518885
                 106000      2.645693367989427    0.02583974731155682      4.258223714826475     0.6064214426551781
                 107000      2.741006663388746    0.02578315387971397      2.653475091939469      0.131246902413221
                 108000      2.682375177058487     0.0257403866594587      4.366223422747349     0.6276150917138711
                 109000       2.55798855567002    0.02568613042554829      3.431638773352384     0.3846445354125658
                 110000      2.701758270662294    0.02563838105795646      4.047425379378295     0.5478268967459791
                 111000      2.377857727226856    0.02559600031041683      1.570754572727274     -0.400352337346198
                 112000      2.468484185359174    0.02554213998881699      2.890950784889789     0.2075705138973056
                 113000      2.457474949744328    0.02548917592217284      2.768980973807767     0.1623886992107676
                 114000      2.521430950453277    0.02543785694877407      3.451395378224017     0.3806725399951348
                 115000      2.463111685096478    0.02538591329876677      3.017824004306632     0.2443859067273788
                 116000      2.716982666419178    0.02533693984086366      3.651361415390835      0.433018929971714
                 117000      2.684798099785004    0.02529618433687955      4.370300973158574      0.611140884725484
                 118000      2.718219990725261    0.02524845954306837      3.728853876463739     0.4505214981554362
                 119000      2.608190350775706     0.0251990043360098      3.262367765978728     0.3149131613655312
                 120000      2.699831703590681    0.02515541982303996      4.101109053334548     0.5419862489737585
                 121000      2.729967835297037     0.0251071747772905      3.346469927762852     0.3367151281122178
                 122000      2.668115910028666    0.02506732961789237      4.381502023708371      0.604612420627516
                 123000        2.6605891454243    0.02502753822771542      4.386841008005991     0.6042415654224023
                 124000      2.639694603062644    0.02498437729554913      4.054685896887547     0.5237793830051324
                 125000      2.696638710989432    0.02494370927310882      4.292104383290537     0.5790542397460149
                 126000      2.705656502179412    0.02490209802190584        4.1806741858857     0.5510800176274048
                 127000      2.705829885874685    0.02486122593676295      4.239576040307445      0.563428110022372
                 128000      2.641623119025552    0.02481956216947969      4.123518175361038     0.5339943022008061
                 129000      2.556319060967318    0.02477473470024679      3.153352389411828     0.2639459471024732
                 130000       2.59368071363193    0.02473049805135208      3.052135279984789     0.2295340961374385
                 131000      2.595130208230183    0.02468662980795918      3.151463947390206     0.2597843216129851
                 132000      2.363680883864707    0.02465631983392079      1.452097679292711    -0.5163021254989062
                 133000      2.549030945558731    0.02461321800162635      3.289613704336171     0.2997091963405334
                 134000      2.703359424328591    0.02457513437503865      4.311651069282585     0.5687114812325867
                 135000      2.704001300639943    0.02453760680509693      4.358736847989936      0.578044651722403
                 136000      2.641177902222861    0.02449855935869558      4.135175738905042     0.5237995798261326
                 137000      2.559001985542118    0.02445706713204924      3.295948559309344     0.2952686611089044
                 138000      2.530126173191142    0.02441599454360598       3.31619999002015     0.2997134154794685
                 139000      2.725304605806402    0.02437607698294579      3.751051235424618     0.4212937677453811
                 140000      2.660217514537763    0.02434116722094644      4.528595341348718     0.6082362912712572
                 141000      2.706565369060435    0.02430516379349803      4.380781525648602     0.5735714063240409
                 142000      2.715353446152275    0.02426825620184343      4.220029534992412     0.5346667318272287
                 143000      2.652182862109423    0.02423303279244134      4.439621594864995     0.5839412780402289
                 144000      2.737966114734168    0.02419416953470611      3.312119961650819     0.2893555697669941
                 145000      2.677896306889074    0.02416178654058209      4.739873647111938      0.646438232951022
                 146000       2.69440060235278    0.02412925131265884      4.720160755789374     0.6409231471392698
                 147000      2.699030374874456    0.02409678372762045      4.723342873017822     0.6402505988087989
                 148000      2.714533426571084    0.02406246209414803      4.458830977666944     0.5811950935602511
                 149000      2.281802438157937     0.0240514389379867     0.5523192974913944      -1.50777869880993
                 150000      1.965305961918008    0.02404219947416518     0.4569966723221963      -1.69761313415562
                 151000      2.515835601029419    0.02400528311782207      3.216519517700112     0.2522292536537674
                 152000      2.687730407998237    0.02397460367182328      4.866836962393183     0.6650947592235913
                 153000      2.525827383208275    0.02393822145866661      3.306841112599101     0.2771252305935047
                 154000      2.461263328099117    0.02390406854392481      2.658199012733844      0.057352944791939
                 155000      2.599842206177389    0.02386860659727386      3.123276610996359     0.2171021483655691
                 156000      2.671476385935762    0.02383813227137146      4.799721990944739     0.6454999302676265
                 157000      2.692499680805956    0.02380845888589272      4.898106037385267     0.6645449780986094
                 158000       2.64876676883383    0.02377578801409328      4.425276982302841     0.5616560616833585
                 159000      2.684539097715012    0.02374680737490974      4.972399988915772      0.677006151609205
                 160000      2.695685581081525    0.02371772427620516      4.958473053784862     0.6729759074478757
                 161000      2.616042932136668    0.02368358857227213      3.424092729860617     0.3012743209810553
                 162000      2.689123150574701    0.02365523370768511      5.025792417644449     0.6838229632213637
                 163000      2.423708571783484    0.02363002102137551      1.786549899046581    -0.3515402521506567
                 164000      2.484727067456951    0.02359731302268321      3.053292179312323     0.1830086998923783
                 165000      2.647282819583323    0.02356601342918498      4.445399414761835     0.5573307249413623
                 166000      2.434638375301508    0.02353893251195407      2.081155748962144      -0.20276542131641
                 167000      1.839737255034154    0.02353218423099166     0.3911024914422022     -1.874761163189839
                 168000      1.760918535972847       0.02352577010788       0.37113345436886     -1.927441707340398
                 169000      1.928901951105364    0.02351818142794169     0.4445135242144651     -1.747345561233306
                 170000      1.709477041411954    0.02351166975367066     0.3782387191264265     -1.909077429681586
                 171000      2.620342040846628    0.02347985163174559      4.098078033576185     0.4723162053009728
                 172000      2.109111007313366    0.02347317367712305     0.3933639947626953     -1.871506239228034
                 173000      2.429807766748961    0.02344478310286822      2.366895775255502   -0.07811726390084063
                 174000      2.506865489729001    0.02341294714264963      3.765572816845487     0.3848445960915958
                 175000      2.592429008590441    0.02338130428811858      3.636699695498371     0.3486687720625579
                 176000      2.253956537527552    0.02337151871918726     0.6123879040920472     -1.433215796977848
                 177000      2.514995670165621    0.02334035134603926      3.854829341988841     0.4051658546812222
