#! FIELDS time e sigma_e height logweight
#! SET action OPES_METAD_kernels
#! SET biasfactor       4.240371756148875
#! SET epsilon    0.003891431002318289
#! SET kernel_cutoff        3.33135957893421
#! SET compression_threshold                       1
                   1000      2.485107164501841    0.06284082615044533    0.01375115918422312     -4.240371756148875
                   2000      2.694436961992638    0.06249472824268117    0.01383608330817285     -4.239737723962832
                   3000      2.242708012049873    0.06215549228208091    0.01390278110486448     -4.240371756148875
                   4000      1.988645728311728    0.06182268324349414    0.01397762371877965     -4.240371756148875
                   5000      2.626663877690042    0.05475089959756811     0.7710055800831083    -0.3516104306377872
                   6000      2.699058771661615    0.05108315234754306      1.498771802636333     0.2437561554353295
                   7000      2.477841783956941    0.05045084785811291     0.1209789956256609     -2.285483347979056
                   8000       2.34868652278652    0.05017864845315564     0.0525181182225543     -3.125352015541068
                   9000       2.52012230671943    0.04814235625661704     0.5899717060042741    -0.7478628843016538
                  10000      2.518517213180911    0.04613641889249595      1.503114732229469     0.1447975169040649
                  11000      2.242572045072837    0.04592268159877352      0.075923623868888     -2.845412807819292
                  12000      2.439441737175398    0.04438929136022215     0.9638541734472365    -0.3381615756264706
                  13000      2.559988205616533    0.04338958144628367      2.095531202816828     0.4156818698884476
                  14000       2.39446581613265    0.04245788306874797     0.7666420643590898    -0.6115672204756092
                  15000        2.5513446687929    0.04210577964059007      2.940779323770827     0.7245150750048189
                  16000      2.329591393078104    0.04171868874439713     0.3645713435448398     -1.372428379283849
                  17000      2.684920835508737     0.0408091841513087      1.398146192872469   -0.05029019318141252
                  18000      2.783638000093562    0.04044362838935189     0.4194636294713403     -1.263213905855759
                  19000      2.659772771622913    0.03966724784486391      2.067349463009265     0.3124486278099628
                  20000      2.537048492825634    0.03948474178635313      3.660665287077823     0.8792146544886449
                  21000       2.63624636596259    0.03882259824353113      2.638303937545193     0.5347942066187936
                  22000      2.646431376652017    0.03833159829570774      3.381691453200244     0.7703060288601125
                  23000      2.676441187702306     0.0378845128994844      3.663573273017734     0.8386368109751697
                  24000      2.680059597972501    0.03751712854236838      4.167589410687252      0.957790817287235
                  25000      2.300144813036613    0.03741682222870305     0.2693164127144179     -1.784092501899295
                  26000      2.670355661692347    0.03715681095448169      4.869978538463448      1.103892058930393
                  27000      2.694281146663399    0.03677622712788235      4.541779362230862      1.023825937519445
                  28000      2.442804279559634    0.03656032369825384     0.8353761047030637    -0.6752541925323677
                  29000      2.727584102327492    0.03611823701420443      2.946636389281511     0.5731176688028707
                  30000      2.806397396977024    0.03604003523527471      0.304374147762169     -1.699211736920335
                  31000      2.707654383104225    0.03566093537970079      4.083683775705253     0.8867107476326356
                  32000      2.449581008989587    0.03547959065153043     0.8682679914841985    -0.6666418083145234
                  33000      2.427951972113475    0.03530352630967479     0.8640439360268662    -0.6764933674019069
                  34000       2.17819454346312    0.03529346649898948    0.04349276842117895     -3.665807298326375
                  35000       2.59007058800302    0.03496139011500252      2.286674753032024     0.2869984401644651
                  36000      2.552466100458869    0.03464364397980873       2.34598254519184     0.3034740216228354
                  37000      2.528249371945694    0.03433980097491571      2.396624767563906     0.3160218981803578
                  38000      2.545683186565385    0.03403574664584965      2.856168319351408     0.4825477601142751
                  39000      2.724285649273304     0.0337435469468974       3.24450391111306     0.6014070957794474
                  40000      2.508041659392014    0.03348450813447769       2.39750177863313     0.2911655955469991
                  41000      2.006067449093106    0.03347910842721855    0.03233539743159728     -4.015015700060595
