#! FIELDS time e sigma_e height logweight
#! SET action OPES_METAD_kernels
#! SET biasfactor       3.469395073212715
#! SET epsilon    0.007640039155174105
#! SET kernel_cutoff       3.122291642622147
#! SET compression_threshold                       1
                   1000      2.506025250257561    0.06206017502565676    0.03010226110527593     -3.469395073212715
                   2000      2.522378250585454    0.05465751923737423      1.076767371450791   -0.01929439004339024
                   3000      2.690794394030725    0.05429741925676732    0.03832244089659961     -3.361587494100254
                   4000      2.694496531172874    0.05286806685390032     0.1784393704878975     -1.850051453376143
                   5000      2.647983434479857    0.05004064711301898     0.5573860251014808    -0.7660061806204354
                   6000      2.311828850023675    0.04981604163311194     0.0375010043274838     -3.469395073212715
                   7000      2.672587426037991    0.04751264832832781      1.420090146400641     0.1173717469474017
                   8000      2.054869451465464    0.04736268029278113    0.03944353616208208     -3.469395073212715
                   9000      2.664790017537551    0.04671704389292532      2.537709781503277     0.6810265149206054
                  10000       2.68505087153759    0.04545709535920269      2.857557520187826     0.7723916057645288
                  11000      2.453186334036824     0.0447655911340243     0.4794801056436845     -1.027957648264214
                  12000      2.395105686100904    0.04427205414299001     0.3515708547944609     -1.349334925898895
                  13000      1.774695250681074     0.0442091315877861    0.04225714294233206     -3.469395073212715
                  14000      1.602560025316203    0.04414652584028361    0.04231706928921596     -3.469395073212715
                  15000      2.209202431444578     0.0440673055727199     0.0541189973757371     -3.225196426751588
                  16000      1.879734314447385    0.04399540090518381    0.04944108642781296     -3.317232950050681
                  17000      2.223603714695468    0.04373692770775636      0.188180565801515     -1.986505110022226
                  18000      1.926258408545606    0.04356920900026588      0.122558772829572     -2.419158462798571
                  19000      2.072659668256421     0.0433725484256865     0.1475908360754229     -2.237829300950751
                  20000      1.914577309880118    0.04292728505155174      0.370199083244125     -1.328551278498188
                  21000      2.462553600666181    0.04186452661824629      1.449567714865538    0.01135967033586405
                  22000      1.745037451932349    0.04173289365114409     0.1221520753693352     -2.465543418883846
                  23000      1.663691830160445     0.0415971242247168     0.1280971806069012     -2.421279606193421
                  24000      1.881324598437102    0.04103591455102482     0.6515073178040777    -0.8083635645325451
                  25000      1.976657294939745    0.04062932062377807     0.4724763115590684     -1.139622240982916
                  26000      2.606926957440929     0.0400005594838881      2.812650280884412     0.6286760781976021
                  27000      2.132046877673705     0.0398399942652851       0.21262395315069     -1.957703425181137
                  28000      2.331381889304603     0.0396136363103323     0.3158870349342063     -1.567541765659363
