#! FIELDS time e sigma_e height logweight
#! SET action OPES_METAD_kernels
#! SET biasfactor       2.698418390276557
#! SET epsilon     0.01374333274381851
#! SET kernel_cutoff       2.928208142815685
#! SET compression_threshold                       1
                   1000      2.669340994496478    0.06053155025577301    0.06672079877255445     -2.698418390276557
                   2000      2.659352726393867    0.05395220824755291       1.11211853983864  2.085073826809846e-05
                   3000       2.66663833167864     0.0501603011601203      1.200703333581761    0.00378683449011552
                   4000      2.510183951629131    0.04974655068560165     0.0821712509527856     -2.686353217168886
                   5000      2.522609066954148    0.04850632737117322     0.2990983722290097     -1.419633067117725
                   6000      2.335093290862825     0.0481468409889434    0.08388324760358964     -2.698418390276557
                   7000      2.279971153647185    0.04734288650316919     0.2127555590517705     -1.784539368488631
                   8000      2.508173009617645    0.04553145810835594     0.8217140679235765    -0.4723038818471734
                   9000      2.723523195754462    0.04414318064442985      1.538619308780341     0.1239793556497818
                  10000      2.505954243461802    0.04283981165557354      1.238281307999908    -0.1231523368773269
                  11000      2.703046947922887    0.04207695450722528      2.097339418226531     0.3858252274865445
                  12000      2.433915409945796    0.04135662330604144     0.6522154054757096    -0.7994923720127889
                  13000      2.544591717787904    0.04045429153595977       1.38810325371707   -0.06623357990925954
                  14000      2.444921343056791    0.03967897238842906      1.199988318634819    -0.2312113553342097
                  15000      2.362980003580577    0.03927124125281099     0.4802319650166959      -1.15733811732382
                  16000      2.649129081200782    0.03869959391354202      2.053689643144113     0.2811225458968653
                  17000      2.720666925074371    0.03823532791109293      2.373748976915924     0.4138858925847412
                  18000      2.633311130927042    0.03770761958600067      2.163623139179239     0.3073018185610114
                  19000      2.452395077487867    0.03720897020238146      1.274409923785467    -0.2353114289296079
                  20000      2.553649000857637    0.03673753589409889      1.352511870650053    -0.1885820449143155
                  21000      2.540288640767453    0.03628084544831735      1.726153876759858    0.04284110710363719
                  22000      2.467437897660979    0.03585811728076956      1.618316735239595   -0.03338804061999454
                  23000      2.714877573466924    0.03550240334924178      2.349346558070407     0.3293930610409073
                  24000      2.691242548782928    0.03522542751526866      2.797910437013488     0.4962964982753518
                  25000      2.477155187577516    0.03486937056317498      1.782759088863756    0.03542646148688525
                  26000      2.640154594760296    0.03454147561592936      2.241530280829637     0.2549750252306997
                  27000       2.70718010359836     0.0342688326960463      2.732430896802946      0.445083362488382
                  28000      2.287437891360285    0.03418780704934815      0.280538044466443      -1.83352143306648
                  29000      2.501099334933391    0.03388890436760453      1.886695947540434    0.06357021712227984
                  30000      2.500669379700377     0.0336043155214512      2.087380669727255     0.1562199465444408
                  31000      2.264794781175749    0.03352453036810144     0.3175895230104449     -1.729062679716734
                  32000      2.540331008212538    0.03325757159830564      1.955690214348538    0.08068107814562213
                  33000      2.459611173818568    0.03300350040247194      1.916472514422445    0.05275533060844546
                  34000      2.520049522414528    0.03276479948219387      2.364847477941368     0.2557237188800516
                  35000      2.421550707629667    0.03256474668146359      1.280841580778739    -0.3635969022464206
                  36000      2.338816289864474    0.03248805789461578     0.3818545231378274      -1.57618756220057
                  37000      2.517500870767622     0.0322768714642983      2.550218043387306      0.316185220506201
                  38000      2.636095063395406    0.03206359190509982      1.999611221281519    0.06632938795333876
                  39000      2.598902092862257    0.03187358977146095      1.522595152846744    -0.2121505857725036
                  40000      2.626975482018384    0.03167508798424502       2.11399264016665     0.1097643476693646
                  41000      2.626183888228061    0.03148449870266039      2.261440288488382     0.1711526638975819
                  42000      2.666729154427217    0.03131198130611584      2.709594703556445     0.3464553192354185
                  43000      2.403340813682064    0.03118402976524719      1.004275679850726    -0.6501718998499719
                  44000      2.505942342397666    0.03101809898925633      2.661797121913068     0.3192278146726868
                  45000      2.393892010843637    0.03089678813724881      1.018284019144684    -0.6455734510882639
                  46000      2.510768194423028      0.030745271321843       2.83781335130117     0.3744254509408676
                  47000      2.674620115934974    0.03059816096242501      2.881141675894367     0.3847819765002358
                  48000      2.670672026450269    0.03045942191341273      3.025355252106285     0.4290793298165623
                  49000      2.712473438801318    0.03031187308171821       2.68278013507271     0.3040485450873313
                  50000      2.669147626357645    0.03018698407188952      3.244623164613877     0.4900654936629973
                  51000      2.478460262297325    0.03004329176750434      2.443105807457533      0.201564939947218
                  52000      2.558266783348193    0.02990705482091956      1.980373838169744   -0.01296452842762282
                  53000      2.357506335346784    0.02984734288512518     0.5863885792968858     -1.232021346478951
                  54000      2.670356878701354    0.02973192581903119      3.280221952397867     0.4857879381709511
                  55000      2.471201825257404    0.02960043872285991      2.393190118016466     0.1660718740490101
                  56000      2.486605275281681      0.029474412539223      2.724385014655675     0.2914206731374178
                  57000      2.545204715145292    0.02934969805938398      2.342883529018383     0.1363201445115287
                  58000      2.636206893848001    0.02922936079027515       2.70838032304179     0.2771799378287256
                  59000      2.429270145452687    0.02912297257681537      1.651827453157374    -0.2209350414531748
                  60000      2.386705963079701    0.02904975328352626     0.9508060628463961    -0.7757797387246601
                  61000      2.329532181710416    0.02900680977063316     0.5059267117051376     -1.408177398836626
                  62000      2.246702982245508    0.02898086661858737     0.2930311414866894     -1.955185112429059
                  63000      1.960930324976709    0.02896814553805453     0.1394191208650436     -2.698418390276557
                  64000      2.439947398883626    0.02885631269607704      2.226149109280029     0.0682574536631982
                  65000      1.932917989458869    0.02884139031058019     0.1692075887144227     -2.509162025507264
                  66000      1.856188093125333    0.02882891974622922     0.1408613410033574     -2.692944790649747
                  67000      1.967933083919964    0.02880961571490328     0.2224791810631999     -2.236557101824596
                  68000      2.049013371762535    0.02879722296065127     0.1406949962548165     -2.695226483421874
                  69000      1.897519274550686    0.02877977254862782     0.2011902095114563     -2.338176266319818
                  70000      1.796530717157492    0.02876687746879033     0.1473176665008534      -2.65028395202169
                  71000      2.639474186538544    0.02869448365921114      3.864942534625417       0.61430714885858
                  72000      2.677693244073529    0.02864859455978983      4.403021267932989     0.7430507813203487
                  73000      2.578004197585118    0.02854369314824801      2.357406471945133     0.1146535061670302
                  74000      2.631387989887157    0.02846670965221601      3.869120687383864     0.6074180285968777
                  75000      2.718438212685537    0.02837451361174785      3.398939884530676     0.4746103563317074
                  76000      2.665291269437751    0.02833545986560619      4.720447091530557     0.8016729747573503
                  77000      2.525166641679391    0.02824547134006864      3.510607926673277      0.502377796936703
                  78000      2.756884080505155    0.02816274049943371      1.668781274419123    -0.2442511325797466
                  79000      2.669934946461492    0.02812687292583594      4.913096985282184     0.8342853825374192
                  80000      2.668872900852973    0.02809318437168723      5.075681674978758     0.8656432717481052
                  81000      2.480927723712158    0.02800340248213565      3.464898363174452     0.4806647575840918
                  82000      2.743617946701666    0.02791423511732303      2.359081160407007     0.0930644201614155
                  83000      2.525003419294262    0.02782900490674748      3.580023837522798     0.5071037154572395
                  84000      2.680877287137541    0.02778524493109482      5.017557671842275     0.8431038554596522
                  85000      2.649325922718579    0.02772950650631911      4.797613784843179     0.7962711670119423
                  86000      2.621271079542152     0.0276469356311624      3.700542430456114     0.5336497442527454
                  87000      2.730927616000401    0.02756159805550215      3.071302953240042     0.3441807531364522
                  88000      2.726791193995553    0.02747895317268316      3.411340006326215      0.446180988091151
                  89000      1.773988461219036    0.02746940728749962      0.181168509651248     -2.489599327340523
                  90000      1.923588767726462    0.02745513732318077     0.2757971429812985     -2.069880932449037
                  91000      1.994588570610567    0.02744323629529547     0.2286668370642489     -2.257714020273941
                  92000      2.074998238901018    0.02743387481235977     0.1786662370500827     -2.504801816558643
                  93000      1.905340107975646    0.02741721774277115     0.3268307880915649     -1.901486071033794
                  94000      1.880738620303488    0.02740094052367307       0.31989704611424     -1.923523289583542
                  95000      2.027865490399465    0.02738853971852551     0.2410005953503504     -2.207175769931642
                  96000      2.019705458985395    0.02737267317691783     0.3129744686383108     -1.946433037416075
                  97000      1.942081560845792    0.02735233543913123     0.4092979787038906     -1.678854480090169
                  98000      1.847094969377898    0.02733823445045792     0.2781623630943084     -2.065608606405675
                  99000      2.129342419634923    0.02733004662490938     0.1585322916489215     -2.628154829900907
                 100000      1.982623631726472    0.02730967323334429     0.4133533080355663     -1.670556176226143
                 101000      1.736746645080173    0.02730031005519307     0.1829592364951864     -2.485938405108517
                 102000      1.785680122758712    0.02728616755729222     0.2816583862691832      -2.05502500990749
                 103000      2.237992752156495    0.02726695595855027     0.3911759102685938     -1.727266919396564
                 104000      2.676426632859658    0.02725561031183069      5.901214957332371     0.9860730753827419
                 105000      2.596895873952428    0.02717725644200243      3.037199268291078     0.3189716985236942
                 106000      2.611284394042099    0.02710462459320387      3.880320290941974     0.5612774997403839
                 107000      2.586754301168095    0.02702879998962678      3.087427110833704     0.3298964954287281
                 108000       2.56407488590078    0.02695421209821728      3.127136042754781     0.3399125993568496
                 109000      2.708354571002113    0.02690098348622208      4.841796773812604      0.775104170640416
                 110000      2.617140144453743    0.02683615325015824      4.256462440768261     0.6438438204129785
                 111000      2.703309255565461    0.02679073220359367      5.208019932566195     0.8439111843853599
                 112000      2.667259894922207    0.02676317591405267      5.881166763798993     0.9644375188315287
                 113000      2.568586164027838    0.02669318853778645      3.103799316139732     0.3226908066188016
                 114000      2.773484236935483    0.02664849523685194      1.344722043209439    -0.5154245447394036
                 115000      2.617882645008329       0.02659075816757      4.684935412797675     0.7305712855255145
                 116000      2.377364276778815    0.02655450085303724      1.066689934976728    -0.7505849703064467
                 117000      2.506334489612273    0.02648855932759302      3.817321609873865     0.5219173815143174
                 118000      2.550934267591239    0.02642287481818521      3.662323565975488      0.477983343217537
                 119000      2.596070919409336    0.02636032788513529      4.080450746641596     0.5837230455048678
                 120000      2.697401974005138    0.02632580353352476      5.769284482687539      0.928753085286727
                 121000      2.426771343116555    0.02627125851923526      2.139586023158765   -0.06525668938450506
                 122000       2.33462621508945    0.02624809807544249     0.7037267262036351     -1.178116201267201
                 123000      2.388099646623924    0.02620684504051496      1.429141882620224    -0.4712497424226865
                 124000      2.429605514181629    0.02615008691709831      2.437369773376291    0.06042744822838437
                 125000      2.445068384857569    0.02608975920776936      3.023803631268928     0.2737138270509675
                 126000      2.691499175632113    0.02606319634999022       6.08309208449834     0.9716927886761193
                 127000      2.116119747326358     0.0260559140159179     0.2179016688173969      -2.35781117264814
                 128000      2.459855795945384    0.02599597813646353      3.460981361822373     0.4051494562135931
                 129000      2.369597794991196    0.02596084128267101       1.26939935265713     -0.599211426098371
                 130000       2.44419650993884    0.02590240179822473      3.298436167595745     0.3534396032504863
                 131000      2.610890847496215    0.02584899094156444      4.506256213270282     0.6633937036897564
                 132000      2.634199679537097    0.02580773295467569      5.432123584911037     0.8486597529916148
                 133000       2.52815280385147    0.02575146485069837      3.861788470354348     0.5052773611346227
                 134000      2.707593486593829    0.02571043409150211      5.462800235199186     0.8505138649402062
                 135000      2.447560948072411    0.02565522326628313      3.436122989230226     0.3847464225619592
                 136000      2.677628016381579    0.02563077561495369         6.369995695675      1.001048033557479
                 137000      2.712539235401027    0.02558827211794341      5.426090130957389     0.8390083889395908
                 138000       2.70428978135902    0.02555515320707518      6.054802452193929     0.9473461760761445
                 139000      2.723180874305161    0.02550759976539119      5.020380460749609     0.7581375953812404
                 140000      2.548663684606942    0.02545495107474904      3.580975862834714     0.4182010537526591
                 141000      2.703602140219008    0.02542369354879086      6.225493184806751     0.9699896595681267
                 142000      2.538091224161552    0.02537192419031767      3.802279415756263     0.4748993867662837
                 143000        2.6270175857318    0.02532477245743168      4.930954411737321     0.7329710649356846
                 144000      2.719680631461926    0.02528211163605961      5.413340052030786     0.8246188206788928
                 145000      2.450529922211842    0.02523312141249175      3.316807630716482     0.3328156743925598
                 146000      2.705565901640265     0.0252012498520913       6.25163533707789     0.9653921118259341
                 147000      2.536546731016883    0.02515216436256068      3.822589282786879     0.4715274044938605
                 148000      2.714433142016746    0.02511561628893834      5.929866847256285     0.9091470120276676
                 149000      2.722043168073641    0.02507475769941117      5.543446070214434     0.8401334502555223
                 150000      2.664796567058998    0.02503980505400836      6.100206171492474     0.9344447678098676
                 151000      2.662004914471504    0.02500500538003434      6.142820166573791     0.9400154050322532
                 152000      2.463419285309884    0.02495940755019653      3.397412921374992     0.3459204815363995
                 153000      2.671753823699091    0.02493035488488659      6.603614571811172      1.009358731981915
                 154000       2.41670701448309    0.02489287990774632       2.33534762940674   -0.03160198939235218
                 155000      2.683156580550447    0.02486825210624788      6.948889696555002      1.057829302833986
                 156000      2.574617674360741    0.02482442064428825      3.393297111264243     0.3392853577624071
                 157000      2.538323580555897    0.02477999092071047      3.738627288044746     0.4344104563533157
                 158000       2.74150879373385    0.02473572070671647      3.926153540760895      0.481564022945987
                 159000      2.549151978896524    0.02469218860506395      3.767172789277939     0.4384671774452242
                 160000      2.640274802308837     0.0246524577146985      5.422102736415381      0.801015736709927
                 161000      2.671412371392224    0.02462542006265248      6.795388134791098      1.025678849690396
                 162000      2.630943503273228    0.02458459904252815      5.161758349709483     0.7490529163737443
                 163000      2.654211785922597    0.02455190698470641      6.316767592661572     0.9496525870492111
                 164000      2.673498974944121    0.02452655577402013      7.025918753377625      1.055017867534235
                 165000      2.685068454464889    0.02450300036346472      7.229280685189137      1.082590552574613
                 166000      2.526325845811045    0.02446208474438769      3.840234650851352     0.4483132668901312
                 167000      2.510490598115751    0.02442171912441692      3.783604431523947     0.4318054107994444
                 168000      2.372764653736378    0.02440296894686502      1.158440419534845    -0.7525651245800888
                 169000       2.01503124364632      0.024396851660402     0.3420310149481381     -1.972744327607952
                 170000      1.979117400616152    0.02438980184679505     0.3972872216252125     -1.823275254106218
                 171000      2.097202998545602     0.0243854047924896       0.24356448045177     -2.312733337867948
                 172000      1.862904192115936     0.0243795751819634     0.3264238898147239     -2.020157329914982
                 173000      1.714437329295478    0.02437602659855168     0.1958271944461257     -2.531267098993843
                 174000      1.814903750099152    0.02437109892236336     0.2746943857291549     -2.193042726273285
                 175000      2.052836062105444    0.02436559261614956     0.3084911079268876     -2.077234823414394
                 176000       1.74226046958034    0.02436089656618488      0.261898671638331     -2.241162914706015
                 177000       2.00733810060498    0.02435320978977714     0.4383629263531392      -1.72638901522337
                 178000       1.86510559213434    0.02434641458737573     0.3855970275972266     -1.854922393195599
                 179000      2.190002272081641    0.02434246256879765     0.2201069257850807      -2.41576413044831
                 180000      1.601671005022916    0.02433946616284009     0.1659327019329718     -2.698418390276557
                 181000      2.060976701407889    0.02433315232108404     0.3580185714026222     -1.929675267129649
                 182000      2.528943225558583    0.02429331763345007      4.439052901963157      0.586297799119834
                 183000      2.670870970371466    0.02427704272418229      7.761270562894452      1.144332650836048
                 184000      2.450292405363233    0.02423986223896233      3.390644970063825     0.3146740757035905
                 185000      2.505533131840755    0.02420099755704575      4.224856281932104     0.5330345355763213
                 186000      2.659660385777245    0.02417982883412432      7.435760109233539        1.0974750127309
                 187000       2.45956523621332    0.02414277716264377      3.639596272202337     0.3815134521173532
                 188000      2.620732490582482    0.02410587961823495       5.24841807084134     0.7460379274387221
                 189000      2.312392194641117    0.02409705247739072     0.5577778592417277     -1.496049530629611
                 190000      2.579039619670655    0.02406040200457264      3.772621259408933     0.4139929107320933
                 191000       2.25718730304939    0.02405351583796331     0.4335742322884472     -1.749755645667772
                 192000      2.625494557401066    0.02401898632532401      5.694954341187231     0.8240806317783489
                 193000      1.942667468302981    0.02401217810639474     0.4346858226105735      -1.74891519518055
                 194000      1.692677695790095    0.02400872044461251     0.2154479905616569     -2.450963187679228
                 195000      2.501249489215856    0.02397198689060635      4.350018889335965     0.5527215609781951
                 196000      2.479081352200447    0.02393580901657488       4.12319423207012     0.4976592226368277
                 197000      2.557697125747219    0.02389982280255936      4.243447509224568      0.524902513231076
                 198000       2.65641483042094     0.0238803356030837      7.595458073966896      1.106261226732731
                 199000      2.664107634546844    0.02386510145768556      8.043687158849284       1.16296021945606
                 200000      2.477516635053399     0.0238299382563529      4.169933409696728     0.5044982046658181
                 201000      2.676293240884768    0.02381792142683917      8.392570367070588      1.203440570575208
                 202000      2.628465566161537    0.02378665775582858      6.210944858137312     0.9010932982070414
                 203000      2.661766591005875    0.02377096307329281       8.19155350447604      1.177223797628276
                 204000      2.592058352415875    0.02373668011887766      4.242458107070535     0.5178198173225859
                 205000      2.471012681764484     0.0237028510912054      4.148257558895645     0.4939391586387245
                 206000       2.60955941740136     0.0236690848671485      5.183313395212541     0.7152697017834352
                 207000      2.433761360062934    0.02363859818562678      3.262197813271951     0.2509374742236923
                 208000      2.503223508433154    0.02360513697100949      4.560197415823359     0.5844857099191798
                 209000      2.702444932962914    0.02358311389592473      7.539076164628708      1.086286030751467
                 210000      2.701099293087296    0.02356257842231898      7.762517620139264       1.11462194841101
                 211000      2.401291022774339    0.02354116115499726       1.97081753806091     -0.257145684112942
                 212000      2.649956788068036    0.02351960912660443       7.66365758125198      1.099979302718413
                 213000       2.52406444394086    0.02348712712978448      4.698032235695722     0.6092516749211652
                 214000      2.362180190853437    0.02347424363170307      1.090162331548496    -0.8521141446300801
                 215000      2.666977211666838    0.02345945628954079      8.467262808157725      1.197136397960769
                 216000      2.677588917071014    0.02344645867260211      8.725951751525315      1.226676450581103
                 217000      2.617852394057628    0.02341524247836288      5.694677873987871     0.7985746683920405
                 218000      2.503531722264046    0.02338376200416699      4.588109503741348     0.5811653542201403
                 219000      2.313208052866509    0.02337641084147182     0.6176665284329415     -1.424423697179133
                 220000      2.397799336755706     0.0233568918706509      1.910520918967679    -0.2960765292792672
                 221000       2.59963326070055     0.0233258041260673      4.673912995779161     0.5972122802084325
                 222000      2.498252134921203    0.02329501249093055      4.616735829812365     0.5835826442928362
                 223000      1.961813015964732    0.02328944323577238     0.4715462258910668     -1.698082525980325
                 224000      1.604153712481996    0.02328698007156967     0.2029492384204523     -2.541249541298209
                 225000      2.461432733565246    0.02325711871247444      4.176490907668837     0.4817381023188148
                 226000      2.545026215104932    0.02322699408556621      4.493843774205325     0.5536789881998967
                 227000      2.644732079031047    0.02320467015806948      7.537781800466971      1.069936943926569
                 228000      2.709522527979185    0.02317944899032416      7.021712267074648     0.9979286054822998
                 229000      2.707470788417485    0.02315544816892984      7.269085961258027      1.031516088858187
                 230000      2.373637740098028    0.02314168478174376      1.352138998818244    -0.6510212527941243
                 231000      2.621299560459151     0.0231131704422315        5.9908707410535     0.8362948091948034
                 232000      2.689231728326885    0.02309620965170033      8.384152160476699      1.171667233826179
                 233000      2.754516653226493    0.02307429242561819      2.553632362243403   -0.01810864503788769
                 234000      2.578026657630542     0.0230467474200899      3.953737257459967      0.417841360238891
                 235000       2.70732164527862    0.02302326992281395      7.312727344891625      1.031777179996279
                 236000      2.738350397320012    0.02299546259161795      4.258956970902364     0.4899766434110306
                 237000      2.626252100550603    0.02296839654979146       6.25516989189446     0.8731829502885655
                 238000      2.591935631168478    0.02294081558660634      4.368579875815519     0.5130110869650577
                 239000      2.520923238245825    0.02291301381385222      4.695183290212564     0.5838976270847654
                 240000       2.63643609896327    0.02288856664695989       6.95357022008662     0.9755481790108157
                 241000      2.776356181259126    0.02287816115640606       1.08367698464851    -0.8838018940088506
                 242000      2.631001793298543    0.02285326049492888      6.783151399644355      0.949191038352401
                 243000      2.651087956688295    0.02283298622316467      7.847236709462396      1.094023150647484
                 244000      2.496677800082598    0.02280628715456675      4.478837302825762     0.5320551702426146
                 245000       2.64510473786644    0.02278523594301433      7.690253146756919      1.071721919560399
                 246000      2.363788023541764    0.02277441631048665      1.185107956130678    -0.7988728752656723
                 247000      2.565597099019282    0.02274912802911561      3.982838963290235     0.4121771264227061
                 248000      2.532715289238654    0.02272274146520944      4.723282890736346     0.5815257729615976
                 249000      2.717548566500931    0.02269747079661352      6.361457838537541     0.8781665083873544
                 250000      2.496162560211033    0.02267162181359285      4.578366645219968     0.5481117466556414
                 251000      2.652893251411073    0.02265251638857611       8.00276898700063      1.105713987537344
                 252000      2.306247001375447    0.02264709226641561     0.5820890784792093     -1.515444882449094
                 253000      2.450743394928702    0.02262332847656669      3.751377357300638     0.3467601129719906
                 254000      2.656630606713383    0.02260642104632253      8.408709289708664      1.153157409722289
                 255000      2.537895393052195    0.02258100852811299      4.794239359730352      0.590179723953521
                 256000      2.679424938098718    0.02256564108510827      8.699109036075596      1.185304492019542
                 257000      2.652558535120229    0.02254839958034602      8.410768735296914      1.150832406257252
                 258000      2.473478151960504    0.02252423110742967      4.259240662784982     0.4693380018350677
                 259000      2.258069266293218    0.02252043580157264     0.4221594111324241     -1.842293692158256
                 260000      2.646687853859727    0.02250236629347157      8.253744339643362      1.129942866791478
                 261000       2.52641647994024    0.02247753640544163      5.021329841480053     0.6318666735755448
                 262000      2.441602927300674     0.0224558384551767      3.497933525691974     0.2693784558709827
                 263000      2.611130067579045     0.0224312976864074      5.785398247621325     0.7714498392784077
                 264000      1.969283677183337    0.02242716743155366     0.4766462817140096     -1.725052117427343
                 265000      1.959380899871748    0.02242254644365068     0.5368946344395221     -1.606230987114793
                 266000      2.149820249813981    0.02242057285607319     0.2226529092915444     -2.486506774427332
                 267000      2.534075163460559    0.02239630959521837       4.98184123403097     0.6203511812665046
                 268000      2.417270189378133    0.02237882579503218      2.551425251266177   -0.04957720232791728
                 269000      2.719119014309236    0.02235524495079451      6.260209127971954     0.8469299962978821
                 270000      2.553617779827117    0.02233199547111538       4.46896533788698     0.5088327762263916
                 271000       2.66572520987809    0.02231712772242634      8.792920009113839      1.184956733984721
                 272000       2.66571936492144    0.02230253152086027      8.885434919293727      1.194769041160457
                 273000      2.477509431015345    0.02227984227170316      4.380386831583176     0.4864748116465495
                 274000      2.684210422747425    0.02226451393983754      8.769239100687559       1.17989958664094
                 275000      2.374494612285079    0.02225440724264018       1.35659273746812    -0.6868282788690253
                 276000      2.428516318031531    0.02223569383306421      3.057588207197235     0.1249807034132991
                 277000       2.71173064042047    0.02221411659973504      7.013708654552801     0.9542500205917394
                 278000      2.614920167280665    0.02219122233955032       6.07663985830147     0.8098041466819569
                 279000      2.707924606254968    0.02217083385729082      7.420186870181186      1.008637314187713
                 280000       2.68729666334251    0.02215519620176728      8.715727483000075      1.168856648560374
                 281000      1.720519305915713    0.02215302333756102       0.27304589493106     -2.294485965876355
                 282000      1.807818966977673    0.02215071981707074     0.2900519581033423     -2.234169775050613
                 283000      1.914331059054336     0.0221476088601438     0.3957929004743655     -1.923479206824935
                 284000      1.727920451792345    0.02214522180159724     0.3012226157039458     -2.196628509556745
                 285000      2.458143971122187    0.02212451915756103      3.936862127016039     0.3727258869845624
                 286000      2.439858985613268    0.02210510639400222      3.500240473140702     0.2542957509106331
                 287000      2.545449377707357    0.02208345272443691      4.543283830181287     0.5141340815539283
                 288000       2.48338425357906    0.02206213375237499       4.41256804553838     0.4839750151003984
                 289000      2.693391484982894    0.02204501888336114      8.281774012112249      1.112799311288834
                 290000      2.556669472875905    0.02202419910800154      4.274231993189734     0.4504016816124308
                 291000      2.333791421070544    0.02201818639879841     0.8280622917000597     -1.191142691768403
                 292000      2.713269435005195    0.02199742021848467      6.907542472706865     0.9291945480420807
                 293000      1.891363191267704    0.02199453033685158     0.3851032671624866     -1.957794515091875
                 294000      1.807123919640569     0.0219920901771836     0.3235183326010607     -2.132161208005382
                 295000      2.199941855949088    0.02199008554282195     0.2644670969615996     -2.333791300127044
                 296000      1.883338327665695    0.02198700772982978     0.4118030114596956     -1.891103012543732
                 297000      1.805101785745174    0.02198436699951698     0.3515768797923064     -2.049339824849677
                 298000      1.727398344391121    0.02198191836603748     0.3253922599063634      -2.12684821013267
                 299000      2.224810736394868    0.02197928168207465     0.3514085182701548     -2.050050156877024
                 300000      2.164131269849352    0.02197741372268659     0.2466952052534371     -2.403930976368622
                 301000      2.172417910906042     0.0219753017033385     0.2798906954279564     -2.277781514855445
                 302000      2.212981335151511    0.02197259847644891     0.3611029211322984     -2.023140670164097
                 303000      2.210375260966617    0.02196965990253561     0.3939681723505612      -1.93616730981355
                 304000      1.901840813613541    0.02196626782271085     0.4577744756131242     -1.786215193794856
                 305000      1.991284753270893    0.02196262271107392     0.4939528138460217      -1.71031780631132
                 306000      1.619665545471006    0.02196096341004106     0.2193555073257174      -2.52213961961708
                 307000      2.024505707957156    0.02195783989208091     0.4208506606237879     -1.870697549577919
                 308000      2.100411258688998    0.02195570699241865     0.2839314479389192     -2.264339907295021
                 309000      1.963972162820254    0.02195152879999074     0.5716416133476621     -1.564750809982375
                 310000      1.847344316044188    0.02194866667789086     0.3851160982065407     -1.959848604519282
                 311000       1.72915482720856    0.02194602234902757      0.355029303787898     -2.041313600321542
                 312000      2.702604584389395    0.02192791463124433      7.847781947042911       1.05364684098308
                 313000      2.712375197230456    0.02190804992240412      7.137521098323568     0.9578751143862434
                 314000      2.673396169612921    0.02189308272570017      8.735242567207932      1.159191880205028
                 315000      2.767399551652609    0.02188359744950392      1.453048809462467    -0.6349432047088807
                 316000      2.258087444148127    0.02188041924312614     0.4422358170621473     -1.824664440243569
                 317000      2.554201084988799    0.02186043895766343       4.35473670453058     0.4615981510050087
                 318000      2.447267696947676    0.02184178786370796      3.770693780458351     0.3167394583713626
                 319000      2.360548447116399    0.02183419514926032      1.142490767795556    -0.8776564734933514
                 320000      2.571072342186282    0.02181492887728583       4.10311225309187     0.3999957559517127
                 321000      2.408725148123925    0.02180176753269124      2.236266383201221    -0.2075458342246657
                 322000       2.57930436363658    0.02178254549858189      4.165098807473008     0.4135044202869466
                 323000      2.697472106656556    0.02176639191889719      8.292765574276665       1.10140608006957
                 324000      2.792737782527034    0.02176288827472672     0.5077697829137237     -1.691865533192005
                 325000       2.48972567553814    0.02174320319883549      4.588791557823136     0.5085733621163105
                 326000      2.549025379370911    0.02172357872618148       4.62354151134889     0.5152146580038525
                 327000      2.749918421769501    0.02170769991979894      3.045679541448511    0.09704651298434501
                 328000      2.704082097993472     0.0216905024174125      7.860363845707466      1.044362822071217
                 329000      2.685082701401614    0.02167602043913018      8.717070024946926      1.147145213564296
                 330000        2.5127111884825    0.02165649329766977      4.885618794627241     0.5672567184923075
                 331000      2.681265982253772    0.02164234610319328      8.812633146397639      1.156493577834853
                 332000      2.596106969645088     0.0216235503739955      4.472544745609743     0.4773959945791777
                 333000      2.403139333752348    0.02161208915646127      2.032108327623912    -0.3120178817928859
                 334000      2.463078310598802    0.02159409028437227      4.100329506765953     0.3891424550724025
                 335000      2.670276165473517    0.02157980462698374      8.739425947116807       1.14525785053948
                 336000      2.634530645565455     0.0215612708977441      7.017825510836854     0.9250075428633434
                 337000      2.521348252385493    0.02154230350266571      4.991129324532159     0.5833362461868132
                 338000      2.561521744679911    0.02152421173362706      4.376672904743677     0.4511226914002037
                 339000       2.26036851137421    0.02152130327326517     0.4565242884104965     -1.809414642380914
                 340000      2.795057928012596    0.02151803240500419     0.5165498067670862     -1.686036825873225
                 341000      2.693337233268745    0.02150344423558347      8.610748826399686      1.126879843450329
                 342000       2.66435181025046    0.02148900256092625      8.671745390000105      1.133266817509201
                 343000       2.65502320410846    0.02147354607322861      8.344285178053363      1.094054094864057
                 344000      2.722325045537652    0.02145475142822917      6.203673866095381     0.7967432460322621
                 345000      2.424031158447231    0.02144088545703241      2.859247156975492    0.02151343078302448
                 346000      2.609151546943902    0.02142239708675306      5.241282925364296     0.6266587067991907
                 347000      2.536152084375604     0.0214042495933727      4.944882563325905     0.5675981354446398
                 348000      2.492172719973672    0.02138670945906011      4.519363412521027     0.4767962595449821
                 349000      2.642409850595548    0.02137009436773884      7.696790983898786      1.008451409652316
                 350000      2.451963793713278     0.0213539093828139      3.861671349421488     0.3179903517961917
                 351000      2.593210288494819    0.02133671069984447       4.46398667921008     0.4621267750209598
                 352000      2.453215512447986    0.02132047762849669      3.957522953974147     0.3409417525381782
                 353000      2.762946033197714    0.02131096450047131      1.826516982508216    -0.4327119916207071
                 354000      1.811178571893026    0.02130873884300506     0.3730956309595554      -2.02114780825604
                 355000       1.75672379042588    0.02130679237490749     0.3250643810972334     -2.159050670087835
                 356000      2.655143007423146     0.0212927334038719      8.626881436327979      1.118904374213122
                 357000      2.673812281214138    0.02128047962305207      9.218889215052945      1.184700195394558
                 358000       2.48489222419783    0.02126354787577916      4.554744917532013     0.4788192056990183
                 359000      2.525821415043306    0.02124606041328309      5.146260731165904     0.6000973029846719
                 360000      2.587577529971682    0.02122945163144705      4.444560699614335     0.4527259171188631
                 361000      2.736029113032129     0.0212126206488097      4.664292875082867     0.5001879978558716
                 362000      2.561912001238432    0.02119599464232524      4.568155076937778     0.4785770899591991
                 363000      2.623412726986954    0.02117880410219151      6.640126058213935      0.851787260794466
                 364000      2.642139416901345    0.02116368462287184      8.064793495595193      1.045450267364011
                 365000      2.618437335231604    0.02114649227809319      6.390949386970073     0.8120123109942234
                 366000      2.029660181729208    0.02114415813356941     0.4168339163620736     -1.918048324685957
                 367000      1.910758775058098    0.02114154448794597     0.4691446264165955     -1.799948710652538
                 368000      2.284060053430543    0.02113877023131541     0.4996053522761401     -1.737172543733665
                 369000      2.077840256875485    0.02113694745216274     0.3234090714849662      -2.17215927085892
                 370000      2.665315052030086    0.02112471596966676      9.145374109755213      1.169347355380474
                 371000      2.420382514906929    0.02111233590566415      2.827107245845484  -0.005233038231142587
                 372000      2.181499715598298    0.02111050739560176     0.3280790879519481     -2.159074242715644
                 373000      2.549144133089062    0.02109404336814098      4.871642146800715      0.538077210301835
                 374000      2.707412997187542    0.02107878520814244      7.859036567676397      1.015586556934619
                 375000      1.904961165663418    0.02107610030122733      0.494664648899666     -1.750080073835648
                 376000      1.855270152392932      0.021073791528401     0.4229487372616544     -1.906818697240408
                 377000      2.047705871448083    0.02107160475972426     0.3999990572028754     -1.962711262923801
                 378000      1.974688508030174    0.02106855463500775     0.5664228344436877     -1.614977357368924
                 379000      1.994938043391148    0.02106554164964256     0.5595659841992227     -1.627299777828467
                 380000      1.737000099030926    0.02106348301570532     0.3764748932470829     -2.023707602398203
                 381000      2.062760128158827    0.02106130149703912     0.3999467188632115     -1.963331201534653
                 382000      1.961067020142313    0.02105804277636122     0.6088347762531857     -1.543270346873033
                 383000      2.733437229671922     0.0210416503815294      5.060586175877431     0.5736415843828181
                 384000      2.709581219777618     0.0210264593695466      7.776757473851022      1.002576526558271
                 385000      2.644124196733348    0.02101223895147377      8.275041927391161      1.064004500952702
                 386000      2.678135186109563    0.02100066084692037        9.3120987751899      1.181523842141303
                 387000      2.684988316628625    0.02098894649187241       9.28955649794063      1.178542191356334
                 388000      2.698467174766079    0.02097580223581815      8.774654223329312      1.120892300464561
                 389000      1.847663893279188    0.02097355174507353     0.4307084346124387     -1.893406262587622
                 390000      2.132706856752151    0.02097204495831361      0.284938378198597     -2.306636542722475
                 391000      1.916395292973957     0.0209693548613444     0.5192310997915802     -1.706688698561315
                 392000      1.842455715430515    0.02096701563083432     0.4490411021695207     -1.852034897411671
                 393000      2.521138859665766    0.02095105133885084       5.13009428217743     0.5829683037314984
                 394000      2.472978234477011    0.02093610470924709      4.328696667115978     0.4123971004287628
                 395000       2.61260248682027    0.02091991085637198      5.893110059873473     0.7201406978534836
                 396000      2.562718627193251    0.02090473519812786      4.588647858572212     0.4692165320754765
                 397000      2.486656794089286    0.02088961538004609      4.596481232562551     0.4701986628278653
                 398000      2.680812743497823    0.02087917205843795      9.663392753788212      1.212752350943024
                 399000       2.69834563802269    0.02086698887207091      9.069003606991334      1.148686270443109
                 400000      2.638176698165179    0.02085277491886425      8.109221680837605        1.0361443600191
                 401000      2.673472022991844    0.02084247857594139      9.770202620914427      1.221985786107631
                 402000      2.652290040802868    0.02083023460313995      9.080437146666714      1.148183291100461
                 403000      2.560030774567686    0.02081536814024443      4.730635928081888     0.4954066437142154
                 404000      2.549763012707047    0.02080024233519614      5.036495548780208     0.5573305877558196
                 405000      2.672171215264003    0.02079005485358877      9.828065263754374      1.225372273335131
                 406000      2.733258582060501    0.02077488056132919      5.244946309013077     0.5966650345411231
                 407000      2.665886089969308    0.02076444193273554      9.756481579806819      1.216829280678739
                 408000      2.758829290615433    0.02075505725940436      2.325120769346879    -0.2177826404009184
                 409000      2.462690675793118    0.02074094948177159      4.426058830178017     0.4252749532439957
                 410000      2.504539751433061    0.02072615777087215      5.061259174412062     0.5586673017706815
                 411000      2.495083601839563    0.02071152138988573      4.964855367969209     0.5387297388489035
                 412000      2.127137417870784    0.02071003802325485     0.3107876444729604     -2.232371466057885
                 413000       1.93038865722606     0.0207075093912691     0.5402600366309118      -1.67955286122672
                 414000      2.018654816370632    0.02070513380907679     0.5063975046374747     -1.744396218415298
                 415000      2.012585933200118    0.02070255149581103     0.5529337407863835     -1.656604711264213
                 416000       1.92484710963427    0.02069987911907843     0.5735555021751686      -1.62011727073493
                 417000      1.688691722729599    0.02069863511981317     0.2602237917969349     -2.410490080873917
                 418000      2.027163601560819    0.02069614588212151     0.5328795075750443     -1.693857013515545
                 419000       2.14900953933273    0.02069459305614848      0.326901359082485     -2.182568908861392
                 420000      2.058133033065629    0.02069251753290283     0.4412947087217072     -1.882614752123305
                 421000      1.909110011019399    0.02068978643620362     0.5882178091075074     -1.595362368617236
                 422000      2.679168569385648    0.02067926407230847      9.652338207591411      1.201987087644967
                 423000      2.132790622566874     0.0206776203433457     0.3494750268599053     -2.116615763407886
                 424000      2.228487146127387    0.02067558139482813     0.4368355191892837     -1.893589742071083
                 425000      2.351279412125752    0.02067121737897059      0.979962456513674     -1.085843312059283
                 426000      1.999287026111083    0.02066835059930854     0.6249420422076156     -1.535837354566252
                 427000       2.02553884232766    0.02066560569998197     0.5973607216367286     -1.581107928472708
                 428000      1.989395727136021    0.02066256008068229     0.6671746599686792      -1.47072459968526
                 429000      2.628475427940886    0.02064795964365179      7.225389866901585     0.9108731390599197
                 430000      2.504382213504614    0.02063360555247689      5.025533507715211     0.5471081408856909
                 431000      2.586734571672443    0.02061971151257054      4.650414884946012     0.4688593637960633
                 432000      2.535710811048594    0.02060515914368498      5.440211710118207     0.6250149034975412
                 433000      2.735162416110047    0.02059099228644222      5.016835043551271     0.5433084157577481
                 434000      2.671650707239982    0.02058144374659494      9.948662098856433      1.227483398322103
                 435000      2.685669124404192    0.02057170971153476      9.908550189610004      1.222970294659016
                 436000      2.653544255543939    0.02056052880719436      9.343293179161641      1.163687377099656
                 437000      2.280276615638239    0.02055827666055194     0.5078156166907188     -1.748717801719848
                 438000      2.673663636348811    0.02054901308750418      10.12450586790218      1.243427161259474
                 439000      1.518398825499781    0.02054812506441448     0.1965489976017567     -2.698418390276557
                 440000      2.661562585294503    0.02053871819938654      10.10019297265387      1.240521765105921
                 441000       2.39044932326469    0.02053222429641164      1.636519305206367    -0.5797773818152278
                 442000      2.621818562968832    0.02051798835584356      7.079072315116751     0.8841002901162043
                 443000      2.599963241654418    0.02050403463884598      5.285856692175516     0.5913118211973366
                 444000      1.993388766972684    0.02050093915752496      0.728592740518865     -1.390514222625204
                 445000      1.915835353374113    0.02049819658553709      0.641285196354149      -1.51828864828608
                 446000      1.921074761107401    0.02049531817064877     0.6753942194170962     -1.466606813902398
                 447000      1.908717111868782    0.02049237036702162     0.6931644066385589     -1.440779991483605
                 448000       1.99311278592722    0.02048912038438244     0.7696746881323576     -1.336237866263121
                 449000      1.739193855818755    0.02048739091094782     0.3974057981469286     -1.997332301597466
                 450000      2.691981635250216    0.02047769445098127      9.960194666499403       1.22358827221118
                 451000      2.719029707739081    0.02046376099789997      7.245971127706858     0.9047566112787288
                 452000      2.574713514413502    0.02045055976073098      4.740001657163162     0.4797031773743887
                 453000      2.685012444944297    0.02044192171879075      10.37443665843021      1.262587982907336
                 454000      2.643853460821928    0.02043023693943691      9.049974830600087      1.125433420721936
                 455000       2.51659844919165    0.02041653109089425      5.495845726942461     0.6259928425312435
                 456000      2.482771134454437    0.02040340105237366       4.87393477027246     0.5052586148969924
                 457000      2.483605314632837     0.0203902277115711      4.966863327364791     0.5234997097213498
                 458000      2.681241848779609    0.02038190220986637      10.50468578678685      1.272124221330434
                 459000      1.862224277277829    0.02037981118841117     0.5077609368313589     -1.757544337981113
                 460000       1.82878804001506    0.02037793215106615     0.4545371669734896     -1.868367597383148
                 461000      2.675775234483498    0.02036984558376036      10.62008037686382      1.282457671644543
                 462000      2.744606851399187    0.02035827577821361      3.893326239648486      0.278406805868103
                 463000      1.626200063309013    0.02035727227124738     0.2409921684163931     -2.503897196621867
                 464000      2.082418488702984    0.02035567765988165      0.387534225981581     -2.028935797736721
                 465000      2.047167559798753    0.02035347279014507     0.5427961632399476     -1.692114431321034
                 466000      2.001375000038573    0.02035031190275578     0.7948052368660515     -1.310906502949906
                 467000      2.560560886496815    0.02033746116581467      4.882052985329239     0.5036858259478275
                 468000      2.497876928190685     0.0203243344214155      5.236353042947504     0.5730996177349692
                 469000      2.447756018770025    0.02031262704972127      4.071867653716813     0.3209999297808162
                 470000      2.690552820641518    0.02030351806659304      10.18644240859453       1.23750727310811
                 471000      2.483422901815115    0.02029068883848398      5.058416788287663     0.5368710873431822
                 472000      2.553442528196618    0.02027787671392816      5.093554162357654     0.5431617631095884
                 473000      2.745977417654596     0.0202668520686002       3.76408709917771     0.2401474476750336
                 474000       2.47451506632651    0.02025424703743029      4.965708279278743     0.5165758813433712
                 475000      2.125524135679253    0.02025273996978937     0.3783278785186993      -2.05804852652358
                 476000      1.877222786080361    0.02025051833636251      0.566411955123122     -1.654597801756218
                 477000      2.700729179886965    0.02023987818011834      9.397307833917369      1.153733511018567
                 478000      2.742726242624721    0.02022828949505473      4.209969453882264     0.3501929245517712
                 479000       2.53956858663683    0.02021544817018407      5.448481974250104     0.6074395438463703
                 480000      2.371861866464269     0.0202109259193345       1.23537189262825    -0.8767491645615488
                 481000      2.304173746102148    0.02020869041444266     0.5788699699603923     -1.634909235351009
                 482000      2.032574431190739    0.02020616012901001     0.6598696015893364     -1.504070084254498
                 483000      2.480113709957879    0.02019369298805127      5.069301504937854     0.5342288030000383
                 484000      2.586854315514812    0.02018153122447496       4.80106457523869     0.4792610079745402
                 485000      2.356808758136794    0.02017746691980296       1.10896114247711    -0.9863544100557824
                 486000      2.482610885333078    0.02016501659919018      5.173093534129553     0.5530755613450195
                 487000      2.695400658320241    0.02015543161309553      9.832295501058271      1.194801675651086
                 488000      2.431713161395487    0.02014561923668312      3.325230685368149     0.1101813456846452
                 489000      2.706453939753984    0.02013437707650071      8.850285605662831      1.088533824580303
                 490000      2.482526752586465    0.02012208442857902      5.199067067690326      0.555952576905236
                 491000      2.595482617663742     0.0201100093544086      4.998106156901958     0.5159321787879304
                 492000       2.37506329140439    0.02010539295120513      1.314982872568422    -0.8195328362324811
                 493000      1.542778247705464    0.02010458819952698     0.2096387307931183     -2.655766063860665
                 494000      1.789961285887723    0.02010311857155731     0.3883455995918441     -2.039329221595742
                 495000      2.119409738795167    0.02010159527588552     0.4031367742481289     -2.002024767768392
                 496000      1.980052618501936    0.02009873771135508     0.7798747067627428     -1.342309554115912
                 497000      1.820529131113098     0.0200969398479269     0.4791842030392973     -1.829447203120712
                 498000      2.076149176117422    0.02009520857735045     0.4609545569335521     -1.868318970635983
                 499000      2.784716135040826    0.02009184410379368     0.9311388142930118     -1.165377505946953
                 500000      2.777831836602268     0.0200873244263222      1.290312961315119    -0.8393707770208942
                 501000      2.517200012236419    0.02007485380085853      5.750947309154527      0.654488005594802
                 502000      2.706233399554967    0.02006418187069477      9.093058015182176       1.11210293364159
                 503000      2.518438812089229    0.02005177930501488      5.805629062307467     0.6628013058639144
                 504000      2.667585721668519    0.02004370573809719      10.46082582936493       1.25120802067264
                 505000      2.697491275609586    0.02003458980817489      9.992617742433611      1.204962302508839
                 506000       2.58660840317853    0.02002293802134334      4.914967889433814     0.4948191756110054
                 507000      2.557411904631528    0.02001109656305328      5.176970350674654     0.5461623964028377
                 508000      2.543287170447933    0.01999901326450429      5.592963805178269     0.6228477177081807
                 509000      2.524496100523345    0.01998682200394186      5.915761772786731     0.6783488701052439
                 510000      2.618105781622207    0.01997454769847689       6.58980096589557     0.7856374314080367
                 511000      2.664357600981019    0.01996628118393733      10.36354686559806      1.237994887514378
                 512000      2.008163643308573    0.01996339783071401      0.832703580079234     -1.283521620213915
                 513000      1.899206156099805    0.01996104178107759     0.6721226519435687     -1.497876536600214
                 514000       1.93602481509749    0.01995864146544548      0.685888138993449      -1.47772308375278
                 515000      1.859911834396235    0.01995660955859016     0.5758571085921141     -1.652679891983952
                 516000      2.080018819709421    0.01995492214378396     0.4746281798545666     -1.846092286051088
                 517000      1.600633470415249    0.01995396734086524     0.2642760716850505     -2.431677570600039
                 518000      2.105127083771135    0.01995237357784282     0.4476056146529582     -1.904839208346005
                 519000      1.667621829709448    0.01995151825819261      0.236366866033462      -2.54340948249094
                 520000      2.151665562863148    0.01995008559525357      0.401118996950793     -2.014608273603089
                 521000      2.116064155866924    0.01994837357238945     0.4825824171647249     -1.829800507416405
                 522000      2.032209098184074    0.01994577034004217     0.7499402207817251     -1.389089235647445
                 523000      2.035290003688168    0.01994311166796207        0.7674709844758     -1.366115363789102
                 524000       1.92664853660261    0.01994046007148429     0.7658089039256891     -1.368416338208889
                 525000      1.969055828042344    0.01993773755172763      0.788216388134211      -1.33971288951769
                 526000      2.098990636095711      0.019935962056406      0.502733035424076     -1.789515317349992
                 527000      1.888357234682151    0.01993355737960633     0.6915155308462818     -1.470809618699195
                 528000      2.257342247298956    0.01993170435504426     0.5261781714108146      -1.74414830927406
                 529000      2.667289268235442    0.01992499207739022      11.01572956997729      1.296954477117439
                 530000      2.692495091825324    0.01991786076216428      10.87333839002072       1.28358606628853
                 531000      2.710190689151651     0.0199074792718801      9.112299464930093      1.106376032205769
                 532000      2.504133841716989    0.01989564343270689      5.916120492071284     0.6738371343548135
                 533000      2.646458617085309    0.01988590698123087      9.537364637391148      1.150883930561955
                 534000      2.651845064041424    0.01987704858321341       10.0711895025713      1.204899989523657
                 535000      2.630691986124298    0.01986577817522126      8.214056206851472      1.000500857779429
                 536000      2.575279270792485    0.01985458361852748      5.142936966147142     0.5317146415026353
                 537000      2.424787933277176    0.01984626410917248        3.0619907723967    0.01273650475506347
                 538000      2.679109993755568    0.01984016272426881      11.37565229478683      1.324839049218576
                 539000      2.674244481576396    0.01983405971597615       11.4135509041554      1.327857410613472
                 540000      2.471882751577709    0.01982291823012772      5.248491208961297     0.5504348390077924
                 541000      2.617033969294699    0.01981123863574997      6.879601770265986     0.8204655903573654
                 542000      2.560535607547213     0.0198000697758963      5.394577703708237      0.576735219659455
                 543000      2.439560149448107    0.01979047446364083      3.944765002290433     0.2632455560530453
                 544000      1.972439893485824    0.01978780677242577     0.8285995184147351     -1.297296964333382
                 545000      2.383176874666403    0.01978326030519507      1.491430609200117    -0.7097726215182308
                 546000      2.442385922012543     0.0197734035662097      4.169561462504871     0.3178040836854429
                 547000      2.336250263618874    0.01977048964465644     0.9155450412289988     -1.198389875867653
                 548000      2.677049695209442    0.01976445452869537      11.42779722610248      1.325589276913765
                 549000      2.688144727413333    0.01975789966962497      11.23563882998216      1.308299597147551
                 550000      2.784265226687072    0.01975477979758315     0.9977838995109356     -1.113167644762016
                 551000       2.50805537892091    0.01974351859343845      5.937617981132723     0.6697887424504348
                 552000      2.659457120683241    0.01973600702150266      10.79231513640931      1.266934492182797
                 553000       2.68090568655542    0.01973011087114164      11.57890699831448      1.336986457886515
                 554000      2.423509257556912    0.01972211142965413      3.120025672069391    0.02523708170494003
                 555000      2.351712311771355    0.01971863317254221      1.144618001100345    -0.9777095693386351
                 556000      2.327099034633731    0.01971597848757623     0.8544621691538695     -1.270198214395142
                 557000      2.674152406522198    0.01971015967109037      11.63154294808468      1.340510287314491
                 558000      2.675425029707633    0.01970445028683084      11.71785936407684      1.347614070244799
                 559000      2.688623664005611    0.01969809391416473      11.46523088157922      1.325496367270132
                 560000      2.360957680707169    0.01969427859774463      1.291925627089187    -0.8578825556394558
                 561000      2.540513623289326    0.01968331345344099      5.840076755674079     0.6501706216152304
                 562000      2.414067488587571      0.019676429681868      2.620099591775201     -0.151710776482105
                 563000      2.386704254253736    0.01967175020608257      1.640315038363604    -0.6202726353798532
                 564000      2.558053939168085    0.01966109874789646      5.436004467078054     0.5773417564641377
                 565000      2.276873749784688      0.019659416066808     0.5432945615352912     -1.725891785063877
                 566000      2.604555376867729    0.01964861626879832      5.742213268463395      0.631507077575258
                 567000      2.491687812210872    0.01963793412063386      5.600054574223536     0.6058948909218859
                 568000      2.560263904507889    0.01962736148997831      5.482485801135084      0.584138636361056
                 569000      2.432102557660757    0.01961878752439907      3.659221802302027     0.1793935945487148
                 570000      2.488068030869552    0.01960819940678629      5.604226323511662     0.6051242673416158
                 571000      2.311731858538475     0.0196060503200411     0.7144987690563571     -1.454680358240464
                 572000      2.716043691043804    0.01959548564653538      8.195196482111717     0.9845028410902658
                 573000      2.664530715474235    0.01958888878503099      11.28792139508267      1.304351195487564
                 574000      2.325184268777947    0.01958626170743842     0.8943623300282677     -1.231160470105599
                 575000      2.641805184685427    0.01957662667450538      9.291910868345816      1.109135998355655
                 576000      2.583754821608158    0.01956642695804481      5.261471970445592     0.5398814548933681
                 577000      2.398787752905921    0.01956110730401016      1.996041567036269    -0.4296352857423815
                 578000      2.407830682436804    0.01955491054896828      2.413326653982381     -0.240111978316697
                 579000      2.536092015787276    0.01954432982101877       6.03139501994018     0.6753189779835794
                 580000      2.440504883319757    0.01953534832495982      4.139801207666681     0.2985287661529238
                 581000      2.705729736330207    0.01952629987529813      9.693023290489499      1.148824084529842
                 582000      2.699321586819415    0.01951840934314509      10.53314936167696      1.231540892982736
                 583000      2.349433928280837    0.01951500201916211      1.222240747654995    -0.9224752056027924
                 584000      2.676037652017851     0.0195092719819736      11.73941502733459      1.339497262439499
                 585000      2.792387571109753    0.01950714319900643     0.7398970165834028     -1.424808115080356
                 586000      2.717905712661009    0.01949675771790858      8.028679625211335     0.9589237028499189
                 587000      2.629905281161312    0.01948639769863903      8.019101650104881      0.957198507929509
                 588000      1.769216174833374    0.01948531702855594     0.3685504819495735     -2.122860936829985
                 589000      1.667882776029059     0.0194845603142811     0.2560132057559854     -2.487248439878287
                 590000      1.557405368239745    0.01948388054808285     0.2295774922914817     -2.596271726497668
                 591000       2.08828134734575    0.01948238944704569     0.5143472728165899     -1.789690223590382
                 592000      2.276412436837647    0.01948074992666888     0.5680139927525193       -1.6905269929232
                 593000      2.645764118301766     0.0194717517741068      9.694645074547379      1.146193905005199
                 594000      2.565519327079584    0.01946182268283375      5.390307927627164     0.5587126859125038
                 595000       2.48969518409262    0.01945180627982436       5.57034190449489      0.591051806655743
                 596000      2.745508361856977    0.01944345339345429      3.886457964728446     0.2306640586455081
                 597000      2.561119634300367    0.01943353130524862      5.508977534897039     0.5790344702394128
                 598000      2.506488300757916    0.01942340583598577       5.93718208820961     0.6533688879072557
                 599000      2.518009554478303    0.01941321984283633       6.16406586329997     0.6903463095299102
                 600000      2.266414251160746    0.01941159264167626     0.5774712225517832     -1.677570784677684
                 601000      2.447148833475929    0.01940266484881556      4.456633943238952     0.3654596175943524
                 602000      2.710186188445148    0.01939334067055605      9.172434336646711      1.086787899016464
                 603000      1.846005662460857     0.0193918161014286     0.5436717464142878     -1.738903057174911
                 604000      2.119667848365327    0.01939038508137554     0.5091932272032819     -1.804494946617295
                 605000      2.102746805011724    0.01938884424919409     0.5501249958739444     -1.727256461603414
                 606000      1.735207434691149    0.01938768985796221     0.4079920547594385     -2.026213819361116
                 607000      1.964077647454541    0.01938553387754934     0.7838792648800891     -1.373317720090954
                 608000       2.43473137263692    0.01937734953774944       3.89052548212963     0.2283045060171283
                 609000      2.411119258100237    0.01937111453074144      2.646102431397964    -0.1574737707083281
                 610000      2.634225948058587    0.01936138879548002      8.513772605110178      1.010621411056727
                 611000      2.575742057798078    0.01935183663575354      5.334281639437153     0.5425969944860837
                 612000      1.898970594957323      0.019349846934699     0.7288135638591582      -1.44799737511587
                 613000      1.725902201646567    0.01934868991647072     0.4141922671514336     -2.013144849167618
                 614000      1.761558505677507    0.01934757749259786     0.3978597620278074     -2.053433037268709
                 615000      1.936805488238504    0.01934552825813751      0.752751585642236     -1.415903272380759
                 616000      2.174287023476186    0.01934451149346747     0.3629928702689271     -2.145307912771865
                 617000      1.675143010255787    0.01934372146037412     0.2804167872102256     -2.403454924549317
                 618000      2.559207877701834    0.01933417361764757      5.401658359686258     0.5542356317626517
                 619000      2.511108721857646    0.01932439192258862      5.862579557276431     0.6356132701314393
                 620000      2.319809508046448    0.01932217082044261     0.8262795193419127     -1.323913540008815
                 621000      2.612304962379553    0.01931231286903726      6.131071785284395      0.679767880048592
                 622000      2.552430028319576    0.01930272917665315      5.611470748799462     0.5907147825449183
                 623000      2.702425246754375    0.01929425790857391      9.767997185728387      1.144574420428117
                 624000      2.282757841716601    0.01929262970782034     0.6023186097887561     -1.641590141207018
                 625000      2.638233750921142    0.01928317547696156      8.598554183021388      1.016482487432806
                 626000      2.501321329089597    0.01927363553286856       5.70533257351912      0.605794841956879
                 627000       2.67501829050726    0.01926704107361901      11.13899655090361      1.274503511707635
                 628000       2.72253533721909    0.01925718831147453      7.068957241689983     0.8192528260496407
                 629000      2.342741029336043    0.01925434415803711        1.1106228230207     -1.031686896614765
                 630000      2.418478589828392     0.0192478797946902      2.940043367286391   -0.05851931607031294
                 631000      2.660222037877609    0.01924037412078904       10.5090031452302      1.214898659946479
                 632000      2.539830522733624    0.01923088342742201      5.889049328762554     0.6352675167385486
                 633000       2.67459174356556    0.01922442901456816      11.22870235298472      1.280310462822944
                 634000      1.730854770589562    0.01922326885517528     0.4370187983534003     -1.966002165414417
                 635000      2.027621367508508    0.01922130047639304     0.7595386282046209     -1.413369596499493
                 636000      2.012667458885278    0.01921910281923567     0.8544784951657932     -1.295703782623106
                 637000      2.481010081553749    0.01921003208419952      5.287518531731469     0.5264371339245868
                 638000      1.840539668615941    0.01920863830777292     0.5308197899643495     -1.772317166445547
                 639000      2.694273500780681    0.01920134182992462      10.64541923693762      1.225765282375386
                 640000      2.313837849342243     0.0191992851734015     0.8030516412996521      -1.35880777107631
                 641000      2.298712401172035    0.01919746796624244     0.7047331432396421     -1.489502236697266
                 642000      2.283301854563756     0.0191957782950959     0.6530591413415219     -1.565741772966156
                 643000      2.492691692574233    0.01918659643729264      5.573364571798669     0.5778662947610077
