#! FIELDS time e sigma_e height logweight
#! SET action OPES_METAD_kernels
#! SET biasfactor       2.698418390276557
#! SET epsilon     0.01374333274381851
#! SET kernel_cutoff       2.928208142815685
#! SET compression_threshold                       1
                   1000      2.663052653291221    0.06053155025577301    0.06672079877255445     -2.698418390276557
                   2000      2.699064280730472    0.05391582814617678      1.004112052859602    -0.1028168483117302
                   3000      2.598403448895517    0.05117568312948865     0.4322044011288459    -0.9979367337503398
                   4000      2.689785536390238    0.04857462689097875      1.461959090242232     0.1685341308059946
                   5000      2.620548056042397    0.04638804384972432      1.098389752998534    -0.1634575654437204
                   6000      2.693295571292059    0.04471077108714548      1.451243061863517    0.07829034750672699
                   7000      2.695752131225546    0.04335808153741905       1.59817827557649     0.1440129517536854
                   8000      2.703352344733587    0.04221637128165349      1.687815432590721     0.1718985779648562
                   9000      2.427227374390835     0.0420774264806307     0.0959828991886022     -2.698418390276557
                  10000      2.385815897481917    0.04185828474310759     0.1581033550728349     -2.204561135865221
                  11000      2.485725596850011    0.04162784445171887     0.1714039397532892     -2.129307568437289
                  12000      2.644391925356418       0.04086671596949      2.169568808774354     0.3904998212162624
                  13000      2.478366425496515     0.0405745027762754     0.2841711322387396     -1.649383347325053
                  14000      2.615195207667242    0.03977323124636203      1.750065024128863     0.1485024859242161
                  15000      2.672146945199095    0.03922833815778923      2.520685271292048     0.4995856331963053
                  16000      2.527678252570859    0.03892230895093967     0.4422130256173275     -1.248740535699123
                  17000      2.445553791667872    0.03864073067097052     0.4192881535070639     -1.309234521580843
                  18000      2.003690763695759    0.03856457147984397     0.1047260018464631     -2.698418390276557
