#! FIELDS time e sigma_e height logweight
#! SET action OPES_METAD_kernels
#! SET biasfactor       3.469395073212715
#! SET epsilon    0.007640039155174105
#! SET kernel_cutoff       3.122291642622147
#! SET compression_threshold                       1
                   1000      2.509022353966556    0.06206017502565676    0.03010226110527593     -3.469395073212715
                   2000      2.705109105535448     0.0613590197611887    0.03044624246170084     -3.469395073212715
                   3000      2.561397834309398    0.05435301024032498     0.9073939854975581      -0.19602310403764
                   4000      2.681634513311588    0.05160062482237705     0.3944960534709751     -1.080956923469203
                   5000      2.735679220597744    0.04892282905045899     0.5948495292411106    -0.7235472203858553
                   6000      2.501363420809839    0.04666139264592373     0.8360545312035443    -0.4304888887101195
                   7000      1.603564027117682    0.04649473057771594    0.04017985629014087     -3.469395073212715
                   8000      2.577982162100626    0.04514490932027248      1.536247498755237     0.1448757146497507
                   9000      2.380753380944341    0.04488006315332088    0.09478993687218111     -2.646442920342015
                  10000      2.649895838972367    0.04354126781724575      1.461395254267468    0.05875624459072967
                  11000      2.672307381193876    0.04261255063824824      1.919354242271377     0.3097930609008185
                  12000      2.312055762326109    0.04245892571187547    0.09392258318348938     -2.711091826645014
                  13000      2.360529629687232    0.04208068791726524     0.2547025436768782      -1.72241455617631
                  14000       2.25187092153103    0.04189172493353867     0.1244434160820319     -2.443160406108328
                  15000      2.471033897964279    0.04094848029278692      1.103353024488136     -0.283676116369212
                  16000      2.776828178791285    0.04024787484979811     0.7540464443682311    -0.6815886740800827
                  17000      2.658166496279051    0.04049240854836006      3.192163393836803       0.76746881789318
                  18000      2.520708699083983    0.03970326949266388      1.940982852654944     0.2502834469229457
                  19000      2.481005931357634    0.03901719721404143      2.163041440100121     0.3411732463317386
                  20000      2.626675892777461    0.03855373908277783       2.93290101187846     0.6337005657919305
                  21000      2.750541772405714     0.0380371159202185      1.208943127415167    -0.2660356149350271
                  22000      2.726272481129466    0.03748038001916393       2.11312756934459     0.2776421447260266
                  23000      1.706869506438107    0.03745217140974193    0.05347286941420241     -3.399860739830264
                  24000      2.053615840514808    0.03742590180699047    0.04991600743505686     -3.469395073212715
                  25000      2.060920409837651    0.03736949651274561     0.1094201477295806     -2.686050032081162
                  26000      2.023386641391854    0.03728819754061527     0.1612795819572984     -2.300283591599425
                  27000      2.104439921496336    0.03721007851715773     0.1563134365648723      -2.33365698850046
                  28000      2.385732727175445    0.03696898124377048     0.5510311282021296     -1.080229323358528
                  29000      2.715462232954558    0.03669532375038397      3.396935977968493     0.7311786088365542
                  30000      2.546426850916414    0.03625008726447464      2.458611825662008      0.395694118528103
                  31000      2.764109701260574    0.03583087387072882      2.399723107463562     0.3598187169640995
                  32000      2.597364987379055    0.03548045644214224      3.026896012672155     0.5821751360956696
                  33000      2.355204018216086    0.03532252659544536     0.5388784198457101     -1.148088954298394
                  34000      2.544335874532052    0.03500709159536931       3.18074665913912     0.6183220634564702
                  35000      2.506911099250078    0.03468697416162607      3.046633345308591     0.5660568296148877
                  36000      2.508976929649293    0.03441757074029327      3.519972083913041     0.7026757079610537
                  37000      2.382661899148353    0.03426862256857699     0.6831123166574523    -0.9412104075219127
                  38000      2.453010370756599      0.033976614709591      2.001152639376545     0.1250512573300133
                  39000      2.440313166584603    0.03370533886844447      1.876665003657924    0.05280795331732236
                  40000      2.724794820143404    0.03344370022806942      3.117189279742933     0.5524505965412929
                  41000      2.677595242616894    0.03319846568688638      3.273969045161864     0.5941621225403492
                  42000       1.90110959379389    0.03318742250359175    0.05629095156935618     -3.469395073212715
                  43000      1.865050066745984    0.03317180252410009    0.08014318866984781     -3.116584754563708
                  44000      2.692802433875287    0.03299980890627182      4.161757454136791     0.8280946585052922
                  45000      1.991042413509478     0.0329717665758997     0.1570277357176243      -2.45002575387525
                  46000      1.939177310975448    0.03294937607656005     0.1250487173305035     -2.678424115878048
                  47000      2.073952759623254     0.0329019068219743     0.2742917245896687      -1.89437699870476
                  48000      2.047044204990745    0.03283246420085587     0.4163762490201471      -1.47909275682707
                  49000      1.953094851885479    0.03279520052680903     0.2163320159880238     -2.135003323329089
                  50000      2.653979829809514    0.03266173165581382      4.560441772174232     0.9092790433035863
                  51000       2.48501563910965    0.03245371303538857      3.710619419907171     0.6966691198875549
                  52000      1.557519539746436    0.03244173813964381    0.07704087473321887     -3.178317911556644
                  53000      1.919738163348733      0.032405004768035     0.2445012268756783      -2.02456663538693
                  54000      2.193835984315564    0.03239007091511002    0.09711663716986914     -2.948335217414151
                  55000      1.693127709510107    0.03237523170152683    0.09669664223141296     -2.953127486113321
                  56000      1.834442782525133    0.03235902234652428     0.1060357113238702     -2.861431024602787
                  57000       2.27597071049056    0.03232757291297376     0.2104099866023563     -2.177121379994344
                  58000      2.115350702602719    0.03228589612896939     0.2841859458173721     -1.877840595983077
                  59000      1.946942237995813    0.03222945756850352     0.3959162986401669     -1.548016153693997
                  60000      2.048569874949559    0.03215361941101746     0.5541093372116057     -1.214212791114166
                  61000      1.828002410225109    0.03212975469429766     0.1630326558223321     -2.438366779683307
                  62000       1.77031768960191    0.03211367777432136     0.1090569521919192     -2.840947559985509
                  63000      1.879464876771158     0.0320699170359141     0.3094921277596389     -1.799248758018545
                  64000      2.611132988895581     0.0319000513571088      4.058009300213223     0.7689555907310022
                  65000      2.643873934752884    0.03178642597744154      4.885469242288468     0.9509601190480355
                  66000      2.665071362323723    0.03171213901346831      5.493750614459413      1.065966173837701
                  67000      2.473047026713844    0.03152134619285351      3.472640933061255     0.6012357913172987
                  68000      2.271691863859914    0.03149042172285632     0.2710286578258646     -1.950191850178624
                  69000      2.476687282049426    0.03131734923720077      4.005848123524469     0.7375829947656432
                  70000      1.893531762391947    0.03127479940576734     0.4017558674531687        -1.563442589508
                  71000      1.835278630592191    0.03124223725826482     0.3042179966843099     -1.842584364842469
                  72000       1.91559460596606    0.03118588784492386     0.5527830833016981     -1.247168491232592
                  73000      2.000954126048327    0.03114111897053022     0.4336991099688017     -1.491219743243415
                  74000         1.985299093724    0.03108716056294742     0.5360323175835827     -1.281110497645163
                  75000       2.50066003408879    0.03094534173254001      4.563163557585785     0.8558940617440969
                  76000      2.661320739724492    0.03085081179177526      5.489487361112181      1.037653376256069
                  77000      2.597915214258315    0.03068920760317723       3.76077568272025     0.6541917214155555
                  78000      2.218271001379554    0.03067038275122232     0.2040915684163992     -2.260233625573489
                  79000       2.64377689855082    0.03060770420471595      6.137702542156466      1.141357679777898
                  80000      1.780045948496417    0.03059117272480486     0.1883395312277446     -2.343141995797147
                  81000      2.016223778167263    0.03053681062335619     0.6704765135627944     -1.075178305767434
                  82000      2.040595368636744    0.03047446000202399     0.7914918709872675    -0.9112912764901141
                  83000      2.146195131857882    0.03045617275846857     0.2135806465816996     -2.221796652654759
                  84000      1.885771008323068    0.03040613795890198     0.6259384898738071     -1.148203239344777
                  85000      1.852567702890852    0.03036004331323369     0.5765703481009637     -1.231875103564489
                  86000      1.581958743350623    0.03034937579005214     0.1251036184249792     -2.760181549644596
                  87000      1.983382668935916     0.0302865928668967     0.8261097062573611    -0.8746671252584102
                  88000      1.655122763528116    0.03027676053984884     0.1165063071629773     -2.833773991572265
                  89000      1.918691998201944     0.0302121433929372     0.8662947418812189    -0.8296306992900904
                  90000       1.81048289749941    0.03017735941836945     0.4389205090414349     -1.510689562232594
                  91000      2.038809521860828     0.0301001893098347      1.094438130293697     -0.599571992567428
                  92000      1.780691341732786    0.03006993903136393     0.3854313877562431     -1.644210677074212
                  93000      1.976260294713785    0.02999411701229518      1.095017959252985    -0.6025725351018998
                  94000       1.82951537562208    0.02994155274142832     0.7203722314695226     -1.023084535216495
                  95000      2.084599756383492    0.02988814971739894     0.7407723946909103    -0.9969443514375642
                  96000      1.801873746259947    0.02983555811569846     0.7352737078189912     -1.006156112178694
                  97000      1.943843336235791    0.02976100439487179      1.126451345064993    -0.5820733142844414
                  98000      2.022273469880551    0.02967427001228436      1.395852670371284    -0.3705587596590437
                  99000      2.426598068654188    0.02956026848118803      2.196759163691624    0.07906978326272097
                 100000      2.460344192030392    0.02944019962929393      4.213674222140474     0.7263515164333155
                 101000      2.669332259501859    0.02941079089417441      6.532694186806791      1.163836526230526
                 102000      2.697742418233771    0.02932617241976275      5.607421885519722      1.008226868689406
                 103000       2.28263638477287    0.02930411415439402     0.3424344138512729     -1.788291773252495
                 104000      2.497434090073499    0.02919149598596523      4.590324170137353     0.8034835181589705
                 105000      2.669107829118481    0.02914832771008349      6.682365914113553      1.177525084094102
                 106000      2.350077272305718    0.02911427296496268     0.5908209131772537      -1.24935835928062
                 107000      2.647906401190297    0.02906672259408817      6.769072207326673      1.187613436956085
                 108000      2.304886292053322    0.02904027031875843     0.4703529299886231      -1.47993301501577
                 109000      2.610608410500734    0.02893332046769242      4.894502908398291      0.858762046047809
                 110000      2.552980243552141    0.02882288763805035      3.476168502771004     0.5127559012441315
                 111000      2.749998257007535    0.02872455505416658      2.671597680560814     0.2460844472319156
                 112000      2.709392350810848    0.02862750535290874      5.159763125178825     0.9009140915347518
                 113000      2.673996504181826    0.02858566893604814      7.136169628444441      1.223737109663302
                 114000      2.693060355124035    0.02852018926022646      6.626506360883398      1.147345390608936
                 115000      2.644257908664069    0.02846247522576871       6.98848003517654      1.198505082878594
                 116000      2.522185441267406    0.02836201156593173      3.829103859313519     0.5933368631373516
                 117000      2.635796153918165    0.02829594773005292      6.789939420758135      1.163816062122104
                 118000      2.690056479082474    0.02823312416460018      7.006174814246634       1.19294321870688
                 119000      1.986337673430353    0.02819206007480975      1.058179090564213    -0.6987545896975886
                 120000      2.744821848636933    0.02810070429247368      3.451416868596998     0.4802349108770906
                 121000      2.540783129514249     0.0280099875078347      3.582413342026877     0.5142532722421516
                 122000      2.575584484125423    0.02791882373488535      3.941047357335253     0.6064030996642462
                 123000      2.559804868590035    0.02782910043704084        4.0250707398163     0.6242801751206563
                 124000      2.397182342462302     0.0277922086609039      1.035721790516953    -0.7344902790016791
                 125000        2.6772570118799    0.02774831567681426      7.640710723346421      1.262321205264974
                 126000      2.560460664063696    0.02766160426645682      4.174126876265009      0.654605966841235
                 127000      2.453110939286023     0.0275849995877259      3.051275273422628      0.338487195220846
                 128000       2.57536143456472    0.02750078594864068      4.520256777681192     0.7284388234446559
                 129000      2.787002325582564    0.02746187344077163      1.227186576035741    -0.5768217269772025
                 130000      2.448234070870026     0.0273880384344108      3.094300825207544     0.3453237783644009
                 131000      2.312362706487948    0.02737177117361938     0.4777708426214174     -1.523456399223084
                 132000      2.564338412910721    0.02729151481499673      4.732896383422385     0.7667686373355688
                 133000      2.441091549560706     0.0272216106833435      2.991615314926378     0.3054800866723656
                 134000      2.568396758486889     0.0271446283423826      5.021743429784951     0.8206117836534191
                 135000      2.537233847936298    0.02706826542360976      4.771972553903894     0.7667772146398583
                 136000      2.528052397291904    0.02699340465618365      4.911030159884997     0.7927317302800145
                 137000      2.532300071102551    0.02692091802041619      5.266352187315217     0.8598969820842547
                 138000      2.662853797311278    0.02687695824414339      7.582138531129695      1.222720074450568
                 139000      2.368351949165171    0.02685513212626385     0.7669676901362048     -1.069198222376853
                 140000      2.317113369492626    0.02683888587898546      0.559254845772321     -1.385642774584982
                 141000      2.429600750068082    0.02678253558182027      2.514515192518193     0.1154854740544918
                 142000      1.819099039851094    0.02676499333386836     0.6167202714438168      -1.29058947412844
                 143000      1.681465690199197     0.0267611488959812     0.1281885230536019     -2.861646656816966
                 144000      1.674304269450193    0.02675641664578523     0.1584306961723789     -2.650008272446035
                 145000      2.272503130164886    0.02674365393445144     0.4416456986405136     -1.625294658253375
                 146000       2.27055909231325    0.02672938721828302     0.4980446695508479     -1.505646465288708
                 147000      2.420838425679384    0.02667825203928602      2.240884981084013  -0.003624990405679361
                 148000      2.619656408158829    0.02661239724831955      5.668108243332386     0.9218880258764545
                 149000      2.456546791045514      0.026549896403079      3.344177969462542     0.3919021978419914
                 150000      2.736937997757693    0.02648752665780931      3.437873257793934     0.4171824089849823
                 151000      2.579629839784793    0.02642146382630109      4.822184103454647     0.7530591002542814
                 152000      2.778619612857746    0.02638622245123606      1.504978080779253    -0.4127242313135662
                 153000      1.923677865721382    0.02636840882980553     0.6927896900062764       -1.1892067073194
                 154000      1.799691201605768    0.02635430900159426     0.5403993693871194     -1.438159610965955
                 155000      2.623987925287721    0.02629225085962685      5.541533077737269      0.887200880735132
                 156000      2.431573914436986    0.02624054380094416      2.684106481571556     0.1603090167995626
                 157000      2.703116145455104    0.02617950581007149      5.435838971942259      0.863646194783805
                 158000      2.653084658384928    0.02612802184269146      6.668038518198752      1.065989551439905
                 159000      2.630960178249457    0.02607148700887861      6.061435165963145     0.9684443012879425
                 160000      2.702239989053287    0.02601633489527013      6.193879146292472     0.9879416136712935
                 161000      2.479619382135379    0.02595829408862007      4.087654810610281     0.5701180240429876
                 162000      2.714247401695122    0.02590113310323152      5.598016252611385     0.8823544490639121
                 163000      2.109926085456963     0.0258929501382309     0.3530462985289683     -1.881529899346959
                 164000      2.514488525844293    0.02583522988016969      4.745841327530316     0.7146632220608213
                 165000      2.567128655593116    0.02577864843035384      5.266906510801155     0.8166451972064991
                 166000      2.362980191582048    0.02576207158514099     0.7747885823977056     -1.100606329292343
                 167000       2.40180963516443    0.02572992004843647      1.680580558447183    -0.3275507390381144
                 168000      2.707814126658394    0.02567790437681357      6.111065048751609      0.961387378396335
                 169000      2.638268945303595    0.02563463813457758      7.170266295370681      1.119542720986091
                 170000      2.647988521504512    0.02559793168031677      7.782406115030995      1.200032551922403
                 171000       2.44131257357315     0.0255501598983631      3.292310675280246      0.337888663829858
                 172000      2.721619917508693    0.02549705866499886      5.313396466497416     0.8144498034679621
                 173000      2.421258161843313    0.02545589903666992      2.651035105002334     0.1175531125684226
                 174000      2.496537750068593    0.02540419744930867      4.518169878476638     0.6486768697692941
                 175000      2.246149982485122    0.02539721122103457     0.3484919769782041     -1.913845259302824
                 176000      2.645749965001372    0.02536486460390543      8.081751097154299      1.228628939869482
                 177000       2.59059874585909    0.02531432879166969      5.571095548027863     0.8546177504515799
                 178000      2.711019157776233    0.02526667387413926      6.275612688139026     0.9718128468097316
                 179000      2.702517792299077    0.02522346498663536      6.977876337351352      1.076174770124938
                 180000      2.421952872409348    0.02518374999800645      2.848386881523371     0.1786072105021151
                 181000      2.335168473736118    0.02517180561144798      0.664528588419717     -1.277297398300849
                 182000      2.577891560322832     0.0251236670635536      5.714375572640132     0.8724507806999563
                 183000      2.535414987894774    0.02507551599363925      5.346754051249756     0.8040370068123652
                 184000      2.474196057428204    0.02502870017291789      4.449315227738602     0.6184288140369031
                 185000      1.788438747343918    0.02501948201135721     0.5273171461114523      -1.51464287655001
                 186000      2.217062193260645    0.02501529872464947     0.2325489251352504     -2.333511620935258
                 187000      2.222296995263621     0.0250101314874826     0.2891281730063979      -2.11594874392667
                 188000      2.391223355343451    0.02498428224123858      1.687889289673367    -0.3526188380891158
                 189000      1.849835360252223    0.02497429829822108     0.5792498347082239     -1.422518735274019
                 190000      2.546477422750681     0.0249282771930689      5.686878991312347     0.8598198171269441
                 191000      2.516556852686543    0.02488245424220264      5.504569048023042     0.8253968273317519
                 192000      2.642643101735279    0.02485040899814238      8.009204641263926      1.199121109290621
                 193000       2.51760474242091    0.02480558196277778      5.678047967911934     0.8533316508112623
                 194000      2.597082826824494    0.02476203002769664      6.070035593436097     0.9183313393102169
                 195000      2.611387451357477    0.02472100856930059      6.669800584763116      1.010898831407825
                 196000      2.620014613850907    0.02467990113056362      6.585870794160035     0.9965711962569324
                 197000       2.65688318995784    0.02464537700520434      7.706077767360203      1.152254113196418
                 198000      2.655835038869723    0.02461195153496991      7.871738009102103       1.17216647532365
                 199000       2.48119667147774    0.02457086237252501      4.336082427068665     0.5741879961813812
                 200000       2.56015814296835    0.02452864198350985      5.450855764368284     0.8012695503944903
                 201000      2.511248874078452    0.02448690684987342      5.172036450911855     0.7470605068123733
                 202000      2.557201756230959    0.02444560460412781       5.61604380455299     0.8277333333948634
                 203000      2.735425027016831    0.02440703217219302      4.089828073864307     0.5090296657739127
                 204000       2.68276285302576    0.02437091558562367      7.206223855484683      1.073990951898406
                 205000      1.880849884659012    0.02436375886316217     0.5035849244055075     -1.587250739468957
                 206000      2.448234425336327    0.02432872690549501      3.480987772036194     0.3446293631338966
                 207000       2.46796661225321    0.02429103402030577      4.168322908348897     0.5232765243427828
                 208000      2.579121303905701    0.02425172692454029      5.736069665095539     0.8409175144723181
                 209000      2.671363693780243     0.0242195724824864      7.741108063317614      1.139361362312534
                 210000      2.049940254840843    0.02421090261318534     0.6468436974212005     -1.343192103466902
                 211000      1.685664237004822    0.02420869137835554     0.1576205384350709     -2.755197635701475
                 212000      2.112086147140651    0.02420428447548641     0.3191349372804208     -2.049956165046271
                 213000      1.819919589039365    0.02419645650711872     0.5820335285920305     -1.449365588751759
                 214000      1.904204707437669    0.02418866136594672     0.5803829380487037     -1.452527732743105
                 215000      1.970581500592308    0.02417930049760407     0.7068098145365279     -1.255841299177717
                 216000      1.980203024215441    0.02416904141568772     0.7819108189350759     -1.155286615603237
                 217000      1.582622425322298     0.0241674228949476     0.1158478638019497     -3.064816464932616
                 218000      1.679049846813396    0.02416493429476899     0.1792521684499595      -2.62840367817915
                 219000      2.139319248921145     0.0241617699820231     0.2291153744669566     -2.383102514662498
                 220000      2.073436944479688     0.0241544011663567     0.5507584015479265     -1.506336994490691
                 221000      1.723554375658204    0.02415233804850728     0.1485418292649364     -2.816852055058444
                 222000      2.019806234741649    0.02414144539690975     0.8394430071522277     -1.085431166555812
                 223000      2.179904902789854    0.02413910069822755     0.1695796962785453     -2.684943878970751
                 224000       1.91273987456039    0.02413002313526893     0.6910218494297125     -1.280471559509766
                 225000      1.765479419873439     0.0241252228011226     0.3541622171494255     -1.949086910033395
                 226000      1.468860808902123    0.02412414607195008    0.07743907648750331     -3.469395073212715
                 227000      1.603718743363244    0.02412232703382382     0.1315236922650468     -2.939774991937792
                 228000      1.689246049793794    0.02411936371354362     0.2160643654309345     -2.443508498328012
                 229000      2.757416836486838    0.02409037360034335      2.804078309657601     0.1185426594287462
                 230000      2.660660582191785    0.02406638141094591       8.72960695907874      1.253191689175983
                 231000      2.181098323242904     0.0240637176529726     0.1980764225563703     -2.532741697943433
                 232000       1.83745355293261    0.02405529990880888     0.6544946590331795     -1.337881073562274
                 233000      2.247177663843392    0.02405019703796561     0.3871915120472685     -1.863037218042606
                 234000      2.488984484337957     0.0240131625024178      5.159690927584107     0.7251342353341612
                 235000      2.617249448967084    0.02397931908343879      7.050524831471464      1.035949250021774
                 236000      2.722475637972201    0.02394281277196421      5.491877300997993     0.7845937698193713
                 237000      2.752403845311869    0.02391219167259542      3.344359057975837     0.2873189417315368
                 238000      2.685014984091555    0.02388317502048422      7.942660618848105      1.151077984434747
                 239000      2.546456590950433    0.02384764685792262      5.854942977391099     0.8446272438783532
                 240000      2.379849334822396    0.02383374993881035       1.22240002755343    -0.7224257594223802
                 241000      2.528644913028085    0.02379865443257462       5.85551705551218     0.8426687836401515
                 242000      2.408455820754679    0.02377650231586301      2.192264596367269    -0.1407116950743784
                 243000      2.594800782906355    0.02374233279793207      6.245658467497048      0.904801663747187
                 244000      2.712804739069252     0.0237086289434964      6.367040950444235     0.9226293427814459
                 245000      2.696520338458873    0.02367847947313913      7.500293934693044      1.085164245360392
                 246000      2.733897204153052    0.02364494021893406      5.065988187601841     0.6913538054709802
                 247000      2.493117878299937    0.02361148964356072      5.280496246257168     0.7314089599755267
                 248000      2.517680849024941    0.02357828732267356      5.898623713421913     0.8407007524117293
                 249000      2.694879617812117    0.02354998290198377       7.76904815713837      1.114928186786392
                 250000      2.522531695453888     0.0235173768986919       6.05706598700807     0.8646205504505619
                 251000      2.752525229294289    0.02348931829242407      3.564729491544568     0.3332893868828163
                 252000      2.577002909332509    0.02345731172115272      6.176539414458513     0.8815958338786216
                 253000      2.345287099667796    0.02344968288155417     0.7189573772519139     -1.269440794209559
                 254000      2.218045462861248    0.02344649921850868     0.2886309941310014     -2.182229609168891
                 255000      2.667584759759023    0.02342253997142852      8.527573880441668      1.202659142219354
                 256000      2.436853951445352    0.02339646283807741      3.291817691455875     0.2496801899648899
                 257000      2.529399994560804    0.02336515902797199      6.170388200367406     0.8766631734941944
                 258000      2.604366467528922    0.02333430426896989       6.37010035683744     0.9071952258862274
                 259000      2.691712388489749    0.02330808261506713      7.995412503317202      1.133323571663047
                 260000      2.389070387093639    0.02329355680495345      1.565102491102514    -0.4982164604985652
                 261000      2.446880980107257    0.02326669141061868      3.713010592085357     0.3645212502648273
                 262000      2.391835659154392    0.02325112246216906      1.721371932106261    -0.4048695455821569
                 263000      2.681735698569194    0.02322746382087422      8.463959577307461      1.186807900977805
                 264000      2.035294383812393    0.02321972192219358     0.7922482083224222     -1.182223103731425
                 265000      2.741260024102713    0.02319082383238787      4.608173462528511     0.5772436802066602
                 266000      2.408913756247286    0.02317152461475007      2.329991986425626    -0.1055555964324025
                 267000      2.134969289809051    0.02316883175845766     0.2661154143253404     -2.275361821348384
                 268000      2.665970554350653    0.02314686021247249      8.739006272060266      1.215311065495187
                 269000      2.749364260686875    0.02312028460577398      3.954833128617015     0.4213041992626176
                 270000      2.267707151763826    0.02311606473737831     0.4312430180429569     -1.794900244039297
                 271000      2.277329645274329    0.02311137246465578     0.4821555707726768     -1.683508207422587
                 272000      2.305153700050633    0.02310639153540658     0.5137841733540783     -1.620187291027845
                 273000      2.486715879731993    0.02307747607343382      5.177754167180906     0.6888839216660469
                 274000      2.545398388586798    0.02304852886764108       6.10985306854633     0.8531601068473391
                 275000      2.539110778802854    0.02301989652551773      6.271052754041866     0.8779585899862778
                 276000      2.687965154378458    0.02299650083096031      8.321162115766235      1.159799426803479
                 277000      1.926035415120374    0.02299033338006189      0.670339762224877     -1.359241309796537
                 278000      2.082233940817539    0.02298547247163645     0.5218777421289404     -1.609804106536265
                 279000      1.996526059074184    0.02297802390563058     0.8229661768412543     -1.154646461968911
                 280000      1.959890916439078    0.02297108895982941     0.7631494999601834     -1.230409468581448
                 281000      1.766514047990598    0.02296773986469247     0.3556193648605032     -1.994148265418188
                 282000      2.522415238145566    0.02293969174221875      6.287085784296199      0.877021765840629
                 283000       2.38956330414589    0.02292541365581844      1.747880273464333    -0.4036947189219524
                 284000      2.436299959620103    0.02290254369844885      3.355697603000376     0.2475630988728235
                 285000      2.403587960077684    0.02288513018297537      2.271302962803163    -0.1435035403134796
                 286000      2.135448754157719    0.02288247614695721     0.2863610159184872     -2.214475149123576
                 287000      2.169639368423067    0.02288044655474637     0.2177725375456019      -2.48836604532196
                 288000      2.656191259084692    0.02285888597282206      8.582032610177233      1.184666148755961
                 289000      1.781573003461558    0.02285453991617194     0.4827680135709439     -1.693413825073557
                 290000      1.576035315774123     0.0228532189052216     0.1424988243216272     -2.913674113359633
                 291000      1.726274164828416    0.02285139632307969     0.1976086973538934     -2.586798818206006
                 292000      2.086477987053482    0.02284664472457386     0.5309231996809055     -1.598678196420861
                 293000      1.978353183777228    0.02283912559993572     0.8673796108379742     -1.108148015806308
                 294000      2.622192584008664    0.02281265431215972      6.874109964803178     0.9607330089733934
                 295000      2.262755234245231    0.02280832943464096     0.4870232767868211     -1.686662127661199
                 296000      2.337604154586436    0.02280249809610112     0.6681369652605141      -1.37073655529284
                 297000      2.129551999383085    0.02279940167844435     0.3450023501569057     -2.031814318704508
                 298000      2.054155769322211    0.02279305201815051     0.7332335431709701     -1.278179823806553
                 299000      1.749534244374677    0.02279032849922933     0.3029076774379585     -2.162335519711373
                 300000      1.768603214945391    0.02278627131173143     0.4577722038156669     -1.749569933248175
                 301000      2.008563876052995    0.02277831827197004     0.9386366738802443     -1.031862235113282
                 302000      2.740451044800686    0.02275229375155314      4.830005161149349     0.6051689385613823
                 303000       2.68749717697755    0.02273133901988317      8.594670579909765      1.180542294868474
                 304000      2.716610511804264    0.02270577471690092      7.015792393620444     0.9764383869410074
                 305000      2.482045241416983    0.02267988593582368       5.12853670420711      0.661954262988716
                 306000      2.570954198104472      0.022653806122347      6.242058392672877     0.8572933149180418
                 307000      2.371798574137596    0.02264286203326081       1.41060378085335     -0.630482075876063
                 308000      2.455185658408691    0.02261928396448496      4.134946608330734     0.4439326692501634
                 309000      2.704688245642237    0.02259652462582773       7.93972565205528      1.095330276637122
                 310000      2.171228471925351    0.02259447907692745     0.2410562445864603     -2.399363967112275
                 311000      2.281831560087017    0.02258985033972098     0.5613576551736542     -1.554240901924297
                 312000      2.717320015827998    0.02256546257444427      7.202654553987466     0.9965256166168325
                 313000      2.492845554060425    0.02254011693687975      5.719662325563441     0.7648619040043931
                 314000       2.72445858474068    0.02251533747699419      6.736492921211734     0.9273916318061821
                 315000      2.709749241662057    0.02249321583051826      8.014450116984033      1.100115359847362
                 316000      2.434853471599683    0.02247253189364393      3.515904399111689     0.2752459856842076
                 317000      2.175528610849594    0.02247045152748937     0.2557275756225942     -2.345785940390097
