#! FIELDS time e sigma_e height logweight
#! SET action OPES_METAD_kernels
#! SET biasfactor       3.469395073212715
#! SET epsilon    0.007640039155174105
#! SET kernel_cutoff       3.122291642622147
#! SET compression_threshold                       1
                   1000      2.693976559574306    0.06206017502565676    0.03010226110527593     -3.469395073212715
                   2000      2.519366771737379    0.06075527504934267    0.05922384035786754     -2.813921761093004
                   3000      2.690417553466103    0.05408913640654168     0.8510947725001267    -0.2649429928972999
                   4000      2.326721695340789    0.05374320744816443    0.03476070152052769     -3.469395073212715
                   5000        2.5430832747056    0.05103414978406863     0.4060383984067426     -1.063157096469108
                   6000      2.419100194176147    0.04967652557643608     0.2187076355521076     -1.708831501652205
                   7000      2.515919903709705    0.04748563761915414      1.321741615875506    0.04503301009754616
                   8000      2.688754197091897    0.04566825144211851      1.415593519747703    0.07460766918404281
                   9000      2.610691291553879    0.04409613110612474      1.229202108858278    -0.1016072467301447
                  10000      2.295136203694231    0.04382673585294956      0.121956241231714     -2.418193500479002
                  11000      2.722821999178101     0.0426988792063538      1.673174675495334     0.1745509346724571
                  12000      2.714706264711567    0.04218944681899005      2.506116666718028     0.5665599625119679
                  13000      2.573755709026542    0.04120547606218439      1.316880237213055    -0.1005079179989269
                  14000      2.202051891567267    0.04112391511165128    0.06980383638347264     -3.039821041958588
                  15000      2.754159464330493    0.04036240610844477        2.2495686491652     0.4142927340071633
                  16000      2.453669416898393    0.03983175875809718     0.7068910842677276    -0.7565586877079205
                  17000      1.920753177428803    0.03978912668287835    0.04695130927981207     -3.469395073212715
                  18000      1.645673962949785    0.03974665710157182    0.04700147708239762     -3.469395073212715
                  19000      1.861311332968293    0.03967951340747941    0.07545656605788742     -2.997707615064946
                  20000      2.047280969919526    0.03963746116606843    0.04713095990266582     -3.469395073212715
                  21000      1.896266791328921    0.03946495619689687     0.2061650905510845     -1.998009489693425
                  22000      1.496706968118335    0.03942373243394003    0.04738647199353317     -3.469395073212715
                  23000      2.458673642971672    0.03874056645691479      1.542858411696265  -0.003820474863515609
                  24000      2.719850685838769    0.03931387613940357      4.475798136798077      1.075917667177033
                  25000      2.652832190386939    0.03869345604484886      2.899130906008518     0.6257369335610685
                  26000      2.302634435066639    0.03858109744985531     0.2088691412144426     -2.007629450769406
                  27000        2.5543030642671    0.03800875273140977      1.731175357246438    0.09227248109447175
                  28000      2.631177315008153    0.03746244008386961      2.633684785805842     0.4973781959202831
                  29000      2.590089851806915    0.03695327237154012      2.533489507339272     0.4449072477613178
                  30000      2.153481151027687    0.03691816523964127    0.08662641629499028     -2.931791321270002
                  31000      2.392890407230367    0.03670831398769706     0.5916656666491247     -1.016154849556046
                  32000      2.453941572555876    0.03630405219151132      1.564504922035923   -0.05484576636351849
                  33000      2.318011882177896     0.0361801742541795       0.36016613582219     -1.527023131544265
                  34000      2.634933189982529    0.03586209651824007      3.604702699630808     0.7675756666640394
                  35000      2.511066492708453    0.03548161872152782      1.966735273470813     0.1510451641222209
                  36000      2.539106770142011     0.0351108570374889      2.688335949511438     0.4530882337968142
                  37000      2.725057176617124     0.0348287748307641      3.714433418109334     0.7683255004380312
                  38000      2.755532200545607    0.03451626765556592      3.341159340464349     0.6534040316139814
                  39000      2.681433240353337    0.03428181136507705      4.156540747087341     0.8649535475613833
                  40000      2.665872654998373    0.03401422050694081      3.849297139683999     0.7803246956683103
                  41000      2.402213317125951    0.03385862119696997     0.8995313874780222    -0.6780322388890099
                  42000      2.556892778598932    0.03357604894979238      2.725449581766801     0.4221018203299562
                  43000      2.264178705107338      0.033528165954371     0.2622743753934467     -1.920322790749084
                  44000       2.48351599056208    0.03327856294386124       2.12867825740108     0.1660701227026892
                  45000      2.234259978387076    0.03323525502555966     0.2489993308915597     -1.981038421058197
                  46000       2.09237229063004    0.03321932804675135    0.08931590719449543     -3.006788360498149
                  47000      2.062810808969597    0.03319620091381522     0.1310254636687321     -2.624272718673613
                  48000      1.847024301306256    0.03316485592383831     0.1798476260560933     -2.308499111981722
                  49000      2.038764979903116    0.03313423106570881     0.1763640986194031     -2.328982321744953
                  50000      1.788224849112186      0.033116829152996    0.09914702029228575     -2.905454452413919
                  51000      1.947560354622985    0.03308820664315781     0.1655876454131802     -2.393422282902733
                  52000      1.605322618702848    0.03307367114525977    0.08308716642859539     -3.083472054364982
                  53000      1.870895852615675    0.03301611508211116     0.3472424205967143     -1.655080908652406
                  54000      2.089432637328056    0.03297195138094117     0.2642290311804747     -1.929626329911057
                  55000      1.978155189109114     0.0329382791608421      0.200170687741632     -2.208293918160855
                  56000      1.573393567907528    0.03291837351688209     0.1169728307268696     -2.746127181936259
                  57000      2.021559823986183    0.03286528991652384     0.3260150859108483     -1.722739101994539
                  58000      1.788993123729358    0.03283283011115246     0.1957240543009349     -2.233965127367842
                  59000      2.404527358070936    0.03265247771288032       1.43542040522834    -0.2469660506860233
                  60000      2.516570619976374     0.0324400762809993      3.614807871472343     0.6700887250823185
                  61000      2.778314760410091    0.03221999600512185      2.964425099282236     0.4649258094997222
                  62000      2.520411062423371    0.03204019203663059      4.069560534997903     0.7761815705783487
                  63000       2.70481452692687    0.03195304036974635      5.328360244506485      1.042966318727272
                  64000      2.639156683263846     0.0317921827682754      4.559862881358661     0.8821684256438381
                  65000      2.487247784677501    0.03159792038456011      3.455450126559894     0.5986994769747508
                  66000      2.673680609629451    0.03150857179972047      5.655402015335343        1.0885262645037
                  67000      2.514076124657583    0.03133637265256176       4.27702236846644      0.803691985399634
                  68000      2.264043328009603     0.0312953117122418     0.4064261784085942     -1.551229230863318
                  69000      2.695266533107227    0.03119079361608309      5.669812199319789      1.080934408020166
                  70000      2.306045308457076    0.03114734791087303     0.4595524098928656     -1.433117745075218
                  71000      2.566928666022922     0.0309742235791617      3.428366784661245      0.570894790635006
                  72000       2.61994774423588    0.03081056148159493      4.080570319639755     0.7397497370980454
                  73000      2.658086256056663    0.03071033538164089      5.844077397063368      1.095683430748542
                  74000       2.67853267440553    0.03062735665715152      6.303549598399406      1.168661958801099
                  75000      2.712629733821811    0.03050817086323576      5.712229525813748      1.066259389989108
                  76000      2.663342178988382    0.03042737872367439      6.645456470325022      1.214931640398756
                  77000      2.669186354102582    0.03035772125259801      7.055238181719323      1.272476675364488
                  78000       2.65082742387632    0.03026945742714358       6.88257909897117      1.244788086944896
                  79000      2.352404751240289    0.03023691162527322      0.496488499485334     -1.385476103856857
                  80000      2.592592683470184    0.03009573295520312      3.533963375331221     0.5724588475247839
                  81000      2.682078902589243    0.03003422655359573      7.586103095366605      1.334311087633843
                  82000      2.462810597265415    0.02992512220459909      2.329665365025127     0.1500784100118305
                  83000       2.33124515364405    0.02989425181749216     0.5207715441209807     -1.349122175579011
                  84000      2.686484673091793    0.02983076572230109      7.710339789029915      1.343757963326751
                  85000      2.393565009086965    0.02977980538779811     0.9508344197710793    -0.7509294132825803
                  86000      2.451724391633394    0.02968229889230252      2.174184346189413    0.07285988997698255
                  87000      2.687181962603678    0.02962270829633001      7.946134432357733      1.366882252647226
                  88000      2.693634486446956    0.02955309490529649      7.903364388798435      1.359132451488565
                  89000      2.625645257178325    0.02942840141110723       5.42218530303165     0.9781146068355938
                  90000      2.326267364903715    0.02940307384450619     0.5137285192652665     -1.379305666503416
                  91000      2.358660312785158    0.02937118491753099     0.6605673193995348     -1.128986711676943
                  92000      2.182322649417077    0.02936444020336514     0.1322562958169091      -2.73757374078168
                  93000       2.56888663955759    0.02926432603255762      2.745272117551783     0.2919048725694781
                  94000      2.518322212475854    0.02916072228358414      3.020320922514303     0.3838412057560195
                  95000      2.447331191240349    0.02908552734663792      1.904331926774522   -0.07997260133578149
                  96000      2.508960079910795    0.02898320408663723      3.153356307334092     0.4208393105477287
                  97000      2.658942708352845    0.02890016688516685      7.292589895921866      1.256361557311371
                  98000      1.996187476600336    0.02889048906539336     0.2134214963490536     -2.275318331882091
                  99000      1.863537579933121    0.02887954787886084     0.2424257023569834     -2.148270901066338
                 100000      2.302081022779808    0.02885716128816482     0.5120921618211959     -1.401237041761935
                 101000      2.479569828524136    0.02876788755327744       2.72255929103034     0.2664875410604024
                 102000      2.665206574020099    0.02868818975981044      7.384458118833578      1.261518506596149
                 103000      2.554724797324477    0.02859937060804085      2.910411911735383     0.3273347702403119
                 104000      2.159709661960657    0.02859363291829261      0.135219368411885     -2.742017362564785
                 105000      2.515853144198156    0.02850027482264553      3.312447200096063     0.4532564194975175
                 106000      2.518780426722711    0.02840625961793626      3.505358456123244     0.5065577529334543
                 107000      2.131325042798245    0.02839999301492573     0.1539054667634909     -2.619372380246313
                 108000       1.88679952835544    0.02838881146355336     0.2786317895440255      -2.02621357676653
                 109000      2.080601640306261    0.02837991071010179     0.2208068293782737     -2.259130071623605
                 110000       1.95887347513256     0.0283711273430476     0.2181454572810526     -2.271565780498563
                 111000      2.029963381541545    0.02836036278963989     0.2692222985623117      -2.06156992028354
                 112000      1.669729571722092    0.02835707217936317    0.08077964582212289     -3.265498356899996
                 113000      2.364468558387538    0.02832942994327263     0.7294512575561999     -1.065906100085728
                 114000      2.386194772528452    0.02829480343305838     0.9407618018616473    -0.8127317031322184
                 115000      2.677597432708819    0.02822809834224836      7.710243795983004      1.288523122590418
                 116000      1.868283010622647    0.02821574177204448     0.3249479208118056      -1.87855487430617
