#! FIELDS time e sigma_e height logweight
#! SET action OPES_METAD_kernels
#! SET biasfactor       4.240371756148875
#! SET epsilon    0.003891431002318289
#! SET kernel_cutoff        3.33135957893421
#! SET compression_threshold                       1
                   1000      2.509931039091276    0.06284082615044533    0.01375115918422312     -4.240371756148875
                   2000      2.740022828778394     0.0624949438374419      0.013827265865069     -4.240371756148875
                   3000      2.503550780936289    0.05485822314262805      1.090371137319148   -0.00307433493959985
                   4000      2.649745619700489     0.0536904190133839     0.1347568810556082     -2.115392998657528
                   5000      2.688465592279007    0.05111948617530573     0.4216450577232513     -1.023770217855017
                   6000      2.731520498836405    0.04852174518059683     0.6695334047899392     -0.613506730485309
                   7000       2.64881875815811    0.04634783748850594     0.9328861982545846    -0.3276419870037194
                   8000      2.461653618175344    0.04468403745017705     0.8614460639543051    -0.4438710605100631
                   9000      2.611269363498952    0.04329579841783002     0.9725256786026542    -0.3541477652573636
                  10000      2.684505889581577    0.04224571340929171      1.468218810373137     0.0332083011383178
                  11000       2.60651379652378    0.04123838238332762      1.299300807652523    -0.1131488487889909
                  12000      2.650363185640438    0.04056157765152712      1.879506487233302     0.2394859286283943
                  13000       1.72653741954713    0.04053376461011557    0.02131887358538644     -4.240371756148875
                  14000      1.915721051739313    0.04050601898472241    0.02133347648873588     -4.240371756148875
                  15000       2.23222661043412    0.04047834049648823    0.02134806400321263     -4.240371756148875
                  16000      2.694468718449265    0.04030231630582336      2.701985995446931     0.5960514381424722
                  17000      1.676496748383754    0.04026535442618577    0.03523903759385566     -3.744453943010769
                  18000      2.605189575045531    0.03982614863884319      2.775741218199761      0.611096952503199
                  19000      2.365568292899833    0.03966864547526362     0.1919736087141129     -2.064180844108029
                  20000      2.702713088329493    0.03941038211101053      3.403993142776869     0.8046339209746656
                  21000         2.512348148975    0.03882081293609525      1.247657118128813       -0.2141205564249
                  22000      2.337870211673101    0.03871130793835888     0.1748189542461576     -2.182217197814043
                  23000       2.43356926813254    0.03825948809493648     0.9414205299678884    -0.5103183202818539
                  24000      2.513641254447384    0.03768671002341819      1.806457100018546     0.1263304745652685
                  25000      2.006644711565024    0.03767285829115182    0.02514838468499371     -4.148366278011451
                  26000      1.816952885098097    0.03765804563451854    0.02695195716243295     -4.079497297615193
                  27000      2.101816948465922    0.03764455863590881     0.0245664091825306     -4.172531392910224
                  28000      1.928779047315722    0.03761264761665495    0.05880864417976345     -3.300470620626041
                  29000      1.874222564049322    0.03756823390200175    0.08274997612340265     -2.960117265203074
                  30000      2.034343165366707    0.03753385884856649    0.06403747925864506      -3.21738788759944
                  31000      2.044522032286409    0.03745948706239161      0.142413594921288     -2.420104372850298
                  32000      2.115564272439886    0.03740571666893991      0.102684283887835     -2.748617220459169
                  33000      1.876341872320973    0.03731301339482112     0.1825399066064997     -2.175788875365354
                  34000      1.798392603473041    0.03725789009197202     0.1073421442657401     -2.708214761319113
                  35000      1.682301248692982    0.03721047742425782    0.09254555968939908     -2.857808407947213
                  36000       1.58900708690846    0.03719225930853683    0.03516232642272871      -3.82602394730895
                  37000       2.06148758497782    0.03704598860873292      0.307366593680916     -1.661898613571591
                  38000      1.827022676500712    0.03691015739305629     0.2892109511085887     -1.726456703461053
                  39000      1.965314763947224    0.03682758074708868     0.1725825465558515     -2.244977147153149
                  40000      2.029608994978227    0.03659448754289771     0.5564412889736386     -1.080640561068887
                  41000      1.995236037319926    0.03632224911528766     0.7060610631190716    -0.8499676389849042
                  42000      2.732543744892853    0.03624174729327795      3.832035122374139     0.8392631578979192
                  43000      2.551732671548887    0.03587924073588788      3.000853674624924     0.5847111199348647
                  44000      2.418923377899321    0.03555147123783959       1.26984115419754    -0.2844712045856301
                  45000      2.569425860545864    0.03533444866826062      3.774473376595379     0.7987746788874198
                  46000      2.703220417351017    0.03536388661857387      5.057616964846353      1.092242001991715
                  47000      2.190517369450496    0.03534824418708602    0.05497676172534337     -3.429940537621005
                  48000      2.681287412121504    0.03544388613115609        5.9097237096811       1.25020529201116
                  49000      2.289469300206526    0.03541111364130493     0.1302978318086549     -2.565251281667815
                  50000      2.355507808395671    0.03529051062872928     0.5200172673644879     -1.184623716625317
                  51000      2.586137429812589    0.03499019111796937      4.279051715378773     0.9144546294344503
                  52000      2.660457496977907    0.03487851561428714      5.839232346120559      1.222125819601314
                  53000      2.476352598762834    0.03459914579092641      1.931212935360861        0.1076327008469
                  54000      2.012510629635476    0.03447033301324152     0.7314684252139997    -0.8669467446724617
                  55000      2.687555124263747    0.03445019359984224      6.786433068729441        1.3600955372495
                  56000      2.212509179690128    0.03443593344828976    0.08063139557158584     -3.073111148141851
                  57000      2.724733571801515    0.03419641780537044      5.491677641718926      1.141010124038078
                  58000      2.235694221871562    0.03417698124202555     0.1201953163434069      -2.68142943103013
                  59000       2.49036874229561    0.03392568019269766      2.231923110687354     0.2326912885020447
                  60000      2.329533728957768    0.03386769280064229     0.3901627993131175     -1.513074209796914
                  61000      2.423757075835351     0.0336906722478838      1.421944218778517    -0.2250984477622296
                  62000       2.60097158448663    0.03341920343430115      4.189389519163126      0.847341149496228
                  63000      2.627902503547349    0.03318639336127407      5.113838154040474       1.03974561991991
                  64000      2.600422308758974    0.03295726902006182      5.094573209734227      1.029043178661502
                  65000       2.21695273297848    0.03293790892763131     0.1575971603437618      -2.44743344058146
                  66000      2.448219174007892     0.0327624515763688      1.868012566318802    0.01981359534171952
                  67000      2.473920364269289    0.03256476765373949      2.374665345039955     0.2537429151114283
                  68000      2.648608420186172    0.03239272669993106      5.931837600810716      1.163923397904686
                  69000      2.516711573945338    0.03219902734284598      2.669945518665649     0.3596497503379498
                  70000      2.744715194410151    0.03199062169111778      3.611765154560638     0.6552948407947804
                  71000      2.617638571562255    0.03180880488535903      5.417725517241183      1.055074653536301
                  72000      1.846003914789955    0.03178947681783413     0.2045654832760485     -2.222076388016739
                  73000      2.147473351235638    0.03178026444551498    0.09638863862435885     -2.974866020923097
                  74000      1.876993639256115    0.03175979712825504     0.2179022391348062     -2.159852074622999
                  75000      1.732259219814878    0.03175313149552132    0.06979664214054586     -3.298522589206751
                  76000      1.633719079419339    0.03174729601316431    0.06109249743423185     -3.431903217377704
                  77000      1.474922696232247    0.03174467727422492    0.02731790104390048     -4.236832571628847
                  78000      1.913688970447382    0.03172435918526986     0.2174121820700449     -2.163220018455671
                  79000      1.942823985394166    0.03169530245539314     0.3159835284172671     -1.790241271862359
                  80000      1.616968595867716    0.03168792309750845    0.07807795521877395     -3.188456454274587
                  81000      2.022954820642379     0.0316326314591448     0.6312427564948403     -1.100220106642186
                  82000      2.163813751526598    0.03162017044927416     0.1340641893956367     -2.649985908289338
                  83000      1.539153816884583    0.03161666910640638    0.03725896743811842     -3.930522703878126
                  84000      1.751439829211574    0.03160693995268177     0.1045042504638664     -2.899495381095226
                  85000      2.125065584699289    0.03158954572404295     0.1892161723225151     -2.306383476509296
                  86000      1.850058554119635    0.03156068753539053     0.3203142204316019     -1.780885107582865
                  87000      2.010089197229163    0.03149200718207942     0.8209916875886305    -0.8418530831602212
                  88000      1.858267536636172    0.03145668777887484     0.4023379195986477     -1.556195901154632
                  89000      2.090720388460028    0.03142847219651542     0.3194717787946098     -1.787716660660792
                  90000      1.691443999330926    0.03141833943376704     0.1120351976919776     -2.835894973354428
                  91000      2.147842661715807    0.03139674276991904     0.2433894527104445      -2.06073284065174
                  92000      1.905672129998752    0.03136221778194217     0.3986815238002326     -1.568333015929629
                  93000      1.733339531572626    0.03134949218993644     0.1426630600003297     -2.596416146122038
                  94000      1.492504215970718    0.03134543898935507    0.04493481196388582     -3.751818255015661
                  95000      2.147218732823833    0.03131858210496365       0.30867139245138     -1.825610986161495
                  96000      2.268257469666967    0.03130231760920153     0.1845433268424272     -2.340523431631187
                  97000      2.378035855847039    0.03124172850461369     0.7450372998220692    -0.9469109039086853
                  98000      2.461842646604005     0.0310905073898689      2.493946591491436     0.2564244139793735
                  99000      2.631724880442158    0.03096309216850516      6.144340342385017      1.153982746335392
                 100000      2.732779241594848    0.03079632023211543      4.359104988992375     0.8053174061712363
                 101000      2.540891703309958    0.03064134274096975      3.284131759197412     0.5171079171724031
                 102000      2.469724504429848    0.03049883794137935      2.874056452186436     0.3790684502219496
                 103000      2.638599689996762    0.03038996527534258      6.467267263066122      1.186521550891978
                 104000      2.736796977338774     0.0302410145135629      4.577149183662721     0.8359308925977796
                 105000      2.506533174507298    0.03010492519385175      3.190734159577649     0.4705952582357912
                 106000      2.624017027829856    0.02999923217482261      6.517669879170787      1.181344156507594
                 107000      2.256687861531281    0.02998670799634152     0.1992322322398401     -2.306874484019933
                 108000      2.494481787765294    0.02985457489283017      3.443347470492048     0.5384376287301726
                 109000      2.404044987493442    0.02978664046154644      1.281113287611251    -0.4525551200304451
                 110000      1.848607206084275    0.02975881406928343      0.477087659050723      -1.44127423625662
                 111000      2.130849751860295    0.02973845385986465     0.3448226633552028     -1.766628624477928
                 112000      2.103363394642058    0.02971548474755985     0.3925966969926986     -1.637648690645791
                 113000      1.798659205530278    0.02969874071622582     0.2833258641263268     -1.964397497859882
                 114000      1.774488791827047    0.02968492691164378     0.2328893310082158     -2.160897069099494
                 115000       1.77667381675985    0.02966719993544432     0.3020943325509304     -1.901318456908723
                 116000      2.604751662582069    0.02956286467544077      6.326528303856384      1.136926074192448
                 117000      2.514680922233491    0.02944041852415547      3.567035587650161     0.5597588309516882
                 118000      2.391939670441479    0.02938307961851905      1.167214665429123    -0.5593052939626277
                 119000      2.545935998166332    0.02926257344260367      3.835447534198831     0.6262509057019903
                 120000      1.641218995831911    0.02925663869965038     0.1094562719441864     -2.930468202665766
                 121000       1.58214802695224    0.02925228362984861    0.08011399775613791     -3.242691605442025
                 122000      2.027031570756712    0.02921154270843278      0.822601806410013    -0.9150636600356639
                 123000      2.522703029502122    0.02909357170924336      4.146742124385305     0.6984956797665404
                 124000      2.605594832229874    0.02900570452978466       6.65217168057378      1.168091326206725
                 125000      2.718404251472795    0.02889653077653166      5.409045165328561     0.9574495662435236
                 126000      2.651909062365934    0.02881322354675189      6.871383091558647      1.193855279813561
                 127000      2.309458024678611    0.02879856962956819     0.3172830969667974     -1.881979695222208
                 128000      2.647288593857896    0.02873325402660364      7.619129578579531      1.294372701321736
                 129000      2.512031593722017     0.0286268741941621      4.272325532311569      0.712159671679346
                 130000      2.725045268663376    0.02852440026870635      5.481788340523221      0.957846695778806
                 131000      2.124974410716768    0.02850635978887706     0.4328353996216204     -1.581615112047894
                 132000      1.923150443610515    0.02849047508442362     0.3799432601204299     -1.712508091254297
                 133000      1.954079893773115    0.02847081261403274     0.4767789597101675     -1.486167410850663
                 134000      1.710839359128806    0.02846379515726624     0.1647849249553702     -2.548825768355458
                 135000      2.642523814829574    0.02840499091019991      7.909850028545558      1.320329125650965
                 136000      2.441631918578512     0.0283290641405269      2.446561818903966     0.1442274165850383
                 137000      2.480336255129227    0.02823331609749308       4.00320151070814     0.6332525589547272
                 138000       2.44456304868943    0.02815148563919466      2.932639052512732     0.3191582849440504
                 139000      2.437884149236803     0.0280712446363003      2.916961747076263     0.3109437446241863
                 140000       2.40271275462342    0.02801416437119894      1.805066333907871    -0.1710369683591907
                 141000      2.318728877807336    0.02799968780716114     0.3900171462176171     -1.703715778017606
                 142000      2.461157473592154    0.02791065297304773      3.944910606884894     0.6070901749081637
                 143000        1.7997741192771    0.02789707530596541     0.3733145331660294     -1.751156668852853
                 144000       1.68443968635436    0.02789092441112899     0.1656531398664703     -2.563902411829345
                 145000      1.973659418905414    0.02786888143930171     0.6256773409365309     -1.235754327046314
                 146000      2.118315154739771    0.02785159987286129      0.484519078485027      -1.49205262218405
                 147000      2.250765284459368    0.02784355233364435     0.2196887767402577     -2.283286522078681
                 148000      1.498006269065874    0.02784140069269466     0.0577827568370962     -3.618885288213063
                 149000      1.666241251683966    0.02783477543866688     0.1803835614083119     -2.480728206727292
                 150000      1.956313816290047    0.02781289972997969     0.6269444974299646     -1.235741893197815
                 151000      1.758982277629531    0.02780238906394827     0.2910844267899052      -2.00336453512922
                 152000      2.146176611055736    0.02778546780461711     0.4794811214385745     -1.504882175825087
                 153000      1.574679262989122    0.02778225331858435    0.08744695821839404     -3.206669976422264
                 154000      2.729317833629275     0.0276950575988541      5.222317356993801     0.8798506505218172
                 155000      2.709096520546093    0.02761670360538458      6.301472458973152      1.064859560268014
                 156000      1.965152005186712    0.02759193884995188     0.7634938460517774     -1.046671117350825
                 157000       1.78870779320019    0.02757778612295133     0.4215697829282244     -1.641103920877811
                 158000      1.738158173315145    0.02756789823266268     0.2910053805168265     -2.012106096178743
                 159000      2.235023829566744    0.02755989532071953     0.2344618031204307      -2.22844550515938
                 160000       1.83096732784523    0.02754324439310262     0.5032500314488266     -1.465255421255036
                 161000      2.132159827681622    0.02752403551821965     0.5878010647435591     -1.310651634031754
                 162000      2.088757337406645    0.02750670226359239     0.5286094343870893     -1.417420297663591
                 163000      2.067783934334753    0.02748715824834779      0.602858464699627     -1.286698467782759
                 164000      2.275867239355269    0.02747727549888288     0.2955123409252643     -2.000029924803961
                 165000      1.932289060837509    0.02745494866604827     0.6999270756816075     -1.138577258205054
                 166000      2.064538277530119    0.02743256243887061     0.7049334421873661     -1.132265733122197
                 167000      2.281234545188075    0.02742109653965595     0.3481053905987991     -1.838281896890357
                 168000      1.879997874184066    0.02740447363607567     0.5152307736248347     -1.446778665326955
                 169000      1.912968135543612    0.02738288382412951     0.6841863730495602      -1.16395134522768
                 170000      2.497546387969498    0.02730250841928619      4.548048374506928     0.7273322315049644
                 171000      2.677693605082077    0.02723749863784803      6.892250722282212       1.14064778478335
                 172000      2.709020783712457    0.02717186516656413      6.849857642686191      1.132065376843439
                 173000      2.679057317586606    0.02711443620418924      7.447370532472574      1.213582746519231
                 174000      2.449206044384691    0.02704376459947734      3.654587689608125     0.4990951822332124
                 175000      2.584708091996264    0.02696893620625267      5.044646082376057     0.8186686297463877
                 176000       2.73197764565069     0.0268982486284788      6.011099862687105     0.9913243527606063
                 177000      2.697856357423092     0.0268477002186253      7.844095914691581      1.255596738164207
                 178000      2.688254701231229    0.02680052816401569        8.1301448295855       1.28965577033125
                 179000      2.566700621674673    0.02673159231045651      4.299664708214831     0.6500385811430384
                 180000      2.352156545601944    0.02671455022190731      0.669388397961388     -1.210527015468869
                 181000      2.273974584950786     0.0267050025483329     0.3643301926593767     -1.819188352847005
                 182000      2.551974875440094    0.02663813011150287       4.16913183778595     0.6157069117351301
                 183000      2.151185288167107    0.02662502476103406     0.5168707124954477     -1.472455516490769
                 184000          2.21679612268    0.02661865863945951      0.244674569198626     -2.220558380106477
                 185000      2.036296099251865    0.02659947908431544     0.7805749024130825      -1.06117750633655
                 186000      1.862707677255088    0.02658498478642714     0.5793813300597458     -1.359792404579734
                 187000      2.209369566733954    0.02657799551469245     0.2712657511599929     -2.118917232093754
                 188000      1.939841155420934    0.02655796642635453     0.8250621398629557     -1.007311380255871
                 189000      1.614324489449155    0.02655474529757191     0.1237431461376742     -2.904683363712416
                 190000      2.202697418496613     0.0265468433219729     0.3095496793466825     -1.988070402083689
                 191000      2.162973952426945    0.02653401602123956     0.5140084293794198     -1.481432643017755
                 192000      2.083183184457469    0.02651677805305068     0.7066279120076417      -1.16381793848402
                 193000      2.610220739218748    0.02645541984422511      6.592618610939665       1.06706711501882
                 194000      2.735115658104771    0.02639210586219193       6.15912841281852      0.996655658952154
                 195000      2.563487828039054    0.02632794667178412      4.715522011659422     0.7271460468129679
                 196000      2.316487760754538    0.02631719498112216     0.4551032699101851     -1.611352954058623
                 197000       1.83202193349215    0.02630387134813442     0.5719400041056436     -1.383349615352994
                 198000      1.680077138542391    0.02629895279535411     0.2037970641331798      -2.41544600542273
                 199000      1.731892191237496    0.02629228241630048      0.278725299161474     -2.102597683356497
                 200000      1.740951597894338    0.02628426330584144     0.3374890594379894     -1.911596341188281
                 201000      1.584067522575804    0.02628147771257971     0.1147840335499113     -2.990183025981252
                 202000      2.040681739504868    0.02626257810860632     0.8399782610802975     -1.000578789051686
                 203000      2.675098620626842    0.02621639767076192      7.900516918975857      1.238968708183301
                 204000       2.51508054197465    0.02615671169824841      4.187749437568276     0.6019247194154126
                 205000      2.469387885055465    0.02609864473814559      4.027202435187964     0.5606107751006744
                 206000      2.263492659052456    0.02608993644729961     0.3888931227475367     -1.777245620814111
                 207000      1.977020154480902    0.02607219426998507      0.830778351742406     -1.018867413868873
                 208000      1.991572668470696    0.02605257529966276     0.9316396406782187    -0.9050371297355235
                 209000      1.889926736991792    0.02603867275873507      0.642667029047262     -1.276890244117016
                 210000       1.53285053256906    0.02603703417944841    0.07166138238191716     -3.470627922613577
                 211000      1.743936257493389    0.02602835287820734     0.3921850682024164      -1.77117956088363
                 212000      1.828059418278318    0.02601462333269765     0.6370884263629623     -1.286532562583224
                 213000      1.940233031749195    0.02599520873397966     0.9317797130845912    -0.9070911722296023
                 214000      1.678091662059264    0.02598973480912337     0.2455024413518832     -2.241091304584462
                 215000      1.859435143775552    0.02597353053563825     0.7677443718836557     -1.101565049444396
                 216000      2.027433152145834    0.02595303762723994     0.9981950664923269    -0.8398624668972778
                 217000      1.903723586116622    0.02593597265523004     0.8184612311039653     -1.039042900625478
                 218000      2.394948223330731    0.02590615885108779      1.556732313737763    -0.3972748746171877
                 219000      1.807608823442723    0.02589304833065251     0.6213622033377484     -1.316211142650155
                 220000      2.175601604942652    0.02588273213914631     0.4830978201852437     -1.568304648214474
                 221000      1.827648970731022    0.02586575708540179     0.8256378029977857     -1.033023685331812
                 222000      2.458972109600684    0.02581018812346136      4.259910802645983     0.6056729619798346
                 223000      2.328984096443667    0.02579804032841513     0.5856385267696262     -1.379098557692772
                 224000      2.587518203397317    0.02574316367559743      6.075703361540633     0.9581223035151997
                 225000      2.566877621800964     0.0256875165638862      5.467800820304205     0.8505370666294975
                 226000      2.396344934445974    0.02565683369777837      1.738297825582603    -0.2966282318657935
                 227000      2.632101337580291    0.02561286143862168       7.55646191864691      1.171153143515174
                 228000      2.495938585035682    0.02555915412819862      4.802652285498413     0.7158192979515805
                 229000       2.31202021618012    0.02554892603249901     0.5270883514804934     -1.494136375033245
                 230000        2.4617099839599    0.02549658994032039      4.548441243472755     0.6589847435848072
                 231000      2.509158889981177    0.02544407960322292      4.982479589134839      0.748066201740757
                 232000      2.689831578223701    0.02541078607399746      8.489071331375285      1.279608780768519
                 233000      2.576083409325278    0.02535970645726364      5.888322568746768     0.9117881562710985
                 234000      2.372294940802978    0.02533970454839173      1.172837355501987    -0.7025461436957404
                 235000      2.553481362974937    0.02528894366793463      5.343007500152205     0.8118114255314116
                 236000      2.496194332335645    0.02523881148666559      5.240997824585582     0.7905502906020162
                 237000      2.522192503223513    0.02518926211608169      5.270668477807799     0.7942304353742534
                 238000      2.328834560227122    0.02517763194633621     0.6771926595128498     -1.258188051299849
                 239000      2.517006815403464    0.02512885578267719      5.591617878567684      0.850940925377091
                 240000      2.386375647480832    0.02510548749618915      1.509201873709232    -0.4596771640011693
                 241000      2.373611052710629    0.02508398322005298      1.375119582763948    -0.5535743418719606
                 242000      2.542338962425877    0.02503633924865051      5.665437774405919     0.8603679457116646
                 243000      2.441298536012525    0.02499341783799137      3.752804488215018     0.4467713654955323
                 244000      2.650506275197686     0.0249542365201103      7.582069599633869      1.148485242605894
                 245000      2.609443565360984    0.02491216752682383       7.08695984372448      1.079268231214885
                 246000      2.614664303531453    0.02487240164707304      7.464385330076955       1.12955734632433
                 247000      2.390155183603695    0.02484788589813762      1.756619006983117    -0.3181809450526627
                 248000      2.523483588728152    0.02480278828434267       5.68013057775056     0.8535857369586414
                 249000      2.719683551028743    0.02476270615540104      7.273508157402191      1.099232902828756
                 250000      2.523686198598635    0.02471867506914132      5.906294209207717     0.8892330687931095
                 251000      2.683370934924566    0.02468479974495284      8.200522174913131      1.216040929147648
                 252000      2.689349634852452    0.02465350211312396      8.561865932331735      1.257892550877729
                 253000      2.406501757932676    0.02462622052970711      2.210239214428803   -0.09743206023915248
                 254000      2.560388262050239    0.02458358438822373      5.974377362199403     0.8952142419042447
                 255000      2.639212329815785    0.02454683125924961      7.705557798838022      1.148180071294727
                 256000      2.686352318262615    0.02451661251813479       8.70066978511926       1.26840639700564
                 257000      2.604524527286147    0.02447777738668454      7.219732568528184      1.080239010121162
                 258000      2.463640358833639    0.02443814956343261      4.584607590448128     0.6245053723093317
                 259000      2.200600438711379    0.02443338824741548     0.3424972492414385     -1.969885647217325
                 260000      2.564683040549892    0.02439278362310485      6.176210226128781     0.9206476245299706
                 261000      2.677306752542297    0.02436201516830068      8.594088097784129      1.249755138057361
                 262000      2.564118959215414    0.02432220588645779      6.317012308293426     0.9402915536851421
                 263000      2.697496574216759    0.02429389460883799      8.956546168178479      1.288265186262347
                 264000      2.661699037875079    0.02426196479116427      8.438328692911014      1.227349593764885
                 265000      2.661372969168141    0.02423144902655154      8.688224088898728      1.255275329592564
                 266000      2.621402161358581    0.02419641873458431      7.812881458839847      1.147633914417338
                 267000      1.833027708757301    0.02418776676660056      0.707988759519139     -1.253824624182665
                 268000      2.413519468724168    0.02416309576168873      2.383222901625747   -0.04106432955058972
                 269000      2.685551697253285    0.02413689278982602      9.324921445995779      1.322087470389319
                 270000       2.50914470887073    0.02409913727824994      5.554627588624274     0.8024628601433256
                 271000       2.66652731845472    0.02407188849611865      9.191775082982662      1.305009216464161
                 272000      2.726909171173778    0.02403544569036769      7.006250165755226      1.031987713837968
                 273000      2.586156130964209    0.02399874573457792      6.638658897638923     0.9765669755427843
                 274000      2.695509769816578    0.02397419673303886      9.617561113830376      1.346224263693538
                 275000      2.701575534875102    0.02394943383405823      9.640040782392434      1.347525461011021
                 276000      2.405076003906606    0.02392850656783102      2.154998191739414     -0.151484186158754
                 277000      1.623440269139304    0.02392701540258483     0.1283255444968826     -2.972521317514774
                 278000      2.398777789682617    0.02390657932550471      2.104033765888791    -0.1763345124098686
                 279000      1.773290613035537    0.02390203296416415      0.402218596984424     -1.831140610201349
                 280000      2.553596031928218    0.02386626662127752      5.954567934592232     0.8622801063683356
                 281000      2.497324710699059    0.02383134621050791      5.389564053567981     0.7611217206011741
                 282000      2.468633014552887     0.0237983507074422      4.632815608299819     0.6084365240568593
                 283000      2.273112449345163    0.02379448422749303     0.3505145976155031     -1.973243688950385
                 284000      2.259997072363575     0.0237905221353373     0.3597324582699581      -1.94745198575995
                 285000      2.483992643007797    0.02375633014012997      5.341911533551189     0.7490880189635276
                 286000      2.509493748931422    0.02372188294518178       5.88801104354739     0.8449716479587315
                 287000      2.313488394785722    0.02371676884746916     0.4783928641974057     -1.665485210399461
                 288000      2.546869020654042    0.02368260960912714      6.027387783006081     0.8667101582077088
                 289000      2.032895130733505    0.02367474767637731     0.7618868903461715     -1.201892753194924
                 290000      2.068118526405082    0.02366794653991432     0.6539570443433216     -1.354936507274098
                 291000      2.753212272353332    0.02363954659466593      3.713240942500589      0.380481515236031
                 292000      2.680671175783473    0.02361575703467774      9.546253666591195      1.323718389284745
                 293000      2.619864255202073    0.02358372014864694      7.457817523905348      1.075474901856634
                 294000      2.475991095171097    0.02355169005358871      5.143495593497788     0.7025859450247708
                 295000      2.590845058805648    0.02351904763707452      6.660237718478244     0.9596212457480395
                 296000      2.713798827612517    0.02349111942210395      8.628554852993719      1.217354925448176
                 297000      2.509587957664658    0.02345893187229877      5.947261475097829     0.8438376075477072
                 298000      2.349848733523676    0.02345052312156577     0.8854318799354139     -1.061131512703161
                 299000      2.342827362266668    0.02344265337646327     0.8258301398482573     -1.131153573703733
                 300000      2.489127488840314    0.02341091883529547      5.854514512264027     0.8260710433283925
                 301000      2.646480130171199    0.02338282169033581      8.415261061822035      1.187703925299969
                 302000      1.917707012531112     0.0233767817843969     0.6374011996485897     -1.392957258785686
                 303000      2.467393730197024    0.02334674934808838      5.017268691827161     0.6689988983291074
                 304000      2.475019675172767    0.02331607714948504      5.564799029841128     0.7712594376595578
                 305000      2.137447741562037    0.02331152938625855     0.4821133237381512     -1.674972581666594
                 306000      1.812627217613962    0.02330610516940854     0.5803021046539266     -1.489835652489154
                 307000      2.394380247718101    0.02329044604139374      1.882974790863032     -0.313448465048778
                 308000      1.645213912073908    0.02328898733976192     0.1512846445130694     -2.834956113413424
                 309000      1.564583901536358    0.02328813676592278    0.08778612736239257     -3.379252276520352
                 310000      2.255929635017058     0.0232847735874819     0.3548334270947514     -1.982651728446296
                 311000      2.139088002810235    0.02327998903312259     0.5117729025670184     -1.616624712458449
                 312000      2.112479987786913    0.02327495999091106     0.5397024361889283     -1.563703793432108
                 313000      1.762428246761816    0.02327143006623208     0.3739981434668244     -1.930622577008368
                 314000      1.661482152864185    0.02326967157839539     0.1835452162143451     -2.642487930481251
                 315000      2.158854738558521     0.0232650019966963     0.5005118305882316     -1.639518434068752
                 316000      2.526990865403762    0.02323470630601115      5.830536522136416     0.8144115840193028
                 317000      2.727504995834536    0.02320470283528423      6.864066800213777     0.9763104984291948
                 318000      2.456942834377327    0.02317701104427272      4.564107825466713     0.5670393788494279
                 319000      1.491944938428385    0.02317645619863403    0.05887710351092872     -3.783510616712078
                 320000      2.172987065661772    0.02317233027140083     0.4522047754499277     -1.745005814763213
                 321000      2.278520418252032    0.02316867432446134     0.3992669734187981     -1.869668420118135
                 322000      2.460638165272326    0.02314041485651366      4.913241570936032     0.6391700092132223
                 323000      2.355388368297109    0.02313134832985902      1.055621507011588    -0.8990260944804729
                 324000      2.579475827719954    0.02310194461499469      6.107395833339788      0.855072702702358
                 325000      2.665434997321676    0.02307684006643807      8.713364047861802      1.209342902370097
                 326000      2.557272734892202    0.02304798162244814       5.87085406253183     0.8132337576287068
                 327000      2.436085528720919    0.02302496524117854      3.499233018565604      0.294778317234448
                 328000      2.622767660045266    0.02299716056043076      7.442713499912479      1.048261692273503
                 329000      2.015861866982643    0.02299097970453498     0.7315749371105276     -1.271798230669939
                 330000      1.592644563072863    0.02298994555778257     0.1165029032247806     -3.109126677434853
                 331000      1.972225172260137    0.02298409394317732     0.6912785875668034     -1.328754523889538
                 332000      2.183376699432054    0.02298051252470797     0.4139287008023286     -1.841759527245935
                 333000      1.502149101157638    0.02297991740898599    0.06691770366415298     -3.664015601941194
                 334000      1.490665051585292    0.02297927513132482     0.0722602219136413     -3.587233315980779
                 335000      1.872282395752269     0.0229742201209991     0.5935882405063905     -1.481541237028389
                 336000      1.720216612294886    0.02297199373661947     0.2544880475752056     -2.328570160308363
                 337000      2.674246324239355    0.02294905424077793      9.135516931850983      1.251101940163642
                 338000      2.660530199787706    0.02292534434355532      8.927889131122296      1.227078463699028
                 339000      2.419489621135505    0.02290685280763635      2.683413745831888    0.02418132251784602
                 340000      2.005423620581352    0.02290062861187859     0.7611817642878965     -1.236063302117317
                 341000      2.112837788375494    0.02289599912133593     0.5573442415121338     -1.547954579890301
                 342000      1.422578981045483    0.02289566216901578    0.03893459829415582     -4.209269101890722
                 343000      2.045263878857463    0.02288954373746671     0.7492218373414927     -1.252384522579618
                 344000      1.984256497749526    0.02288312989157713     0.7890279863538839     -1.200898097207026
                 345000      1.722321233707507    0.02288069858305325     0.2873402653728819      -2.21113903555041
                 346000      1.913083939700487    0.02287543515429797     0.6406749188076919     -1.409514025752598
                 347000      2.182666137083093    0.02287161771335661     0.4582026939192156     -1.744891451145951
                 348000      2.105300820322111    0.02286666130025546     0.6025117058430468     -1.471312735862027
                 349000      2.058960328419908     0.0228606969850313     0.7337729954993306     -1.274480983674731
                 350000      1.736380842068008    0.02285778581593756     0.3473135838645049     -2.022579974220423
                 351000      1.946355825793445     0.0228517808371017     0.7405482945456201     -1.265679940508776
                 352000      1.898725082063111    0.02284641919985861     0.6574372297520655     -1.384956153685041
                 353000      1.689288433101132    0.02284442340914616     0.2366655070450469     -2.406745024220143
                 354000      2.681133877456003    0.02282486929147604      9.822366802858896      1.318168249638771
                 355000      2.645942437303361     0.0228016226261897      8.888137998524025      1.217204717624711
                 356000      2.490423504269476    0.02277470221803406      6.072955308490251     0.8351511637278439
                 357000      2.490059475633549    0.02274791382663652      6.224724137264024     0.8586580051119655
                 358000      2.402794305166105    0.02273274559374665      2.216447351999051    -0.1746325178654374
                 359000      2.627986309346501    0.02270808591809185      8.186856460092944      1.130906504261973
                 360000      2.726795746808735    0.02268194119659916      7.066407059242113     0.9825766590890926
                 361000      2.663591772696012    0.02266193621926954      9.666331614999681      1.294991016497516
                 362000      2.655540742852209    0.02264176064490206      9.642519902390154      1.291633930216292
                 363000      2.715389286185801    0.02261822193220566      8.549164162511895      1.170244818772404
                 364000      2.686071229468065    0.02260046487814906        10.268736757892      1.352729926922762
                 365000      1.987480565053094    0.02259455305930197     0.8102018711155733     -1.187107538835017
                 366000       1.58989999295663    0.02259360946649406     0.1226003763304552     -3.075502648804435
                 367000      2.044892035335753    0.02258778882064065     0.7980625621828928     -1.202503405518741
                 368000      1.521883645272003    0.02258720304612088    0.07594130286247756     -3.554755621067553
                 369000      1.709169003960474     0.0225850277820516      0.286696487485086     -2.226388520707795
                 370000      1.862297780777688    0.02258026803168571     0.6457576918741315     -1.414599068798733
                 371000      1.730263169997972    0.02257756977969025     0.3581365031782591     -2.004228707871571
                 372000      2.080887290979882    0.02257257387295847     0.6807644327067636     -1.362147884798618
                 373000      1.894669139049106    0.02256766881788334     0.6684143204427462      -1.38067332101578
                 374000      2.087826284866204    0.02256260539577591     0.6920197513880091     -1.346191436162559
                 375000      2.334688323079599    0.02255722478903653     0.7389535090779931     -1.280809428427007
                 376000      1.578274907721836    0.02255627755412477     0.1240350130025157     -3.065522541550546
                 377000      1.737856791711327    0.02255334279266945     0.3925291753740115     -1.913605680476066
                 378000      1.853686682666567    0.02254825873772273       0.69720755855976     -1.339358841181503
                 379000      2.694854987341548    0.02253072742215032      10.27064091980012      1.349824907509572
                 380000      2.421269389677775    0.02251369451559317      2.857404266656722    0.06969282061969041
                 381000      2.635680800040481    0.02249144171270167      8.851861780046967       1.19941811382734
                 382000      2.487664411397339    0.02246674604980485      6.063978694952572     0.8200578353644692
                 383000      2.709837753371493    0.02244632294784252      9.449675998483107      1.262762705079623
                 384000      2.309273586440025    0.02244269925656942     0.5099923299970689     -1.656738793673973
                 385000      2.436148360657036    0.02242311649203622      3.665015888451478     0.3145805212725648
                 386000      2.280095906283951     0.0224201725952995     0.4134687695972734     -1.867556740676102
                 387000       2.70629470210456    0.02240142260388655      9.916243924358202      1.308954116662737
