#! FIELDS time e sigma_e height
#! SET action OPES_METAD_state
#! SET biasfactor       4.240371756148875
#! SET epsilon    0.003891431002318289
#! SET kernel_cutoff        3.33135957893421
#! SET compression_threshold                       1
#! SET zed      0.1326961198198174
#! SET sum_weights        458.884148320439
#! SET sum_weights2        1149.74709556186
#! SET counter  388
                      0      2.500202453898789    0.03161333207325544      151.6214983455858
                      0      2.701046883118003    0.03278248326238289      321.9712275824888
                      0      2.643708334872238    0.03120417714360592      214.8602858528902
                      0      1.739163193439528    0.02809669082962075      3.942577779130427
                      0      1.939738450483695    0.03339542525685256      8.403962055077839
                      0      2.203402167484877    0.03201132634996592      2.709329144776025
                      0      1.685987035105686     0.0310927857898333      1.906848137434926
                      0      2.397648757603768    0.03117831850464717      33.26522151407042
                      0      2.453258809014055    0.03001393221393974       71.6802384300298
                      0      2.025376132123237     0.0335831232010226      11.40103184815658
                      0      1.849035273031663    0.03293383290541844      9.355817447701368
                      0      2.140929006559599     0.0331469959564045      7.986066338323186
                      0      1.627840970011081       0.03145315799639     0.6871423861675472
                      0      2.593311814012152    0.03176015294143427      102.3953670035311
                      0      2.269993921423368    0.02800314581493529       4.00841944055844
                      0      1.493471083591547    0.02693137403513437     0.3280904989336055
                      0      1.529615757611994     0.0268478215243006     0.1848616526825131
                      0      2.079889311758243    0.02937801570304411      6.618123658849504
                      0      2.553671130654233    0.02784211272288559      72.94763103884101
                      0       1.79474671179652    0.03048950492950078      3.217076748755826
                      0      1.581763705309857    0.02623128559400819     0.7332694094445873
                      0      2.331616777557644    0.02932712443666888      7.446545280925297
                      0      1.983047343061902    0.02525473641885837      4.052926437456885
                      0      1.900161920204784    0.02539973270973329      3.427654729153731
                      0      2.753212272353332    0.02363954659466593      3.713240942500589
                      0      1.422578981045483    0.02289566216901578    0.03893459829415582
