#! FIELDS time e sigma_e height logweight
#! SET action OPES_METAD_kernels
#! SET biasfactor       5.011348439085033
#! SET epsilon    0.001910020759284688
#! SET kernel_cutoff       3.538542402811424
#! SET compression_threshold                       1
                   1000      2.666002604137441    0.06321896844457647   0.006322704301097473     -5.011348439085033
                   2000       2.40825089386084    0.06305404047490903   0.006339242349656035     -5.011348439085033
                   3000      2.425708106712412    0.05510672728612251       1.05861835280591   -0.02810814405171241
                   4000      2.592582548818707    0.05456257881733893    0.05655745535179563      -2.96749453274017
                   5000      2.125820574090797    0.05449184529282195   0.007335314881474979     -5.011348439085033
                   6000       2.72947626165516    0.05399622565260592    0.05405683085302116     -3.023149776045552
                   7000      2.662436756728001    0.05163574703831384     0.3516793192967269     -1.195165900874516
                   8000       2.19606627451208    0.05142023638953631    0.02991118885645555     -3.663835422503822
                   9000       2.22236229306573    0.05036212475970921     0.1693169419731793     -1.951088086648113
                  10000      2.007297415016724    0.05027242375412055    0.01379737630346198     -4.460164698789175
                  11000      2.471250243539005    0.04971281761368714      2.487067344076384      0.723022480194939
                  12000      2.678857561721299     0.0478099203687416      0.801240136536884    -0.4487059860803362
                  13000      2.565747617719876    0.04600693350001194      1.055904421488996    -0.2111547775960448
                  14000      2.571293702209101     0.0444036893031192      1.921507243696625     0.3520878970058373
                  15000      2.468532797439489    0.04355853945878286      3.058466384293853     0.7976748145953325
                  16000      2.482765845402575    0.04292633875676276      3.854743824858109      1.014445584462978
                  17000      1.900404973756886    0.04291509932114376    0.01146246638512357     -4.803798206685038
                  18000      1.731198847212431    0.04290597006628446   0.009316065877964273     -5.011348439085033
                  19000      1.911064315492336    0.04287534253741989    0.03147001346686189     -3.794767807535889
                  20000      1.439920286855726    0.04286624299532768   0.009324699711589772     -5.011348439085033
                  21000      1.805459766256515    0.04284831214093539    0.01843694677481601     -4.330076958663259
                  22000      1.669153080975005    0.04283194096839901     0.0168579264763461     -4.419994772424911
                  23000      1.936681351877663    0.04275343179407593    0.08241910599595657     -2.834833094237629
                  24000      1.877166207543977    0.04263195978732175     0.1302607089047656     -2.379957744128669
                  25000      2.046842509548223    0.04258912402380167    0.04548621647939369     -3.433091579586122
                  26000      1.396955245414056    0.04256710405837111    0.02335006117219878     -4.100418487529629
                  27000      2.009855505275295    0.04243323474277872     0.1471155825671945      -2.26294939394099
                  28000      1.856486706123779    0.04219924653434842     0.2697840688153174     -1.662075581054781
                  29000      1.639816140643491    0.04216076181619326    0.04280324449361095     -3.503995961850216
                  30000      2.079891393462163    0.04201304243194486     0.1708000200497549      -2.12362633829089
                  31000      1.770949189933545    0.04190577094086475     0.1244732871702108     -2.442585160473231
                  32000      2.670124916515507     0.0410521240534728      1.525284734957383    0.04267911949708053
                  33000      2.650155814268294    0.04019068779548418      2.592271094288457      0.551825121556941
                  34000      2.354631149905813    0.03981819546921828     0.6615826730538757    -0.8231409068845156
                  35000      2.447376632153729     0.0400620649422753       5.81535603530216      1.356587324072067
                  36000      2.682987492482082    0.03931139785245216      2.908895042598229       0.64494323492364
                  37000       2.71616919101688    0.03865467948332233      2.579697924860415     0.5079955874810198
                  38000      2.673100776304611    0.03811016138656421      4.293605062531288       1.00326310837861
                  39000      2.150231478343496    0.03806425106271643     0.1295364249170414     -2.498862176780234
                  40000      2.645860201860802    0.03758774792293389      4.694171392056129      1.078655191728145
                  41000      2.637482504146803    0.03719510958548849      5.365404036291957      1.201804410560035
                  42000      2.531140678963329    0.03672755103848927      2.867944744381261     0.5627782769896027
                  43000      2.771410137824503    0.03655441584072298      0.757385156939427    -0.7734259279814056
                  44000        1.6311250764475    0.03653946544973254     0.0597203106022381     -3.314034745909562
                  45000      2.105976815133916    0.03649241576465705      0.192286628646116     -2.146008273120631
                  46000      1.956029561521302    0.03645150374019372     0.1675327730106938     -2.284938136833949
                  47000      2.639720637189146    0.03621886652887076      6.399497948263906      1.351455137380722
                  48000      2.320768901300725    0.03614426156859604     0.3537836206174613     -1.545896159601724
                  49000      2.126270781347235    0.03608903473132308     0.2607792870139818     -1.852436363120817
                  50000      1.789587618468659    0.03605620821305217     0.1536522444538316     -2.382328885075191
                  51000       2.07113732017195    0.03599109690369155       0.31337623981964     -1.671423728748929
                  52000      1.998327719624303    0.03594168959274527     0.2370847418761571     -1.951784311585099
                  53000       1.94097863619158    0.03588485687400141     0.2760476190683609     -1.801211065101815
                  54000      2.243239843195745    0.03585202750612914       0.15783148742733      -2.36117179189273
                  55000      2.531912101510304    0.03546463709761417      3.303834148690115     0.6692751569597332
                  56000      2.740531212073115    0.03518373281530238      1.940630806498499     0.1292523558470733
                  57000      2.675982797288248    0.03496662294497584      6.496287936242366      1.331280341166762
                  58000      2.742823687744458     0.0346753052606727      2.499050611054895     0.3675941115908538
                  59000      2.242067534532355    0.03464192849550758     0.2088545138964634     -2.115397182744399
                  60000      2.717094619585615    0.03432125716767771      4.550872517744916     0.9567393192072007
                  61000      2.563379724455864    0.03403708465548343      3.005735893921722     0.5336285209775873
                  62000      1.732960147641344    0.03402339116285185    0.09548167774742065     -2.916117204724648
                  63000      2.001240081456092    0.03398083076832237     0.3059107587614164     -1.753009855132128
                  64000      2.201646139790646    0.03394734396966524     0.2399189797536836      -1.99698794186068
                  65000      1.788359946211499    0.03392008415119672     0.1949986877611697     -2.205099720299863
                  66000      2.708574646976831    0.03366082243771393      5.479340849400133      1.122974870692572
                  67000       2.54833264787728     0.0333976081088861      3.391520324639508     0.6354180158930131
                  68000      2.567418274996863     0.0331400606138283      3.719919478568217     0.7201003013024359
                  69000      2.419388143610942    0.03293619249490363      2.405565823217435     0.2780127121574044
                  70000      2.583416447972101    0.03269551795047976      4.126496427283567      0.810322164804165
                  71000      2.633458494647396    0.03249452100215811      5.873228067227092      1.157131337312383
                  72000      2.658747311015412    0.03235157642395767      7.116856713063729      1.344784342860704
                  73000       2.60524513006439    0.03214190353446079      5.394541185720024      1.061203573411581
                  74000      2.698823900151775    0.03193821794555889      5.336441356389195       1.04401780335283
                  75000      2.674027882410065    0.03176874359232661      6.575948544754739      1.247557171314101
                  76000      2.675220012982215    0.03161140541241165      6.937963393207955      1.296181696282645
                  77000      2.760638237911676     0.0314887929921698      1.963025265934371    0.02977392857281238
                  78000      2.565022870171534    0.03131493421178021      3.668643225312783     0.6495724532375828
                  79000      2.633714554830943    0.03114984147516311       6.26222947944995      1.179000862502327
                  80000      2.496132814360794     0.0310149980812878      2.589892329928233     0.2917426377300193
                  81000       2.28821103339791    0.03100298000607138     0.1750682941181732     -2.402840362212286
                  82000      2.685333889962536    0.03086256987924971      7.009195224679801      1.282422447217565
                  83000      2.635692447203501    0.03072229786658908      7.006396199001098      1.277467618165671
                  84000      2.693764335308177    0.03057954904755785       6.84393309587537      1.249349471917952
                  85000      2.260425150287351    0.03056839147897751     0.1868694762559891     -2.351722939106541
                  86000      2.594412731275885    0.03041573204843276      4.555122372585553      0.836867809827701
                  87000      1.822464594411351    0.03040768006794478     0.1388151737018884     -2.654261268168204
                  88000      1.528808649467475    0.03040682415327063     0.0145870306983516     -4.907299953655079
                  89000      1.505807256795339    0.03040575546377706    0.01822232412754571     -4.684820483407671
                  90000      2.750018445731354    0.03028723189484986      2.795175668976745      0.344276627661238
                  91000      2.570893528587357    0.03014564325413154      4.212377152184505     0.7497229807261635
                  92000      2.645349276257268     0.0300371774728685       7.83221321510521      1.366336429741366
                  93000      2.533735295877741    0.02991545419030973      3.387267810411176       0.52405428800385
                  94000      2.462713699513586    0.02981609277125041      2.519541253646729     0.2247805541566022
                  95000      2.419290586562939    0.02973736183832559      1.878593977437397   -0.07141671995079542
                  96000      1.488196552800458    0.02973622677777908    0.02242925261631008     -4.499367754607366
                  97000      2.079674088411247    0.02972522206773226      0.221913167389818     -2.207817760441575
                  98000       2.16341956183311    0.02971686835839139     0.1678168807141412     -2.487511609251091
                  99000      1.894189798225727    0.02970920793926804     0.1538694552379079     -2.574538262162087
                 100000       2.00763878407666    0.02969792106737729     0.2287093464586921     -2.178570827614614
                 101000      2.216297971980721    0.02968694546507394     0.2226522639759421     -2.205781238621285
