#! FIELDS time e sigma_e height logweight
#! SET action OPES_METAD_kernels
#! SET biasfactor       5.011348439085033
#! SET epsilon    0.001910020759284688
#! SET kernel_cutoff       3.538542402811424
#! SET compression_threshold                       1
                   1000      2.691483394772983    0.06321896844457647   0.006322704301097473     -5.011348439085033
                   2000      2.421883567269306    0.06305404047490903   0.006339242349656035     -5.011348439085033
                   3000      2.454302561762477    0.05512570031285002     0.9816697676774662      -0.10322883709294
                   4000      2.632075114963395    0.05469374950056692     0.0427757325766609     -3.244379461121284
                   5000      2.696741638555332    0.05360997750853124     0.1198839508302458      -2.23384044445623
                   6000      2.578834491035661    0.05137383354793692     0.3293126836840246     -1.265963167558975
                   7000      2.532729298207612    0.04854852639935447      1.291796989643509    0.04425354408258588
                   8000      2.635381796234078    0.04673692481364913     0.6144916292286767    -0.7367700008905019
                   9000       2.69611986923475    0.04530683975984788     0.5729895109252929    -0.8377744210299993
                  10000      2.712339294818616    0.04382944872065354     0.9187544722192539    -0.3987749862873887
                  11000      2.719122509631033    0.04265468307030021      1.410429976985503   0.002687114158943992
                  12000      2.549326141384982    0.04158074468805745      1.223941269574663    -0.1646311696216179
                  13000      2.686436413459975    0.04083566499511295      1.826730274412236     0.2177389128295268
                  14000      1.732558053534787    0.04082224246784266   0.009791594472311038     -5.011348439085033
                  15000       1.82160960109248    0.04080691019823634    0.01120893899114105     -4.876536822353051
                  16000      1.959853006172071    0.04079348051253916   0.009828179811870176     -5.008323813553804
                  17000       1.67064062454081    0.04077070412299635    0.01674856800495084     -4.475823291531987
                  18000      2.133059806773705    0.04075735660894441   0.009807182726068885     -5.011348439085033
                  19000      2.239326157576079    0.04074269320090123    0.01079508396834524     -4.915732483163869
                  20000      1.879352299653524    0.04070642886728399    0.02694915473193643     -4.001761871246014
                  21000      2.031834890782926    0.04068096826239286    0.01892392653705354     -4.355912392617573
                  22000       1.95654336248936    0.04059388468248672    0.06641615392247978     -3.102542100666307
                  23000      2.012729836110686    0.04042086016546282     0.1380269119021813      -2.37530516883745
                  24000      1.843547835173836    0.04030014301423258    0.09623736460214931     -2.738927135828089
                  25000      2.179641831210107    0.04025208017640912    0.03775613239287464     -3.675790247278398
                  26000      1.588048844125722    0.04022874884940213    0.01825468710210865      -4.40309608109968
                  27000      1.756711171025688    0.04012091581076174    0.08749329088139435     -2.838639936799719
                  28000      1.811417460709961    0.03977409669149416     0.3206871211069082     -1.548418030498293
                  29000      2.530210464649002    0.04087070674764354      3.809376314374997     0.9535345065064521
                  30000      2.704254931888121    0.04116245667777398      4.490336028977549      1.125109571381306
                  31000      2.280707166741263    0.04113454008049264    0.03576552061319074     -3.708267363426681
                  32000      2.654873523966248     0.0407856736431542      4.651097676566994      1.151089572546449
                  33000      2.331241412441051    0.04069953818319235     0.1404135857836122     -2.351290843919537
                  34000      2.307437391945178    0.04056122181667537     0.2324422686661023     -1.850645471308022
                  35000      2.683781683761297    0.04105120890321907       7.26803891440039      1.603962227502895
                  36000      2.165822996363352    0.04102030079834014    0.06324591873801999     -3.141002155974427
                  37000      2.379370285285494      0.040839656876971     0.3922137204825145     -1.320639353051744
                  38000      2.457876811706837    0.04030886518433898      1.415054050945623   -0.05060540878739218
                  39000      2.379213096435225    0.04001452461114186     0.7413309413974516    -0.7044101975572095
                  40000      2.657321959104354    0.03966436869244701      6.804902122516653      1.503751961248305
                  41000      2.613463911229371    0.03895388993144926      4.379819646326841      1.045041621881187
                  42000      2.299923230635504     0.0388636947542331     0.2961103940580604     -1.651306985485551
                  43000      2.315880380116185    0.03872167542407357     0.4842945773022618      -1.16300695711633
                  44000      2.557239448950626    0.03818571601969939      2.643214132387686     0.5201126083032583
                  45000      2.376454510636418    0.03798436790013135     0.7903297215653684    -0.6924749097063984
                  46000      2.626732940492992    0.03745491906606833      5.181386427123567      1.173866159827605
                  47000      2.676391468168271    0.03705565225886484      6.574778606519849      1.401317240963185
                  48000      2.509840565439541    0.03671270119254533      2.092250821283788     0.2470186489736987
                  49000      2.797090397974435    0.03663936436277759     0.3688150626776701     -1.490681316476355
                  50000       2.33831950194751    0.03650163381530919     0.7336686917015062    -0.8066852665432467
                  51000      2.491574974807035    0.03617485458100716      2.188857092492703     0.2773992224418072
                  52000      2.488403756584591    0.03583620757540155      2.505503211367494     0.4031038020113178
                  53000      2.658596934472095    0.03552900403635968      6.763819025434662      1.387592490917508
                  54000      2.795411069335848    0.03546311272711453     0.4168884973212264     -1.400787969520222
                  55000      2.562185405799173    0.03513713242893238      3.008075358500841     0.5662143714887353
                  56000      2.672237878812989    0.03486752900028677      7.099598888775906      1.417249720669362
                  57000       2.67285520396781    0.03461667365649789      7.524915104212891      1.468210430091995
                  58000      2.682814628688257    0.03436526003367771      7.669342094969493      1.479932444434791
                  59000      2.503691484636604    0.03413406174090557      2.605794927353481     0.3936889846625847
                  60000      2.455173365735953    0.03396840239968338      1.734990399503622   -0.01791193094077223
                  61000      2.519963763857933    0.03372629014130885      3.112587616768206     0.5593875052463365
                  62000       2.65450035869226    0.03349765568587339      7.563769965036657      1.440500633153537
                  63000      2.132433697788308    0.03349347712365805    0.04145569937353755     -3.766123761965058
                  64000      1.769505907923107    0.03348279228821936     0.1067717286825934     -2.820375018607797
                  65000      1.926471932728582    0.03347800956241012    0.04757457904168211     -3.628912484057488
                  66000      1.887916892703797    0.03347033549943056    0.07661038227185175      -3.15270769578724
                  67000       2.06374161856815    0.03346562381175761    0.04694384492377088     -3.642628985578615
                  68000      1.647217369357417    0.03346341272016035    0.02198794060473698     -4.401153008082422
                  69000      1.879903318629161    0.03345196432879596     0.1149642265610767      -2.74736832543753
                  70000      1.878076173655644    0.03343724224034648     0.1485786910668552     -2.491314801211477
                  71000      1.501785584579788    0.03343595498617325    0.01283833494255034     -4.940032411155022
                  72000      2.100109179481476    0.03343042191162432    0.05543272345472257       -3.4774634246525
                  73000      1.463069317958437    0.03342886765950842    0.01551971800670395     -4.750568668413022
                  74000      1.870361940743825    0.03340742571493658     0.2186470405441498     -2.105862896499202
                  75000      1.843673240710144    0.03338149631003107     0.2664992860649359     -1.908726532759969
                  76000      2.305844132416333    0.03332585924116332     0.5939649082511926     -1.108945951191704
                  77000      2.576709154410763    0.03308859048548141      3.821006426384984     0.7453578127377745
                  78000      2.432609924899082    0.03296122211204813      1.598199245114409    -0.1301352556027461
                  79000      2.545618774729598    0.03272701461485237      4.376504344081727     0.8701066204126958
                  80000      2.543527831819637    0.03249690416173768      4.869715231384676     0.9698357273509827
                  81000      2.628457028510136    0.03230051602773787      7.303836942672165      1.369138462625614
                  82000      2.313307922686681    0.03224811849306103     0.7022230257818673    -0.9743890868511591
