#! FIELDS time e sigma_e height
#! SET action OPES_METAD_state
#! SET biasfactor       5.011348439085033
#! SET epsilon    0.001910020759284688
#! SET kernel_cutoff       3.538542402811424
#! SET compression_threshold                       1
#! SET zed      0.1184595081989566
#! SET sum_weights       86.20766037732169
#! SET sum_weights2       254.8209967544714
#! SET counter  83
                      0      2.672979400416092    0.04097643123717493      71.92297667889001
                      0      2.480712739540695    0.04262934210390903      11.43820869169005
                      0      2.544787540755424    0.04101443945533965       30.5777811880691
                      0      1.762246981027232    0.03794423388146349     0.2040566140362988
                      0      1.830311109679817     0.0419276502013939     0.7215818654970709
                      0      1.945251809305134    0.04083448758489595     0.1238189127760321
                      0      1.657344920766071    0.03858747275980326    0.03873650860968782
                      0      2.158048747047304    0.04327446144667688     0.1522649332305011
                      0      2.239326157576079    0.04074269320090123    0.01079508396834524
                      0      2.015033376854394    0.04092789281994167     0.1569508384392349
                      0      1.588048844125722    0.04022874884940213    0.01825468710210865
                      0      2.316783360309783    0.03868424171659644      3.218882972157794
                      0      2.378111911898058    0.03939075294645771      1.923874383445334
                      0      2.624033659070411    0.03628539093997121      16.86504301612257
                      0      2.796199358620292    0.03602978643572189     0.7857035599988965
                      0      1.876782801788943    0.03396101923679589     0.5588003404439335
                      0       2.06374161856815    0.03346562381175761    0.04694384492377088
                      0      1.501785584579788    0.03343595498617325    0.01283833494255034
                      0      2.100109179481476    0.03343042191162432    0.05543272345472257
                      0      1.463069317958437    0.03342886765950842    0.01551971800670395
                      0      2.432609924899082    0.03296122211204813      1.598199245114409
