#! FIELDS time e sigma_e height
#! SET action OPES_METAD_state
#! SET biasfactor       4.240371756148875
#! SET epsilon    0.003891431002318289
#! SET kernel_cutoff        3.33135957893421
#! SET compression_threshold                       1
#! SET zed      0.1385113078900126
#! SET sum_weights       290.3857250826557
#! SET sum_weights2       957.7060331521889
#! SET counter  244
                      0      2.677504166276974    0.03591646547627432      247.8077310856776
                      0      1.886626406488776    0.03408497540310706      1.411010588826465
                      0      2.132108148418287    0.03505365382389022      1.360304039148703
                      0      2.561435759304461    0.03964546034135988      47.90693264882208
                      0      2.351540054922933    0.03618969157397812      7.589879310021432
                      0      2.725938911113386    0.03377288054030406      82.98424763635228
                      0      2.504448629222102    0.03375216389874571      62.41257083166107
                      0      2.192912800605078    0.03344716249631086      1.123485134274374
                      0      2.448519262173495    0.03461282009541025      23.53957862811587
                      0      1.731052751925921    0.03468960555801755     0.6130516211393426
                      0      2.062829545959326    0.03888010675029204      2.957377605333531
                      0      1.936163445778758     0.0332492284915519      2.349367780223193
                      0      1.667500296928736     0.0325562453655585      0.343623035740502
                      0      2.265303704862406    0.03074747358076608      1.456660862184587
                      0      1.533100105852183    0.03163564343003955    0.02731520873200664
                      0      1.790244561218362    0.03133360561484815      1.520548389054349
                      0      1.595351833198225    0.03053394658979454     0.1326754181496193
                      0      1.986387416866899     0.0294742015926103     0.5037285326905239
                      0      1.839280789154438    0.03079433257368368     0.8162901402905052
                      0      2.309194696020037      0.028966441414232      1.522150770651068
                      0      2.635836280422004    0.03054254140198253      82.85344986354863
                      0      1.388171848024107    0.02965362365091955    0.02914093109953084
                      0      2.399373422143548    0.02761465306741428      1.067503261964867
                      0      2.790644068543435    0.02603279688076676     0.9091686219197924
