#! FIELDS time e sigma_e height logweight
#! SET action OPES_METAD_kernels
#! SET biasfactor       5.011348439085033
#! SET epsilon    0.001910020759284688
#! SET kernel_cutoff       3.538542402811424
#! SET compression_threshold                       1
                   1000      2.688587651694045    0.06321896844457647   0.006322704301097473     -5.011348439085033
                   2000      2.252061054934531    0.06305404047490903   0.006339242349656035     -5.011348439085033
                   3000      2.472078358964069    0.06280799411770339   0.009620671667876123     -4.598103398777641
                   4000      2.341029404808573    0.05586021361009189     0.5775349035324119    -0.6204785770817786
                   5000      2.677484291179173    0.05499064663997457    0.07137652085299705     -2.726967755853101
                   6000      2.507899277598444     0.0536151616716504     0.1295435366768887     -2.156250930923072
                   7000      1.968353646141279    0.05353405088862811   0.007466553288243276     -5.011348439085033
                   8000      1.798087569204203    0.05344772912836793   0.008005587552750937     -4.943255948565779
                   9000      1.527821370226158    0.05336750549212355   0.007489854360055531     -5.011348439085033
                  10000      1.815666040999456      0.052291338341329     0.1141446866981365     -2.307802273510563
                  11000      2.054723713449706     0.0519205151994527    0.03975600641612237      -3.36962491141651
                  12000      1.974650278836053    0.05012165432580721     0.2511690689123531     -1.561520410720653
                  13000      1.662539535034481    0.04985025465102391    0.03558473174694967     -3.521159574115427
                  14000      2.093430831490387     0.0477338464517472     0.4413160112798019     -1.046697928023579
                  15000      1.856835780108189    0.04573534872843905     0.7391811292857163    -0.5736853557075249
                  16000      2.495104071831472    0.04415073037552313     0.7741403598788321    -0.5627371705824639
                  17000      2.724702611987008     0.0433405938467794     0.2929721425945169     -1.552932615113669
                  18000      2.592630126502641    0.04228613781721985     0.5267564715978713     -0.990902181528968
                  19000      2.706108789321083    0.04151920003509602      1.264623540133976    -0.1334141093707799
                  20000      2.672391935368957    0.04262757700401855      2.626549430199824       0.62382781015931
                  21000      2.532238234227566    0.04155775912290764      1.423933119429175   -0.01383747133401013
                  22000      2.689623478334763    0.04274137204293921      4.176110916502203      1.090203199927278
                  23000      2.749249241968764    0.04169223831869105      2.624021221351116     0.6006783762660804
                  24000      2.527139428421542    0.04079630010458919      1.720418658692265     0.1568144987882577
                  25000       2.44609599095956    0.04028612431717472     0.8121352110925182    -0.6064258988641386
                  26000      2.367826492564393    0.03992920340387287     0.5607121520383539    -0.9857841942714245
                  27000      2.495606490130698    0.03919200108143647      2.337167795226526     0.4230679620990273
                  28000      2.566118080177665    0.03853159371895124      2.094326292744505     0.2963658816413722
                  29000      2.668001362161373     0.0380990846961739      3.636802449731267     0.8369505436106925
                  30000      2.634330084855034    0.03757632479184804      3.198798220468641     0.6948048132267692
                  31000      2.697373663769713    0.03723764414216304      4.242884562731175     0.9682189860260644
                  32000      2.420125899860576     0.0369847494009261     0.8065246860182831    -0.6988596859592441
                  33000      2.680841096282714    0.03677165861205132      5.005157265633202      1.120851673804503
                  34000      2.683207286673165    0.03656952254116713      5.498815112860237      1.209403248832767
                  35000      2.455642151715685    0.03627938376716331      1.318296843153882    -0.2267542894441764
                  36000      2.684614096802576    0.03607144309367834      5.829936602688147      1.254163066013715
                  37000      2.632752796625505    0.03566175092686296      3.722223655259042     0.7940553960822454
                  38000      2.510636293762556    0.03536458948931101       1.84994235295003    0.08652093841185413
                  39000      2.622857773788735    0.03499912802397286      3.481573563154206     0.7084629502631967
                  40000      2.454725735848213    0.03477078001826763      1.482279278683033    -0.1519862265220621
                  41000      2.494512179482637    0.03449162806730163      2.134518019823211     0.2046129370070325
                  42000      2.500497315716178    0.03420386539771437      2.481585670681596     0.3468918379825897
                  43000      1.833697503572313    0.03415777001924047     0.2758990831890472     -1.851074596647005
                  44000      1.432134996872413    0.03415559541208962    0.01256347267910373     -4.940379810510153
                  45000      2.081926171434685    0.03412207816397467     0.1994806366622372     -2.176438040651158
                  46000      1.891926672925166    0.03407577495845551     0.2804372332830765     -1.837163188490923
                  47000       2.22162370274998    0.03406951207392562    0.03672265672321989     -3.870303016930507
                  48000      2.631556909280281    0.03379358310989821      4.468291313762546     0.9229324525416288
                  49000       2.73913051380199    0.03352376274825712      2.910699708899386     0.4863034629916649
                  50000      2.655711710093165     0.0333387069665524      5.751014854611768      1.161750866791492
                  51000      2.486955897362014    0.03310970183269854       2.47349254419685     0.3111129213501183
                  52000      2.533786940675029    0.03289369236789986      2.383924859969333     0.2676845860650567
                  53000      2.748523931046763    0.03268398257701309      2.420663739980482     0.2765823415082478
                  54000      2.684553975489666    0.03251666848832593      5.807157575198904      1.146499493611124
                  55000      2.656115249093735    0.03235495880341641      6.013621882829205      1.176449942782948
                  56000      2.158054164741517    0.03234609602493919    0.08071829227527499     -3.134641287162686
                  57000      2.641407916626333     0.0321770949808608      5.968554453905675      1.163415064271574
                  58000      2.551993139996571    0.03201670597359046      2.095960637244926     0.1119252523675947
                  59000      2.616215318630202    0.03181462986029228      4.506384519572348     0.8710768536523867
                  60000      2.571274405844916    0.03165075911456979      2.439483236660559     0.2522037993639518
                  61000      2.578109437892921    0.03147822298037222      2.851341102906953     0.4027408565958073
                  62000      2.519456373248745     0.0313094795245276      2.912803894599527     0.4186925046216852
                  63000      2.543940011744532    0.03114278263273718      3.048340462248091     0.4588352907810488
                  64000      2.776896675914259    0.03105380855361733       1.23279575603128    -0.4493385401594865
                  65000      2.389711699744526    0.03101299539440266     0.5179443593597762     -1.317825696163657
                  66000      2.706450958916025    0.03085192895885961      5.019388996623174     0.9481629256798728
                  67000      2.417273725645959    0.03078542203224115     0.9397787341510873    -0.7294141155583762
                  68000      2.283256415795438    0.03077598958277638     0.1205073473925985     -2.783654288955308
                  69000      2.708917210388884     0.0306314848900352      5.530099731374801      1.037889685716233
                  70000      2.398339587164777    0.03057516759908242     0.8269734512942132    -0.8641390859903992
                  71000      2.530834043664386    0.03042495728116869      3.440481588659881     0.5565301308705901
                  72000      2.322552850262622    0.03040338901873805     0.3072742834018479     -1.859804978134641
                  73000       2.66979239460759    0.03033621859136663      7.447571738870489       1.32588580766979
                  74000      1.865127067642609    0.03031496067025764     0.3187897434969485     -1.825926724869752
                  75000      2.103743273580976    0.03030292339023116      0.177943469859155     -2.409389737026833
                  76000      1.327790447278731    0.03030201190919442    0.01322792957946864     -5.008555259740779
