#! FIELDS time e sigma_e height
#! SET action OPES_METAD_state
#! SET biasfactor       5.011348439085033
#! SET epsilon    0.001910020759284688
#! SET kernel_cutoff       3.538542402811424
#! SET compression_threshold                       1
#! SET zed      0.1518903006556145
#! SET sum_weights       87.70633656433107
#! SET sum_weights2       192.8972376811749
#! SET counter  77
                      0      2.686874853630283    0.03800488133535301      56.45576929029601
                      0      2.226104456180134    0.04112725741213401    0.04306189907287593
                      0      2.512443177028769    0.03910406776522923      24.07157307245199
                      0      2.376320727304343    0.04585330473373358      2.483164866224755
                      0      1.974468501310003    0.05023448176180161     0.2586356222005963
                      0      1.857371652791596    0.04526078483812011      1.736457463505676
                      0      1.527821370226158    0.05336750549212355   0.007489854360055531
                      0      2.091102614086761    0.04328693092750168     0.8584961242173165
                      0      1.662539535034481    0.04985025465102391    0.03558473174694967
                      0      2.563324312776303    0.03617548934900822      13.05620820340291
                      0      2.749562179473385    0.03739375167265893      9.188180426262264
                      0      2.441868403052596    0.03935133302139868      5.359014753098803
                      0      2.638544045711597    0.03639266158925005      37.11046246356344
                      0      1.432134996872413    0.03415559541208962    0.01256347267910373
                      0      2.158054164741517    0.03234609602493919    0.08071829227527499
                      0      2.283256415795438    0.03077598958277638     0.1205073473925985
                      0      2.322552850262622    0.03040338901873805     0.3072742834018479
                      0      1.327790447278731    0.03030201190919442    0.01322792957946864
