#! FIELDS time e sigma_e height logweight
#! SET action OPES_METAD_kernels
#! SET biasfactor       5.011348439085033
#! SET epsilon    0.001910020759284688
#! SET kernel_cutoff       3.538542402811424
#! SET compression_threshold                       1
                   1000      2.714698092998032    0.06321896844457647   0.006322704301097473     -5.011348439085033
                   2000      2.511723341450864    0.06282320028336452    0.01544252238199398     -4.124650506726049
                   3000      1.933708650996108    0.06266187591897994   0.006378916012860663     -5.011348439085033
                   4000      2.122430699323279    0.06217218420733977    0.02002594507821083     -3.875163453963742
                   5000      2.654599872169333    0.05564258497500756     0.5460451895679441    -0.6804492791990754
                   6000      2.760460111808486    0.05127302338908626      0.793588554402775    -0.3883699537110442
                   7000      2.458311180327283    0.05067768812873261    0.08248514372253049     -2.663995902791028
                   8000      2.297806771857152     0.0505413446816363    0.01874089316656016     -4.148600196669694
                   9000      2.562737031062481    0.04785196272904547     0.8169231918374815    -0.4284426277739151
                  10000      2.571337122124528    0.04815923896472329      2.529143852536466      0.708049283689007
                  11000      1.847460142302378    0.04810713411787863    0.01702113640501009     -4.294213466913308
                  12000       2.01990540752216    0.04800060054683411    0.03529074353961787     -3.567265612103077
                  13000      2.647508732782261    0.04622128077797258      2.397485570291904     0.6135162618208162
                  14000       2.41289802016557    0.04591301867959389     0.1590663775497446      -2.10602954901914
                  15000      2.519450716481385    0.04437529329473499       2.37655585958096     0.5639906167844555
                  16000      2.300086017472731    0.04427517984028746    0.06854532043520181     -2.984180456959109
                  17000      2.538608393166298    0.04346774782203645      3.587159977520118     0.9550354683078883
                  18000      2.366416338846896    0.04325586856734838     0.2036407878387078     -1.918609329804503
                  19000      2.360522875289118    0.04286305603738108     0.4100078247342644     -1.227913306681396
