#! FIELDS time e sigma_e height logweight
#! SET action OPES_METAD_kernels
#! SET biasfactor       2.698418390276557
#! SET epsilon     0.01374333274381851
#! SET kernel_cutoff       2.928208142815685
#! SET compression_threshold                       1
                   1000      2.509022353966556    0.06053155025577301    0.06672079877255445     -2.698418390276557
                   2000      2.607712278377245    0.05501074269739365     0.4764157609058253    -0.8282804329943224
                   3000      2.453956536935879     0.0519649543548145     0.3614032490908793     -1.161535936139568
                   4000      2.665660653612933     0.0488314512508952     0.8907635684628352      -0.32164620609794
                   5000      2.607554979563508    0.04691276781099085      1.365243377389721    0.06527802215454588
                   6000      1.879233939092644    0.04658780952939103     0.0866903472132185     -2.698418390276557
                   7000      2.718487260818757    0.04485852841710959     0.9138209211775767    -0.3809514929809417
                   8000      2.692713445783931    0.04380808672522833      1.747367176947632     0.2435840513163875
                   9000      2.704965047301568    0.04305695384837469      2.218228359881823     0.4648880263807173
                  10000      2.487325011949412    0.04235948340145194     0.5289800363478663    -0.9849568233052001
                  11000      2.515931970679886    0.04149487791744751     0.8366172698962213    -0.5471631435107605
                  12000      2.661775841148487    0.04078762791062233      2.245886809396029     0.4231346942348621
                  13000      2.684578608000161    0.04019317126738274      2.576110586540697     0.5456332868813125
                  14000      2.661271227356071    0.03955615502545867      2.586416685359067     0.5336501449156336
                  15000      2.527392325901197     0.0390654546659593     0.8293468193078511    -0.6162228508375368
                  16000      2.652527426964315    0.03847844441907371      2.533343191371857     0.4852934870061177
                  17000      2.452180777247997    0.03814519299103295     0.6365041501472902    -0.9047091560300449
                  18000      2.024358333616311    0.03808205651829577     0.1060529223800158     -2.698418390276557
                  19000      2.457734878053646    0.03764155630856083      1.016480415395771    -0.4498898139639066
                  20000      2.730121319421132    0.03711723500644475      2.055349842546522     0.2401829280896733
                  21000      2.211489165177221    0.03706265121329514     0.1089698996643129     -2.698418390276557
                  22000      2.572442823041122    0.03664544443293016      1.230898690658909    -0.2853108954462211
                  23000      2.414366242461847    0.03635223789410078       0.78040038155529    -0.7490369762734991
                  24000      2.353611328393428    0.03622180042024056     0.3097994733091283     -1.676513454199863
                  25000      2.554581270694039     0.0358136725601783      1.591161878659881   -0.05155033597143194
                  26000      2.733957856043124    0.03546129936011855      2.610225886137368     0.4335341447364321
                  27000      2.647886463268779    0.03523688634281948      3.365276604714327     0.6812590394045284
                  28000       2.45849058501526    0.03491241736895876      1.463026524136504    -0.1609947459204331
                  29000      2.644077326264213    0.03470485989731722      3.548023391002415     0.7189258267562812
                  30000      2.726217750731915    0.03440523725160318      2.946149482389139       0.52436329380576
                  31000      2.231575055423709    0.03435646202851159     0.1828456093459957     -2.256667585148015
                  32000       2.53961255841976    0.03407129552369086      1.655155718671126    -0.0619942116873387
                  33000      2.481151861176066    0.03379037795065417      1.807497617136102    0.01777488045245312
                  34000      2.744195088231659    0.03351293239721671      2.539701406303816     0.3496333613687821
                  35000      2.506734269191425    0.03324940607851746      2.071906889522789     0.1381617283185187
                  36000       1.86975637456152    0.03321142770115718     0.1769038050658629     -2.323599706007522
                  37000      2.629723026699524    0.03299140214994951      3.224124795272383     0.5725639564933543
                  38000      2.395358954733462     0.0328550847265761     0.7938841623770249    -0.8330557626634616
                  39000      2.553002897548311    0.03262035358099508       2.13233936506529     0.1478115448010789
                  40000      2.559951258306997    0.03239278042677394      2.407705609098524     0.2622652740275927
                  41000      2.163555202390381    0.03236270216696027     0.1683624981616971     -2.398973867188616
                  42000      1.931126218296439    0.03233067910513461     0.1805292847989491     -2.330190237003936
                  43000      1.698141478653209    0.03230832212786633     0.1250053583105375     -2.698418390276557
                  44000      2.366417890994126    0.03219760922002761     0.7173774066824417    -0.9546055679670011
                  45000       2.32130408727978    0.03212607293812358     0.4398323014337151     -1.446038378537055
                  46000      1.973589418903451    0.03208868444791744      0.220448244393722     -2.137933434591821
                  47000      1.796112629501643    0.03206192229383776     0.1562918131708922     -2.482705879450917
                  48000       1.72737626343629    0.03202614771285535     0.2125097547855057     -2.176559263851493
                  49000      1.817046851614033    0.03197738611042283     0.2970774752130852     -1.843077908184528
                  50000       2.03211153524902    0.03193656178043827     0.2475805901589184     -2.026612204598755
                  51000      2.059829691928748    0.03188610024480704     0.3127071923118799     -1.794662390496954
                  52000      1.869243513898889    0.03182447040721234     0.3923267213746824     -1.569769372138695
                  53000      2.484462794770943     0.0316421509404665      3.020880966793487     0.4656940597564288
                  54000      2.404361725462646    0.03147659094957678      1.524232001880587    -0.2236097592336982
                  55000      2.630805318978218    0.03142915410064307      4.555328639738837      0.869689051807462
                  56000       2.44873649645045    0.03124676154334903      2.621652561221209     0.3113760454699103
                  57000      2.617158867776975    0.03117170433651371      4.535534743085011     0.8571092001065278
                  58000      2.428063479807651    0.03099839086982634      2.468249336982837     0.2430998623819199
                  59000      2.695098224901572    0.03091502309965844      4.604588449785166     0.8639509834043225
                  60000      2.615075128147084    0.03082740566690106      4.703371475480149     0.8823391132676117
                  61000      2.663739113613439    0.03081945147524635       5.73653143837014      1.080656218474906
                  62000      2.514934086877623     0.0306568011660486      2.943398430577775     0.4080748158420937
                  63000      2.313828906481239    0.03061039046441616     0.4729957043999546     -1.421674025378066
                  64000      2.500844535795588    0.03045644688005545      3.377353838310297     0.5390456445272536
                  65000      2.650223677016259    0.03043031836459003      5.892283965032348       1.09473855628164
                  66000      2.649297773527284    0.03040280826481108      6.142899063888058      1.135487210024348
                  67000      2.411554687420708    0.03027577185967631      1.997006814951677   0.007652688866799088
                  68000      2.574075150686576    0.03012950561486593       3.41059359741621     0.5380467340187641
                  69000      2.587233906568978    0.02999440505363213      4.085391483038738      0.714083861836202
                  70000      2.387680734282926    0.02989283080190121      1.608475077426105    -0.2214393098054844
                  71000       2.40950011526451    0.02977184645544683       2.23130393216716     0.1018047724477412
                  72000      2.659234422103331    0.02971917758408774      6.029602473376543      1.094129068860338
                  73000      2.514462973800302    0.02958880416358689      3.187062861392121     0.4521512493970726
                  74000      2.728762687138452    0.02946222994004112       3.12607850607886     0.4285438853639987
                  75000      2.489798209096104    0.02933770963368056      3.407852926572317     0.5106115972046116
                  76000       2.52021709257103    0.02921625864081626      3.536335330842381     0.5434717685246947
                  77000      2.715210906875531    0.02909917478087504      3.896316454888572      0.636396861576803
                  78000      2.662549218215617     0.0290347200304956      5.937742685472666      1.055476835940294
                  79000      2.516498848859324    0.02892058089003372       3.70459983876414     0.5797841681508263
                  80000      2.528441059006235    0.02880919187373395      3.777001157053486     0.5952802863529887
                  81000       2.72034342253375    0.02870037429718707       3.81275943164093     0.6009187894341844
                  82000      2.409152067224967    0.02861370285348568      2.065634986309139   -0.01502115981869487
                  83000      2.705431480093246    0.02851577988708108      4.606066034570371     0.7834871900137526
                  84000      2.679414019574467    0.02843988960905923      5.616653146273539     0.9791841221031136
                  85000      2.510992338052835    0.02833926513813094      3.981378653417526     0.6315318961505744
                  86000      2.525271045422721    0.02824082279742218       4.02523262378877     0.6390066897951584
                  87000      2.494837078030745    0.02814531276037818      4.241494792932984     0.6879520217163141
                  88000      2.577776540828855    0.02805101717414085      3.496370579806238     0.4914057852461553
                  89000      2.670037919850329      0.027982276709984      5.808189819064856     0.9964957322309657
                  90000      2.681539386281661    0.02791076564589713      5.730679278066716     0.9805019889786878
                  91000      2.625465300010355    0.02782907685102879      5.165980420831463     0.8738317464249907
                  92000      2.454475938244132    0.02774703889685988      2.866808508064858      0.281983958782132
                  93000      2.499558974348812     0.0276601711452581      4.216068521344196     0.6645520152572449
                  94000      2.627282934700307    0.02758338986750029       5.28238484915629     0.8872468846617628
                  95000       2.71606476029147    0.02749939271022868      4.213068231106407     0.6580105371809005
                  96000      2.543023097716151    0.02741725892573699      3.707297186834226     0.5271312307264604
                  97000      2.705105056824082    0.02733918201764223       4.84884962175245     0.7927178351634101
                  98000      2.700477335134477    0.02726518527266928      5.186391128596706     0.8573041657538085
                  99000      2.644857977711342    0.02720104678623964      5.886825035055886     0.9816277041707561
                 100000      2.751441408466515    0.02713543290613162      2.513237512962112     0.1280675667663302
                 101000      2.680170415527946     0.0270727606841243      5.924861046413063     0.9833407540275632
                 102000      2.644240420752399    0.02701175702078008      6.042571820511755      1.000757373635962
                 103000      2.675570798257651    0.02695403641488709      6.267167130679177      1.035112937382826
                 104000        2.6990999550609    0.02688700408823686      5.560861920816279      0.913051606226928
                 105000      2.538125932683728    0.02681653644885989      3.625161364774809      0.482572968419352
                 106000      2.719067750854228    0.02674573854841897      4.635369228821305     0.7257464486917787
                 107000      2.718861248408243    0.02667640761843753      4.782045828573143     0.7543034553224602
                 108000      1.906036725821294    0.02666801967627922     0.2706262693365999     -2.117895969490078
                 109000      2.658949450001385    0.02661416464103775      6.413500085121485      1.045504174167092
                 110000      2.659341196164358    0.02656197822454808      6.554558131465574      1.065296946514617
                 111000      2.754365340058968    0.02650736311654622      2.510159566773101     0.1034243091731417
                 112000      2.724027155702199    0.02644105276741161      4.621464664561082     0.7112849510055347
                 113000      2.409429603805322    0.02640113395309987      1.663603401025698    -0.3119516269617369
                 114000      2.445345940770769    0.02635074724973397      2.338281568785354     0.0265683582590746
                 115000      1.656136721128975     0.0263458566090538     0.1713130289088443     -2.587296361569003
                 116000      2.222486323217217    0.02633935180437806     0.2296282730026187     -2.294573956865867
                 117000      2.702676831835944    0.02628307672403992      6.001401416523251     0.9665737106522606
                 118000      2.660983346612117    0.02623739114831298        6.8661458010123      1.099443904238375
                 119000      2.422477859854324    0.02619345519806032      2.050785054757293    -0.1106123108789495
                 120000      2.635736805941723    0.02613926585956341      6.136133017501395     0.9832888026763433
                 121000        2.3218600278902     0.0261281973281418     0.4297890917928773     -1.675790148483323
                 122000      2.571375546752447    0.02607214637591497      3.255563613183412     0.3468884073160156
                 123000      2.531373735269239    0.02601345184844956      3.835235799043542     0.5085001397815712
                 124000      2.753668497656487    0.02596276411148072      2.804913336446594      0.193691442134472
                 125000      2.036031159723276    0.02595536777178878     0.2941474070202072     -2.061640376322355
                 126000      2.174601416525425      0.025949604927456     0.2277250509948518     -2.317804471521151
                 127000      2.582186355630526    0.02589411775334368       3.51004483373158     0.4153000774577383
                 128000      2.521720659047593     0.0258369543455172      4.084589225020708     0.5646824102053195
                 129000      2.482635117256891    0.02578211721321893      3.661672610327583     0.4532565984873983
                 130000      2.508852481331045    0.02572599636361301      4.309326112053324     0.6139389874627823
                 131000      2.677446131575135    0.02568326658765787      6.787258962666245      1.066542284762652
                 132000       2.45443672775622    0.02563653301229945      2.811367982842054     0.1833450342767582
                 133000      2.707487512251166    0.02558566247880501      5.792620243724569     0.9042723085783791
                 134000      1.812820842852306    0.02557937092684011     0.2770521351297336     -2.136107935796897
                 135000      1.932304626925198    0.02557306227821348     0.2781557493081377     -2.132379092365284
                 136000      2.014466869460199    0.02556614664669314     0.3062475318265444     -2.036437058985712
                 137000        2.0311927153253    0.02555760140452402     0.3822097207836363     -1.815195592617637
                 138000       1.87186059017104    0.02555023583365355     0.3279028927987673     -1.968735788307322
                 139000      1.913989213072484     0.0255422344463357     0.3579190023632476     -1.881459795896228
                 140000      2.313559664243613    0.02553252029383218     0.4392877779979229      -1.67699216685517
                 141000      2.309147841249921    0.02552205911836563     0.4759436672152008     -1.597257198484888
                 142000      1.876689567054575     0.0255133088340714     0.3951399604192199     -1.783659577812278
                 143000      2.603719809053106    0.02546087245676743      4.189166005041136     0.5752999680434427
                 144000      2.572172832132899    0.02541245381884758       3.36244558066814      0.353563360078506
                 145000      2.383331180779839    0.02538742933868044      1.294578157981661    -0.6019055232787246
                 146000      2.476556350486218    0.02533925479547788      3.460000439778566     0.3792789201827474
                 147000      2.326634862167932    0.02532740933577213     0.5697311350741013     -1.425048102246244
                 148000      2.366800562333351    0.02530667860880808      1.060734681753858    -0.8043144606535174
                 149000      2.461451800867341    0.02526184193348565      3.069935491890962     0.2566070199887721
                 150000      2.680856239845877    0.02521952386057831      6.408481911180008     0.9908963002530783
                 151000      2.566073083640824    0.02517361003721633      3.405593192244921     0.3568707993724819
                 152000      2.489887262097257    0.02512584900458834      3.950697186033914     0.5034446609452663
                 153000      2.455244467839746     0.0250835348268221       3.00134638916441     0.2269280700467871
                 154000       2.58893140612782    0.02503805342752656      3.613023754946194     0.4105972694682191
                 155000      2.676431464676174    0.02500126407273635      6.840594449226233      1.047456459917103
                 156000      2.509721855918252    0.02495458716012742      4.390364743856241     0.6021254059862287
                 157000      2.292771258946311    0.02494596026893928     0.4549648869159477     -1.665167700824845
                 158000      2.186367150131614      0.024940709708348     0.2716384561636164      -2.18112646788915
                 159000       2.37740737869045    0.02491799045504399       1.33595244743299    -0.5891100301579427
                 160000        1.6291552138292    0.02491440159802879     0.1848837331235545     -2.566926669592348
                 161000       2.67096069820137    0.02488201774854437      7.230427846591072      1.098099012566958
                 162000      2.658564088074011    0.02484992366357508      7.299613612143015      1.106331535337582
                 163000      2.670064419127106    0.02481916502911762      7.470327946755408      1.128210475960114
                 164000      2.684594150881142    0.02478573246359126      7.245316907395415      1.096278937858079
                 165000       2.37796315827546    0.02476325658035548      1.427785612253258    -0.5288588760207491
                 166000      2.481174441620074    0.02471999431940205      4.109001202656134      0.526447823159219
                 167000      2.801558288443864    0.02471258073651753     0.4256420475198496     -1.741188656669522
                 168000      2.661881361182698    0.02468566964467416      7.865352358025377      1.174345672988255
                 169000      2.403369696396824    0.02465836647926657      1.899613181250678      -0.24757803176672
                 170000      2.465370239562886    0.02461739961183127      3.778046422702581     0.4383159886339672
                 171000       2.26276658301712    0.02461197048280347     0.3185236586520501     -2.035170157892137
                 172000      2.302349261271444    0.02460182310239639      0.615708797649921     -1.376505170485247
                 173000      2.015193508819712    0.02459496249225695      0.407629491837122     -1.789199542391335
                 174000      2.160798663271292     0.0245900819092254      0.286573269059883     -2.141762412096104
                 175000      2.075566344567657    0.02458499607647263     0.2993098281906452     -2.098484248355371
                 176000      2.264911738849218     0.0245779677771109     0.4194657847252395     -1.761267457845385
                 177000      1.981795355237338    0.02457227512338989     0.3371686644678309     -1.979897768158373
                 178000      1.802373607387775    0.02456695309557577     0.3147913043050063     -2.048787778252559
                 179000       2.46877218580645    0.02452542945092189      4.249693736646102     0.5522128721910829
                 180000      2.639281814968023    0.02449421613600003      7.340015736157308      1.097433437891372
                 181000      2.601440640933495    0.02445291237131555      4.613969105856285       0.63149322598562
                 182000      2.463398415516283    0.02441286220894275      4.147253136287407     0.5232117911214789
                 183000      2.751620734380305    0.02437798144761035       3.05754707211972      0.216948747065705
                 184000      2.687577097958636    0.02435117446767984      7.782470366618704      1.150109334534286
                 185000      2.636277773923654    0.02431970765961079      7.267160465322047      1.080308106989974
                 186000      2.665143838583607    0.02430054171949549      8.617343574265414      1.249930948001913
                 187000      2.497186281568237    0.02426106746700017       4.85547441728133     0.6746351556647119
                 188000      2.604080617319297    0.02422196852162503      4.873358384105107      0.676698755315608
                 189000      2.683207158145252    0.02419778594510091      8.190657275724689      1.194910724974304
                 190000      2.601357929400868    0.02415936549254644      4.816230813496811     0.6623191810225362
                 191000      2.483345564429108    0.02412138184507073      4.743522237034276     0.6455340461573902
                 192000       2.49731973053343    0.02408358045529849      5.004239206554373     0.6974711316999009
                 193000      2.665790921183759    0.02406409261374697      8.705019170036573       1.25027600958558
                 194000      2.681464137312338    0.02404102746958737      8.397729378200944       1.21337864372048
                 195000      2.658161317491796    0.02402136355402406      8.829391168488966      1.262685082161009
                 196000      2.534013841754927    0.02398555907011098      4.359482552140175     0.5554607512324891
                 197000      2.440927476560872    0.02395507570895331      3.113292831518795     0.2175166229134678
                 198000      2.706195124764576      0.023921684169339      6.766357904479621     0.9924037392576547
                 199000      2.583308045820988    0.02388739861313996      4.134054542177122     0.4982651577199632
                 200000      2.727692066741249    0.02385183026786351      4.994802220677522     0.6859142088153888
                 201000        2.7689156309387    0.02383096834789404      1.897290622001826    -0.2829317562089526
                 202000      2.603373157938067    0.02379592992477163      4.956929306661324     0.6759564498886653
                 203000      2.664216981552849    0.02377733055336024      8.950203363727619       1.26606432101593
                 204000      2.770449917252134    0.02375696509073743      1.902182612814913    -0.2834668372992463
                 205000      2.564268062318384    0.02372420910919386       4.12529978261506     0.4892901376817744
                 206000      2.458923172532042    0.02369198951060528      4.036706556407943      0.466221584152322
                 207000      2.320844012810335    0.02368351276076261     0.7107121649264125     -1.271053182742759
                 208000      2.711291743550345    0.02365122271674093      6.509321714151178     0.9423055112934143
                 209000       2.70829337653049    0.02362024156917407      6.868324187698661     0.9946796203659888
                 210000      2.355952955259555    0.02360795979700252      1.098089390615112    -0.8391888755311723
                 211000      2.519661504966888    0.02357515024493719      4.749243213538211      0.623833921226714
                 212000      2.713426115356756    0.02354371200928681      6.547628424248072     0.9436171280619576
                 213000      2.562455645378363     0.0235125940324833      4.196739826532197     0.4974996237394502
                 214000      2.304610726008329    0.02350459516563095     0.7082838308710496     -1.282058995787184
                 215000      2.672810299013476    0.02348557793261185      8.889538534662597      1.246917105355394
                 216000      2.056222351086877    0.02348094887849943     0.4033906980744408      -1.84600486841877
                 217000      2.063861655476405    0.02347611037415913     0.4228267180230149     -1.799154071891891
                 218000      2.447299473669902    0.02344799267283279      3.500450866685535     0.3133321079525508
                 219000      2.725725292049239    0.02341608749858805       5.58228877587395     0.7786775910436941
                 220000      2.647939568013777    0.02339346552511896      8.371750919105363      1.182975222561932
                 221000      2.263802432468103     0.0233885718177656     0.4412423606925593     -1.760258026775408
                 222000      2.647939954373265    0.02336656469350909      8.498168762797304      1.196812279711884
                 223000      2.786261268671107    0.02335472633850908      1.161536463909972    -0.7938015192605273
                 224000      2.446791476517128    0.02332751618696687      3.535739671293725     0.3182115734977784
                 225000      2.645124061015264    0.02330495579199348      8.395667453504963      1.182037264113235
                 226000      2.507597366428815    0.02327457489183184      4.903771696278835     0.6430216391490852
                 227000       2.68984339861417    0.02325181415803656      8.362945476720137      1.175849289864134
                 228000      2.688309591045129    0.02322989714615604      8.540769239194473      1.195946635511567
                 229000      2.681123420439659    0.02321052766672105      8.998382570777048      1.247306239089258
                 230000      2.545373468722294    0.02318234726660301      4.237827372080887     0.4930972588135097
                 231000      2.628785843346226    0.02315411988647568       6.96724811549175     0.9890484957086099
                 232000       2.68158706238813    0.02313036745464573      8.207463879221555      1.151845769826969
                 233000      2.623962097395354    0.02310101583936136      5.990154184046227     0.8356491821061957
                 234000       2.39904441121433    0.02308688797109428      1.600357795560272    -0.4848524996795077
                 235000      2.732833025522534    0.02305907193381344      4.500075374705419     0.5478088526645231
                 236000      2.604443598853099    0.02303116648093009      4.645921134378309     0.5784934600773951
                 237000      2.302936354883613    0.02302489703333548     0.6589706782813629     -1.374844691772911
                 238000      2.737548165650085    0.02299828912052167      4.179745788407674     0.4713256933928674
                 239000      2.657398100023181    0.02297599422081032       8.37175163754344      1.164968517410546
                 240000      2.665337302342204    0.02295465866079761      8.592229766192538      1.190034624724549
                 241000      2.375422389625278    0.02294338950496985      1.297148430306152    -0.7011463661656958
                 242000      2.636074590794312    0.02291711220032968      7.210887471787827      1.013131359672014
                 243000      2.645532851728126    0.02289749284982831      8.941391769317057      1.227374115767441
                 244000      2.689922724004311    0.02287659153143626      8.712816175524919      1.200564686965917
                 245000      2.691892014406276    0.02285528080211533      8.644552932501373      1.191767039532181
                 246000      2.720888143933582    0.02282796373616909      6.191449618127209     0.8568109482585395
                 247000      2.672449539345972    0.02281173641958416      9.649054336290485      1.299790510851802
                 248000      2.701877275474883    0.02278805354757316      8.037074543415567      1.115957023425303
                 249000      2.544647645451509     0.0227637681157132      4.081224112344863     0.4372225629718896
                 250000      2.381480106461101    0.02275193408948802      1.500811177390897    -0.5636886586521987
                 251000      2.713835287641637    0.02272618045538619      7.045943765969224     0.9816251206245629
                 252000      1.662099165448029     0.0227242176882546     0.2239687711371985     -2.467161999322721
                 253000      1.897035228495976     0.0227209338194389     0.3800071405657433     -1.938623103481855
                 254000      2.111034224476617    0.02271899369060103     0.2215745899224951     -2.478139258235424
                 255000      1.835454167380375    0.02271603532337594     0.3415491114099055     -2.045537284655826
                 256000      1.955149963734964    0.02271335175102398     0.3091315629608421     -2.145379950380941
                 257000       1.59179763167399    0.02271171125875491     0.1870816393878918     -2.647674039421837
                 258000      1.973340040923484    0.02270863523722687     0.3561117368023594     -2.004110033098644
                 259000      2.004832231433431    0.02270500535137216     0.4229781447381835     -1.832193930537139
                 260000      1.934679817977359    0.02270162826405208     0.3927647060617467     -1.906452469337009
                 261000      2.513996753003686    0.02267633431038703      4.772701281894383     0.5898897281343912
                 262000       2.49318756568998    0.02265106203219177      4.861895903582357     0.6072906429057221
                 263000      2.472749495123599    0.02262664784264676      4.491203970073273     0.5269045681281164
                 264000      2.627982890568878    0.02260264825842213      7.529644166129649      1.042570301968505
                 265000      2.718448389627436    0.02257776806682251      6.996270962715315      0.967998433532416
                 266000      2.582735335624275    0.02255389534151069      4.480179976599149     0.5212264501936498
                 267000      2.315537012993119    0.02254761621274976     0.7917897249426188     -1.212174634276082
                 268000      2.459463375839591    0.02252488161971241      4.081650361693315     0.4267773927946881
                 269000      2.466115865483173    0.02250144071486876      4.431020452956748     0.5078646847952718
                 270000      2.661151181321521    0.02248830221722426      10.12137713200942      1.333300445175279
                 271000      2.583123472478533     0.0224649326641307      4.537180181919976     0.5299166967111377
                 272000      2.635666172624042    0.02244436714423457      8.501046731217389      1.156884414531868
                 273000      2.543491976799649    0.02242148019968802      4.453599862374667     0.5093876016232564
                 274000      2.350057023476253    0.02241347004406528      1.085137930531269    -0.9029753390150448
                 275000      2.505083241469938    0.02238980778598468      5.003443673409092     0.6243876935834125
                 276000      2.541055311550467    0.02236689912883506      4.630693105835632     0.5459441420538926
                 277000      2.469940459483101    0.02234442721506655      4.478850625844887     0.5115988429184631
                 278000        2.5610256259531     0.0223222219259116      4.415364508713454     0.4963285110662414
                 279000      2.512613101308951    0.02229925583064591      4.915134353614794     0.6025278335148117
                 280000        2.6060243559867     0.0222758128167253      5.486570432081234     0.7114602672668151
                 281000      2.386533361393263    0.02226495618071223      1.607204767545386    -0.5168340906483664
                 282000      2.196558935640268    0.02226265875183605     0.3028246214564166     -2.186035230844674
                 283000      2.684611936210207    0.02224598802020693       9.30729944540213      1.238616095332296
                 284000      2.698300250616749    0.02222634875754394      8.497976007029242      1.146761922162051
                 285000      2.628039551272475      0.022204301096846      7.453992412863576      1.014691234187011
                 286000      2.657055260319798    0.02218968006448992      9.832294392362989      1.290955070696249
                 287000      2.406107344974421    0.02217797119950882      1.839018516062553    -0.3860130401772408
                 288000      2.449428012988518    0.02215892371582164      3.622069222871759     0.2909412007567325
                 289000      2.440474026598507    0.02214121534338813      3.240277099471013     0.1787551077857411
                 290000      2.667755721645368    0.02212762617448047      10.04741083047955       1.30979729128468
                 291000      2.451184749940213    0.02210819929145736      3.863066870523447     0.3530653802084944
                 292000      2.510237196968724    0.02208670986785172      4.887829018257562     0.5873797433237373
                 293000      2.657441653777083     0.0220727744690755       9.98259286246112      1.300843224820149
                 294000      2.185470271566205    0.02207042684082006     0.3354978605966744     -2.092245701174158
                 295000       2.40297695427919    0.02205884281876142       1.90663286556413    -0.3552922171422946
                 296000      2.439399085612358    0.02204140633668202      3.334002844594653     0.2027518659423394
                 297000      2.555310432527412    0.02202105621384145      4.472902102900085     0.4956919720193444
                 298000       2.30024294490561    0.02201627292519846     0.7151792577991137     -1.337784761375062
                 299000      2.689162109806937    0.02199959807939506      9.245056138122967      1.220768558940152
                 300000      2.610020812724988    0.02197788200080335       5.82959409845896     0.7586393968521776
                 301000      2.689412500964587    0.02196135123588001      9.283210775476711       1.22314705990928
                 302000      2.450935440676725    0.02194276355142982      3.922137396165184     0.3607296035218694
                 303000      2.452202439863006    0.02192393066873656      4.057851857307973     0.3938879370172837
                 304000      2.393974161802633    0.02191325022048852      1.826821540797682    -0.4046754816532568
                 305000      2.435337267044219    0.02189665460243587      3.307716850519202     0.1882474831809488
                 306000      2.496436877354538     0.0218764194030346      4.910531512749843     0.5824469419292944
                 307000       2.54625347666758    0.02185690619708468      4.538344121560262     0.5027345970609308
                 308000      2.693117348884408    0.02184102895771958      9.344543817199263      1.224238325000485
                 309000      2.680624091347739    0.02182797142809742      10.13858275714749      1.305195898999472
                 310000      2.662256850528922    0.02181596060795009      10.43493478543533      1.333456568580758
                 311000      2.552612972612655    0.02179653812645081      4.742146352398177     0.5438964436016537
                 312000      2.530666926649557    0.02177697171435618      4.901333055744087     0.5760157261806615
                 313000      2.708597010930097    0.02175795452797927      8.067057854377525      1.073423691538725
                 314000      2.651840462046365    0.02174418483647763      10.00886517083107      1.288473013077371
                 315000      2.491482853722682    0.02172467859163945      5.099212220195136     0.6131903755896481
                 316000      2.718898911595695      0.021704625143181      6.978993476821276     0.9260855211997577
                 317000      2.660054490228062    0.02169250095905952      10.45865238619502      1.330051676040022
                 318000      2.665891855218872    0.02168096003033381       10.6515788319181      1.347798023507273
                 319000      2.634210924150072    0.02166298530454006       8.53029361802966      1.124884278268067
                 320000      2.493549625474266     0.0216439527482919      5.143550725390081     0.6181251780019039
                 321000      2.042103128452889     0.0216412664661105     0.4552138693743137     -1.806730513530042
                 322000      1.999146135382127    0.02163872828546167     0.4294724751045249     -1.865057502330972
                 323000      1.948933479604125     0.0216364127096861     0.3908023113458153     -1.959520337692194
                 324000      2.110908393495931     0.0216349467002686     0.2446703321044318     -2.427878209931206
                 325000      2.070912209725359    0.02163255065695132     0.4051766480295594     -1.923577546015236
                 326000      2.174176619662177    0.02163045010493668     0.3539315767289379     -2.058894183790892
                 327000      1.592691871342215    0.02162915044114662     0.2167014349764984     -2.549537348417725
                 328000      2.633737458959727    0.02161148852281063      8.576039283412863      1.127852672067922
                 329000       2.00077927890176    0.02160871628103664     0.4756244817951346     -1.764374437290266
                 330000      2.501025724093667    0.02158984875030615      5.251529742717845      0.636398090462183
                 331000      2.544418827857478    0.02157163158593844       4.83898145737956      0.553738792654091
                 332000      2.274970444844433    0.02156854701959933     0.5377851235826477     -1.643404662404681
                 333000      2.600564415445844    0.02154972076453793      5.408556581510756      0.664000548305376
                 334000      2.437572995816176    0.02153461842763805      3.472415155277173     0.2201675994420388
                 335000      2.468445536713081    0.02151668286444693      4.834235266076987      0.550206969327809
                 336000      2.768137052264918    0.02150716519471656      1.891666473544923    -0.3885002451297859
                 337000      2.498068845338875    0.02148870904608252      5.353453971624127     0.6509250290882608
                 338000      2.164858201478614    0.02148664608937425     0.3627016982547217     -2.041087482627599
                 339000      2.746646359240629    0.02147121845644603      3.695037472787797     0.2793594954733061
                 340000      2.404520775328297     0.0214609561780072      2.105224046685081    -0.2836873727707018
                 341000      2.548498542089325    0.02144326399219508      4.912091143223362     0.5627657467245177
                 342000       2.58921300683458    0.02142540918027133      5.102775020405697     0.6000175137396949
                 343000       2.41661224108656    0.02141367130165942      2.540677838507687   -0.09788408731514076
                 344000      2.688843982103494    0.02139981786283264        9.7684102918893      1.248191588287344
                 345000      2.517540735163319    0.02138199615726811      5.281244499143314     0.6323664751915894
                 346000      2.162190320084454    0.02137989374214262     0.3824648733455459      -1.99301209092613
                 347000      2.673259695532468    0.02136858290339923      10.57374414323824      1.325951153221078
                 348000      2.677365344795528     0.0213569274250978      10.51316085527342      1.319659481466168
                 349000      2.519273847707511     0.0213393607550088       5.29231315442993     0.6324641475191711
                 350000      2.596414539986309    0.02132193574201162       5.24254808789742     0.6221994840626507
                 351000      2.439963446761596    0.02130737961759832      3.668073125880025     0.2643754017774652
                 352000      2.675896253802775    0.02129607517064898      10.60763688366948      1.325752431660067
                 353000      2.563216057105145    0.02127919534626887      4.989491738936661     0.5707193375123343
                 354000      2.528726702378565    0.02126211112038666       5.22214286511158     0.6154899340899468
                 355000      2.678118481777949    0.02125066466027968      10.57006753343623      1.320069799813141
                 356000      2.719503786307782    0.02123296078296896      6.842037921434772     0.8842957949797851
                 357000       2.48443157740848    0.02121613049428483      5.222096792590587     0.6133162081564465
                 358000       2.70760924813114    0.02119964110651557      8.282581041620183      1.073794330199645
                 359000      2.504286592078268    0.02118266059446366      5.542320432927861     0.6712516520832007
                 360000      2.319952621711028    0.02117878468221368     0.7867500002441284     -1.281189346865651
                 361000      2.507609777823978    0.02116184081920741      5.617379338645883     0.6837202815206412
                 362000      2.339677084299172    0.02115737481757984     0.9219370558133897     -1.123634353308778
                 363000      2.460850738323382    0.02114151391005537      4.756982367958939     0.5165075400842483
                 364000      2.084440423995356    0.02113968294239662     0.3634997823087506      -2.05516916077122
                 365000      2.005117347595687    0.02113713804594865     0.5113288923393852     -1.714055242817011
                 366000      2.147923242192943    0.02113534826670074     0.3554397601198633     -2.077797145378706
                 367000      1.927238257671479     0.0211332375928378     0.4215010196992052     -1.907430602092609
                 368000      1.823467856204125    0.02113147467468483      0.350262197689529     -2.092654211167573
                 369000      2.137032316448878    0.02112974293741824     0.3440322874105785     -2.110682663693106
                 370000      2.440742483719792    0.02111541497444864      3.957537680524482     0.3312808130573767
                 371000      2.334615937605597    0.02111084908759591     0.9564646824896018     -1.089068893589533
                 372000      1.904854663843603     0.0211086599065281     0.4404781018645753     -1.864555730670139
                 373000      2.646235219396375    0.02109598153741619      10.01993842231941      1.259314961819351
                 374000      2.743085227338379    0.02108135064222897      4.192410690883089     0.3873201439839124
                 375000      2.556196763671875    0.02106532894865472      5.151288011718677     0.5925307317425806
                 376000      2.649343341012012    0.02105354717559483      10.33599024770852      1.288356499127644
                 377000       2.51090582936706    0.02103710366165113        5.7742293690122     0.7053479624131253
                 378000      2.638273915189567    0.02102292741473579      9.304139387151327      1.181728458121514
                 379000      2.566956152153721     0.0210072163427328      5.147099414226111     0.5889547873091986
                 380000      2.678733311673139    0.02099689358658678      10.85538727008222      1.334691419459313
                 381000      2.677049942100109    0.02098690678471695       11.0045572116778      1.347863673584629
                 382000      2.682875996317138    0.02097608982159524      10.76038006556437      1.324909523091041
                 383000      2.760259657636469    0.02096604102770366      2.566481326670361    -0.1089047001291354
                 384000      2.553686037399061    0.02095056991506857      5.224193114691867     0.6011216454747642
                 385000      2.346404226586494    0.02094579289383804      1.081989685512218    -0.9736051049630026
                 386000      2.253091841443718    0.02094391923631858     0.4028036161587876     -1.961802349858647
                 387000      2.556428505883214    0.02092835824861044      5.402298640327177      0.633585068185967
                 388000      2.552421916468727    0.02091277692951303      5.498064068432333     0.6504117890175712
                 389000      2.437092896734085    0.02090000659926705      3.703201107043366     0.2546025221802634
                 390000      2.501004852493582    0.02088425653782442      5.881541496941688     0.7164699240883896
                 391000      2.501796102396769    0.02086852505622542      5.970568385064261     0.7307396132037736
                 392000       2.36283853388148    0.02086274290076418      1.373181837526377    -0.7392490742376936
                 393000      2.226557236766726    0.02086120133985335      0.337755077806038     -2.141887791750826
                 394000      2.337963475642852    0.02085651404900496      1.089603192580617    -0.9708646519018179
                 395000      2.319289288228427    0.02085212515742313      1.015261781079377     -1.041742201522354
                 396000      2.493674225562187    0.02083663126435772      5.815554485851218     0.7029041298403867
                 397000      2.390289277305223    0.02082913179077455      1.873498197843671     -0.430184611198056
                 398000      2.619712863562412    0.02081342616737164      6.981066920262798     0.8844554640619737
                 399000      1.987121990682037    0.02081137263215002     0.4607005742159588     -1.833851924415365
                 400000      2.610966010201295    0.02079607578694794      5.794222393701985     0.6972810246560931
                 401000      2.544179658230191    0.02078140882022679      5.161294406664659     0.5809016201215473
                 402000      2.747727107078373    0.02076967116418584      3.444733156177223     0.1759956864630603
                 403000      2.412658138766874    0.02076085155469205      2.340479550089484    -0.2109196414447418
                 404000      2.689706337989612    0.02074797866847102      9.566504259956076       1.19637212378409
                 405000      2.730033387724241    0.02073328991722317      5.393178498239329     0.6225309687699784
                 406000      2.392098357437029    0.02072602460794986      1.874209228490363    -0.4347675985043434
                 407000       2.55078818736895     0.0207116532791047      5.167950640402984     0.5788281554187928
                 408000       2.69192591494147    0.02069873285427585      9.459646196393479      1.182762903812224
                 409000      2.669185255959756    0.02068798123074121      10.52452253932355      1.288916366658199
                 410000      2.710239299728184     0.0206731671649951      7.785654541851269     0.9867749039999218
                 411000      2.231544495523905    0.02067167831949628     0.3479815145656018     -2.121185915595757
                 412000      2.439937899509698    0.02066009357799972      3.576424835143251      0.208223082916704
                 413000      2.285573768587105    0.02065740861650312     0.6440260513665806     -1.506286637646317
                 414000      2.080172656395403     0.0206557781316647     0.3836304632066954     -2.024424994419545
                 415000      2.693259624862297    0.02064300308333023      9.485640259572056      1.182810969466632
                 416000      2.178216990552105    0.02064123849779169      0.419021312555502     -1.936887113736981
                 417000      2.033565142269868    0.02063910089033726     0.5113714429816274     -1.737816242621469
                 418000      2.515983802503897    0.02062479552753288      5.522875119429188     0.6410480357931071
                 419000      2.473504507882929    0.02061119648207324      4.900707849801655     0.5208695382945314
                 420000      2.241898023265524    0.02060955081623569     0.3935731818829364     -2.001078213599889
                 421000      2.063192414688221    0.02060758996385336      0.471916185165279     -1.819638992405501
                 422000      2.604389295393564    0.02059355807375525      5.360934476013616     0.6097720522283651
                 423000      2.719224499720979    0.02057887588072324      6.891537965649383     0.8602148219557679
                 424000      2.776029821092195    0.02057323032964628      1.486022157388251    -0.6742509731242229
                 425000       2.72701646554618    0.02055886531889912      6.009598863315116     0.7223056895192946
                 426000      2.214986950066705    0.02055725098899541     0.3921688525816072      -2.00719362289022
                 427000      2.485510980144171     0.0205434542816835      5.331194942682362     0.6017732064644369
                 428000      1.867726165345367    0.02054195617586084     0.3648023495343167     -2.080274705066078
                 429000       2.15205327607332    0.02054029329818343     0.4063322991087278      -1.97254006189111
                 430000      2.727137235757179    0.02052603408540223       6.07149621730787      0.730954542083696
                 431000      2.727791987571426    0.02051183307854237      6.075511396428207     0.7309235469021216
                 432000      2.695395695916259    0.02049953535275372      9.485923089674126       1.17586657759651
                 433000      2.559978456888571    0.02048620236598474      5.112941203397122     0.5571818585993924
                 434000      2.476882866304138    0.02047291223994949      5.121327543087992     0.5581717872173291
                 435000      2.312580511414121    0.02046937655026574     0.9196204467550856     -1.159208871705108
                 436000      2.498292401295107    0.02045566474767345       5.66621905202263     0.6584373481328096
                 437000      2.487354211333608    0.02044210443754966      5.540687761755447     0.6353707924160696
                 438000      2.648294380517243    0.02043011928853987      9.550539436785975      1.179263323905943
                 439000      2.729794327765845    0.02041642558216325      5.892400232854492     0.6956586147207456
                 440000      2.704875777520609    0.02040344609819379      8.739308361128941      1.089190302397506
                 441000      2.490970851701945    0.02039001784607456      5.663579359793474     0.6547569856609027
                 442000      2.544136171587994    0.02037703304175745      5.208662725927174     0.5703870214501583
                 443000       2.67031007042676    0.02036692891694291      10.52332998161154      1.273162587048008
                 444000       2.45960558197307    0.02035468259902269      4.654580940703669     0.4568183095402463
                 445000      2.526736122606518    0.02034155812544287      5.532893412298252     0.6290323292007228
                 446000      2.524491220434652    0.02032838669789401      5.661626268785849     0.6513848841189674
                 447000      2.489962510655234    0.02031518193216955      5.785068237587404     0.6723040789191503
                 448000      2.537660501444454    0.02030226002178614      5.472465927838131     0.6161169730778947
                 449000      2.506972849670671     0.0202889920748172      6.076441603640739     0.7201531765099811
                 450000      2.689575752528339    0.02027796676698859      9.909131097728098      1.208647018593247
                 451000      2.664746828720518    0.02026792354944824      10.47124639687809      1.263328015790619
                 452000      2.627284841378989    0.02025459653468674      7.254312986854949     0.8956333816649736
                 453000      2.544829024880179    0.02024201329056337       5.37881553914601     0.5958839380527863
                 454000      2.628493669033941    0.02022881412400647      7.405934772663747     0.9150451426547638
                 455000      2.537925442572193    0.02021621305886421      5.519915779370288      0.620502949741117
                 456000      2.510185898528678    0.02020331465442676       6.04865604401032     0.7113382264065541
                 457000      2.703428347321352    0.02019105723669743      8.783599335915532      1.083781503889657
                 458000      2.574114442677669     0.0201790175748894      5.066966261342323     0.5330410363748094
                 459000      2.676017274483148    0.02016896989020609      10.37595791968892      1.249292108520109
                 460000      2.581100902777372    0.02015707466251016      5.017385863759584     0.5221198182241389
                 461000      2.404753378812492    0.02015060523931865      2.062377250002654    -0.3672509152843756
                 462000      2.019729766540447    0.02014873234297069     0.5299463180684654     -1.726182751056297
                 463000      1.826693580471233    0.02014748219227366     0.3491939467762386     -2.143393024587543
                 464000      2.646200622864675     0.0201359517401547      9.316477967560322      1.139946955712061
                 465000      2.736084319708906    0.02012413001428681      5.065328382325569     0.5299940002713491
                 466000      2.771741417003296    0.02011850721855001      1.768703085229774    -0.5224578558461933
                 467000      2.610224990829101    0.02010622125383911      5.674902407793737     0.6427380864244397
                 468000      2.698927365397317    0.02009468067591908      9.198384760858547      1.125138473998667
                 469000       2.70851273695203    0.02008245908704393      8.399795748625833       1.03370957951134
                 470000      2.658929623389917    0.02007229403546703      10.20192407624307       1.22757223319823
                 471000      1.506447500162305    0.02007158732520028     0.2012154454239656     -2.698418390276557
                 472000      1.884291999957472    0.02007019137760777     0.4034004644995081     -2.002934365954539
                 473000      1.725765862503638     0.0200693910928772       0.22841552748021      -2.57173755884051
                 474000      2.536430198938396    0.02005727614519293      5.717641698762297     0.6478038556582872
                 475000      2.650779859490051    0.02004682074625621       9.98148806897092      1.204458197001624
                 476000      2.551287011896485    0.02003487058997698      5.613384954247346     0.6282836388762022
                 477000      2.435535064733889    0.02002586527572699      3.361065589884415     0.1149382031163923
                 478000      2.530298226237774    0.02001378908026271      5.918262260723377     0.6801197965463095
                 479000      2.668339215617972    0.02000470870874465      10.77809929580233      1.279139351350049
                 480000      2.537468419951805    0.01999274291233911      5.878279151567844     0.6722888488801398
                 481000      2.628793297211734     0.0199805194981427       7.67149145188649      0.937924260701981
                 482000      2.674274329035051    0.01997139970716931      10.74588364065202      1.274479437337136
                 483000      2.695928688859143    0.01996074253552709      9.711795365682367      1.172764072988034
                 484000      2.534732599794494    0.01994892345649232      5.929635708689011     0.6787933967755155
                 485000      2.450779902757361    0.01993891535521243      4.160259749961288     0.3239063176248744
                 486000      2.621502009901037    0.01992683883698206      6.852174093075218     0.8222889338930418
                 487000      2.682297928197056    0.01991746420203933      10.55687793156573      1.254029966881725
                 488000      2.669955366694106    0.01990860344810856      10.88143609993349      1.283865637351177
                 489000      2.654805302605525    0.01989899351937358      10.42490776493811      1.240522511471165
                 490000      2.513479337199052    0.01988729354794763      6.165426505402764     0.7146937663516163
                 491000       2.63116661832515    0.01987552969949894       8.03273281375907     0.9786695450706099
                 492000      2.633227150982917    0.01986393114725318      8.327607054056157      1.014137166258851
                 493000      2.443304057511321    0.01985483780078756      3.753016799368854     0.2166631295340761
                 494000      2.223792449769554    0.01985357298192147     0.3980250554786646     -2.027200894412755
                 495000      2.614913596958459    0.01984197759615101      6.298918807013318     0.7338332126275854
                 496000      2.245946048031063    0.01984060474743728     0.4349178863317736     -1.939212012373869
                 497000      2.526986329962867    0.01982917868874979      6.039741698601468      0.691171207739719
                 498000      2.624040674773608    0.01981747513987804      7.333921744846752      0.884729968458268
                 499000      2.634886967313602    0.01980624415218132      8.642083784293106      1.048296419458446
                 500000      2.531532702256934    0.01979496001565414      6.007704970091708     0.6841256054920709
                 501000      2.298769754838056     0.0197926289235616     0.7689731101299118     -1.371734247830716
                 502000      2.483605109250421     0.0197816958624181       5.53811842029218     0.6020673042603746
                 503000      2.472543769050827    0.01977114591353629      5.125249148750898      0.524058173756533
                 504000      2.510228312630809    0.01975983634490769      6.311483841332361     0.7316776539360184
                 505000      2.530350827321287    0.01974864196907362      6.141260197511949     0.7037701306951752
                 506000      2.669698466976461    0.01973991282340052      10.78919922422119      1.266843617425689
                 507000      2.723424015957555    0.01972860510850653      6.640340973739089     0.7808883699384355
                 508000      2.692189048709627    0.01971874709388413      9.924178969817911      1.182199349848516
                 509000      1.782443220437134    0.01971791763895771     0.2715100066625379     -2.416573098360133
                 510000      2.021942162534349    0.01971628075311064     0.5464867798988788     -1.717144995763883
                 511000      2.058355099096284    0.01971478819982097     0.4967191317715222     -1.812706077898677
                 512000      1.808068244734241    0.01971372856124055     0.3490844673081602     -2.165470647298412
                 513000      2.674635948446729    0.01970541449937638      11.04626119622801      1.288640900869059
                 514000       2.66936119514998    0.01969725230250765      11.15756934106751      1.298252719015422
                 515000      2.717069900394852    0.01968603518402143      7.701992509355905     0.9270440110783277
                 516000      1.939120144686133    0.01968482723230136     0.4054119829069449     -2.017347901651392
                 517000      1.888763929744856    0.01968356971875881     0.4226807106214437     -1.975698505081258
                 518000      1.960155580148709    0.01968230635277299     0.4248378944824513     -1.970672092308134
                 519000       2.21557725970966    0.01968102217175493     0.4321901516813319     -1.953579353978738
                 520000      2.034191095854863    0.01967935548191155     0.5664744766321957     -1.683097675054833
                 521000       1.78926707197337    0.01967839123051701     0.3222359401003342     -2.247294688881041
                 522000      2.090024536033761    0.01967725935528306     0.3798757970820365      -2.08279187017076
                 523000      1.901183915365807    0.01967590462986537     0.4572846396678265     -1.897399028391954
                 524000       1.99778913292499    0.01967433656674186      0.532296127264019     -1.745584802399756
                 525000      2.727165949639386    0.01966333075163798      6.438733471533328     0.7467428106938786
                 526000      2.688936987856294    0.01965431797730778      10.53299265500993      1.238464984868071
                 527000      2.144794109207105    0.01965317817067387     0.3863595452235933     -2.067092376770735
                 528000      1.931087008612335    0.01965181483796789     0.4648185585962456     -1.882283016113762
                 529000       1.91431272415216    0.01965034368712716     0.5031027629571174     -1.803210563256016
                 530000      1.962645454284136    0.01964898686721697     0.4628424135746924     -1.886687426437529
                 531000      1.523522083704795    0.01964834202714787     0.2162645492141984     -2.647604458505468
                 532000      1.910084570007274    0.01964681074078933     0.5249087410397457     -1.760960398438217
                 533000      1.862696088490442    0.01964560859093817     0.4088592658142036     -2.010875005776553
                 534000      1.928019645108759    0.01964404687085175     0.5361136358946379     -1.739979361149903
                 535000      2.009548230312591    0.01964230882025384      0.599573704273863     -1.628195078328232
                 536000      1.897990925609464    0.01964073342714672     0.5414353705215089     -1.730270488800343
                 537000      2.095845008411294    0.01963963359198486     0.3736700465944463      -2.10117701499957
                 538000      1.863155642392909    0.01963834677737308     0.4393402712197662     -1.939341500005364
                 539000      1.969481292602676    0.01963689069878629     0.4994017970121401     -1.811278889355276
                 540000      1.927905204943231    0.01963521784704637     0.5771338590368332      -1.66670082740221
                 541000      1.774285846542702    0.01963434601667244     0.2949548364214334     -2.337997213005639
                 542000      1.944005678003999    0.01963274748551939       0.55078856439551     -1.713549874277439
                 543000      1.919396921385223    0.01963092592968037     0.6315062590484898     -1.576885811775232
                 544000      2.022040982804436    0.01962908821812365     0.6376652644397901     -1.567273800610587
                 545000      2.045506377846789     0.0196273533263955     0.6006561412579638     -1.627153043535499
                 546000      1.650310635728851    0.01962662688794842     0.2453699182690691     -2.522445739900375
                 547000      1.979680589015297     0.0196250133204572     0.5572448924414573     -1.702290092212755
                 548000      1.781738539732676    0.01962402225541329     0.3370968166052091     -2.204975221434808
                 549000      1.976440882796841    0.01962234969240838     0.5788682451799561      -1.66435573831831
                 550000       1.79912583530686    0.01962122136601574     0.3853318207180607     -2.071383302849052
                 551000       1.78159870354325    0.01962013013958625      0.372421398683662     -2.105517748773967
                 552000      2.719778118434353    0.01960915226700409      7.517132468147421     0.8988365919396311
                 553000      2.710461153777215    0.01959859774245915      8.723693202162133      1.047156138317329
                 554000      2.309088473618711    0.01959610698385241     0.8897862146706899      -1.23578769233243
                 555000      2.536663821071357      0.019585506025934      6.109249112942897     0.6902491128444381
                 556000       2.54630540491579    0.01957500034670293      5.992434753702781      0.670406496640549
                 557000      2.418584933053471    0.01956882554122668      2.522172500981961    -0.1952861621481762
                 558000      2.530395359108559    0.01955821094080292       6.33728006938331      0.725500298266499
                 559000      2.468410713495881    0.01954850915232837      5.014465163179789     0.4908812314134297
                 560000      2.233559851059025    0.01954718962078235     0.4642149590371478        -1.888920599784
                 561000      2.597408718989992    0.01953736109350211      5.192759826498368     0.5252493380845309
                 562000      2.484551014526171    0.01952711633167523      5.803402972445932     0.6359039833837107
                 563000      2.605373994465151    0.01951700534596604      5.644479547570024     0.6076195886267948
                 564000      2.358104215634965    0.01951381051303763      1.196887544302095    -0.9434976416811209
                 565000      2.711800125058116    0.01950348846722197      8.593929446548467      1.027304858804387
                 566000      2.715095708574609    0.01949305640977324      8.269373390625208     0.9882724955812673
                 567000      2.649100029159899     0.0194840523574173      10.18430926276619      1.196099969227604
                 568000       2.36094708068745     0.0194807248227544      1.270494441302386    -0.8855129075758691
                 569000       2.54415895430428     0.0194704895641738      6.136645982342002     0.6888337373436735
                 570000       2.44604895227663    0.01946216493764008      4.012271162083136     0.2634852145706567
                 571000      2.456493698271372    0.01945316501208907      4.602686372420012     0.4003053472025281
                 572000      2.695280014403887    0.01944428563873038      10.21239419461034      1.196810766932414
                 573000       2.58407694175698    0.01943476348442516        5.2191322016941     0.5250499756271144
                 574000      2.389023358336965    0.01943042377343541      1.746372930435055    -0.5699634628817918
                 575000      2.522451934373085    0.01942019215462222      6.536787510767372     0.7494146337519484
                 576000      2.691462173023115    0.01941170788172801      10.50131917100514      1.223032705478847
                 577000      2.503535992455872    0.01940154531325414      6.520218623257742      0.745916062548148
                 578000      2.413032465746574    0.01939599493338466      2.376486662763397    -0.2636547592765127
                 579000      2.428479869045674    0.01938919493746968       3.09632795543436  0.0005882655754351604
                 580000      2.349702463664012    0.01938624419344443      1.153243138287389     -0.987202716303511
                 581000      2.537984340016006    0.01937622299579673      6.343637558270867     0.7171544846692618
                 582000       2.30707476911652    0.01937389145352343     0.8979813764190818     -1.238024153770808
                 583000      2.307329636036336     0.0193714844114053     0.9297292671774875     -1.203404298958186
                 584000      2.221880540578164    0.01937021595679945     0.4745336465433392     -1.876030689807268
                 585000      2.701559837595336    0.01936111756062099      9.789860537558777      1.150269454242464
                 586000      2.398666312819072    0.01935627561231951      2.045465631650286    -0.4157024179616754
                 587000      2.815174290770494    0.01935533848329287     0.3495895502787612     -2.182371816342138
                 588000      2.633178598571833    0.01934550105962568      8.644595330773203      1.025049635254561
                 589000      2.575190678443756    0.01933602786492684      5.559761188397925     0.5831806778816384
                 590000      2.750332887362024    0.01932860258363616      3.605975520120041     0.1498337718697541
                 591000      2.679579463266906    0.01932125657582573      11.24412225322486      1.286706830341163
                 592000      1.652463373046424    0.01932055141348727     0.2651848686265926     -2.460503271533272
                 593000      2.072713387994591    0.01931921427811634     0.5116376246302153     -1.803383072019488
                 594000      1.784226509138554    0.01931816183952786     0.3996878592949675     -2.050370269115344
                 595000       1.87173405497749    0.01931688456677293     0.4882083468716791     -1.850378024679676
                 596000       2.21049141978032    0.01931562895579165     0.4797924047110796     -1.867831762375429
                 597000      1.967873923648187    0.01931408730426219     0.5940288125871372     -1.654337275186554
                 598000      1.943611910457123    0.01931248649691852     0.6181040440557479     -1.614691186370544
                 599000      1.790705293731098    0.01931135338849134     0.4319920326048552     -1.972999514748814
                 600000      1.946361051496345    0.01930967785685831     0.6487929849376659     -1.566379737235703
                 601000      1.978450740639365    0.01930799866511584     0.6505555409529619     -1.563753716293064
                 602000      2.238159574166365    0.01930665621458874     0.5153596504434107     -1.796784915860338
                 603000      1.812558960393335    0.01930551212355643     0.4369422250631011     -1.961908205551409
                 604000      1.765692736838073    0.01930457323568217     0.3566676862623326     -2.164953320682965
                 605000      2.007659647151393      0.019302817704512     0.6825174603201253     -1.516060651278694
                 606000      1.835181147228585    0.01930169890318294     0.4273921621939155     -1.984204718717903
                 607000      2.438101628911953    0.01929419245319848      3.726473955582112     0.1809220455852974
                 608000      2.676398354825503    0.01928707030266019      11.35623333254319      1.294857162150101
                 609000      2.675252398971868    0.01928002702602347      11.42865032505163      1.300848517760776
                 610000      2.637029007307529    0.01927065061109545      9.144488365827288      1.077390015937519
                 611000      2.755289858752087    0.01926414858934187      3.096775449420427  -0.005737387283651962
                 612000      2.492307325378344    0.01925456000064894      6.245906464856924     0.6953296371516362
                 613000      2.523776623685852    0.01924484527570011      6.695772044738177     0.7643749738768829
                 614000       2.70313697082881    0.01923609230749974      9.876663509401359      1.152618513114743
                 615000      2.643061796415662    0.01922731874552088      9.838904411792523      1.148331921447449
                 616000      2.661189598060234    0.01922007409896666      11.26298771360994      1.283132622819808
                 617000      1.536332132915755     0.0192194872616743     0.2294380590499127     -2.610542017485198
                 618000      2.520812723174476    0.01920987103607076       6.76091994523989     0.7722386685309479
                 619000      2.483838584496391    0.01920060347557049      5.945393865349055     0.6432139268157357
                 620000      2.598244451725236    0.01919171174086663       5.38830600315245      0.544364993841303
                 621000      2.403923460452746    0.01918693260014621      2.173319377558512    -0.3638594427587581
                 622000      2.538771366977814    0.01917756115288962      6.308817573512566     0.7013446131001698
                 623000      2.467026265968246    0.01916901431760616      5.026300137914227     0.4736347299408254
                 624000      2.706215881417843    0.01916000442217847      9.286364038189799      1.087027532859042
                 625000      2.667233212108725    0.01915269461199465      11.13022807996053      1.267763511751762
                 626000      2.271644793246993      0.019151285345482     0.5783199839267217      -1.68960268706252
                 627000      2.717923754169561    0.01914181341067555      7.948300004200597     0.9304886337145915
                 628000      2.715421842988045    0.01913244951135032      8.337118770154953     0.9777589440591112
                 629000      2.637538638215006    0.01912336959644214      9.014170621247017      1.055364416558649
                 630000      2.736282677357676    0.01911469642264186      5.408954803202034     0.5441688001735215
                 631000      2.506785448656785    0.01910544281329825      6.607843831095944     0.7438860989136508
                 632000      2.541070170149915    0.01909633961793428      6.266877658742461     0.6904303609737921
                 633000      2.780440230975768     0.0190936080250404      1.195017850897414    -0.9668298182936037
                 634000      2.590272809612108    0.01908525330221821      5.092183750500166     0.4822781623661244
                 635000      2.582078786039788    0.01907666784544893      5.431310632958096     0.5463019210125944
                 636000      2.412385268437965    0.01907153442674161      2.493417714184111    -0.2324933376538224
                 637000      2.615266983290329    0.01906238845536785      6.664015024330374     0.7500948000200997
                 638000      2.682117125818081    0.01905538527778111       11.2524235547259      1.273588723683959
                 639000      2.664095609109945    0.01904851863970583      11.37641879184816      1.284187460644469
                 640000      2.687711752860385    0.01904130823465413      11.09651959078675       1.25889768335549
                 641000      2.689411335606013    0.01903405075340434      11.06204923240099      1.255405220035012
                 642000      2.561172551326564    0.01902525926894602      6.070895172262627     0.6549290382708703
                 643000      2.416178761486781    0.01902001184648857      2.638057857485222    -0.1788098958771639
                 644000      2.546881038161359    0.01901111352542147      6.410516516279418     0.7086190157835035
                 645000      2.679925864968538    0.01900438133485775      11.47931755128817      1.290871929304988
                 646000      2.681981664103627     0.0189976271002645      11.47440442316402      1.290088372164103
                 647000      2.563686178019378     0.0189889397006359      6.089387897624719     0.6560596936761212
                 648000      2.617866650417962    0.01898000041519426      6.861645001200322     0.7749884619196847
                 649000      2.787495860439711    0.01897784164309368     0.9758122504218321     -1.175557570386013
                 650000       2.58939340922303    0.01896960626969978      5.405190422156587     0.5358531473021892
                 651000      2.614763672718369    0.01896078396640809      6.631643774645199      0.739880985468191
                 652000      2.608983513175848    0.01895215217488141      6.189451729684764     0.6704194433085124
                 653000      2.479403481575153     0.0189438157519243      5.668075909569907     0.5819826848931416
                 654000       2.71057831342043    0.01893532635325463      9.281564227962145      1.074714826074872
                 655000      2.724581559413537    0.01892645758153802      7.382169401822749     0.8452838052772107
                 656000      2.590481946910491    0.01891827663230818      5.533606874424583       0.55662375077513
                 657000      2.484818236467853    0.01890985856117156      5.988255802437316     0.6351390256646982
                 658000      2.643277248003765    0.01890185548591749      9.960093245597779      1.143501962443319
                 659000      2.523081048793661     0.0188931801248007      6.796789584619303     0.7609068355568989
                 660000      2.448294668120245    0.01888618116558251        4.2189863354558     0.2836808314847601
                 661000      1.986077949285285    0.01888474557476727       0.65558839005588     -1.578212219646211
                 662000       2.67951492877847    0.01887830044477053      11.58527299252137      1.293403297544041
                 663000      2.643401581362612    0.01887040627400862      10.03611168194204      1.149440083655911
                 664000      2.413124829440395    0.01886558631758625       2.54888437096245    -0.2213493677841308
                 665000      2.542928970325755    0.01885709008629624      6.545464837523904     0.7213168314669879
                 666000      1.921821534503893    0.01885569252368217     0.6457401624934886     -1.594887784627892
                 667000      1.998199832239129     0.0188542183406635     0.6831228668198286     -1.538688431448873
                 668000      2.261975136010525    0.01885302870662946     0.5463481515558352     -1.762169853374254
                 669000      2.615398108594457    0.01884447787916354       6.85339565563322     0.7666196036442812
                 670000      2.772929435835491    0.01884111957076154      1.675686021786622    -0.6420802229660112
                 671000       2.66690615828574    0.01883481281552834      11.66428516870655       1.29789396434119
                 672000      2.593605324305015    0.01882684126210917      5.611055468315358     0.5656778584470863
                 673000      2.445938614453102    0.01882011417441421      4.116107166353602     0.2554894927318998
                 674000      2.666499135802297    0.01881386283338476      11.69799264663636      1.299666679054312
                 675000      2.258631160660179    0.01881267460710617     0.5552050735956965     -1.748231469825737
                 676000      2.775180672465755     0.0188095594763641      1.562369939562342    -0.7137754783506499
                 677000      2.502076007822945    0.01880117619110933       6.68960482169879     0.7401296714089318
                 678000      2.388241770285598    0.01879756339163463       1.85850565020736    -0.5408445566656195
                 679000      2.258553517102915    0.01879633687418857     0.5767437604215545     -1.711039758990647
                 680000      1.991453616885631    0.01879485793004449     0.7015875124543327     -1.515170880908252
