#! FIELDS time e sigma_e height logweight
#! SET action OPES_METAD_kernels
#! SET biasfactor       2.698418390276557
#! SET epsilon     0.01374333274381851
#! SET kernel_cutoff       2.928208142815685
#! SET compression_threshold                       1
                   1000      2.666062864964717    0.06053155025577301    0.06672079877255445     -2.698418390276557
                   2000      2.762947552517268    0.05493207753800567     0.4917975839339329    -0.7979351559405128
                   3000      2.508808137540936    0.05392482060672613    0.08829777188656192     -2.533794101808882
                   4000      2.563791903714726    0.05054330676954736     0.5301832751885742    -0.8060465636112769
                   5000      2.438547801405098    0.04855557471365787      0.360511525727043     -1.231866901166973
                   6000      1.782078898066036     0.0480507997527739    0.08405090872130694     -2.698418390276557
                   7000       1.72025127481154    0.04663538444981641     0.3133804832020636     -1.412322211675355
                   8000      2.086754215963344    0.04620720492620077    0.08740440782896466     -2.698418390276557
                   9000       1.89317460462143    0.04560499870534004     0.1345356857909101     -2.280253024244895
                  10000      1.750402352305408    0.04459366721982787      1.310867619868168   -0.02606348063590848
                  11000      2.526276668322501     0.0435298051291593      1.440501514570603    0.04409264359198226
                  12000      2.611399814337398    0.04236952572967923      1.279795701448105    -0.1012147342379052
                  13000      2.663771258636781    0.04135560959921473      1.289613154176223    -0.1177941956288349
                  14000      2.654761791925978    0.04092004302580072      2.138043336951586     0.3771665125753473
                  15000      2.686271437943396    0.04052788423761315      2.508161910766573     0.5271958530861975
                  16000      2.548937082436627    0.03973504832956059      1.775812613867151     0.1621471942597318
                  17000      2.320291034497317    0.03961755718964263     0.1293332071094775     -2.460435382828449
                  18000      2.678148654136128    0.03954907254498852      3.394502171771592     0.8053547960773456
                  19000      2.523777322027102    0.03885104946539477      2.017667340280457      0.267332589592181
                  20000      2.283156777031865    0.03871009441299577     0.2198928695012483     -1.952858966697708
                  21000      2.705598498878823    0.03824952717685936      3.043789427525966     0.6628898979515695
                  22000      2.627411899306089    0.03777095268618599      3.053655911375523     0.6535353298089536
                  23000      2.552522258965644     0.0372355335415132      2.334562166928045     0.3707433105986546
                  24000      2.014271824046414    0.03717344457316003     0.1400758932579985     -2.444320819972513
                  25000      1.762350564146057    0.03682523929906133      1.017921322567258    -0.4703984727553414
                  26000      1.906120771148964    0.03672505462301111     0.2461558616879819     -1.892675712392975
                  27000      2.440866444602486    0.03648727994605438     0.6657159647753725    -0.9042730357268408
                  28000      2.474407379829814    0.03608959905612916       1.51606698412238   -0.09222038216361372
                  29000      2.390988611821569    0.03590493374529379     0.5503812785045731     -1.110613853225905
                  30000       2.63666144377997    0.03572416761035793      3.963426506139247     0.8585917918585123
                  31000      2.663902725112563    0.03563268315561118      4.645050142182205      1.014720887719662
                  32000       2.57584480735571    0.03525302495320187      2.840117949102942     0.5120523603145595
                  33000      2.719008585990347    0.03489929026566637      2.992585307085069     0.5542595955582766
                  34000       2.61620149469078    0.03459432758592902      3.593891284014034     0.7285807024016697
                  35000      2.623993814375505    0.03434336772929364      4.154781711669116     0.8663242492249197
                  36000      2.419752177282227    0.03419174972553163     0.8097906527915266    -0.7733397014154831
                  37000      2.687501163127448    0.03393796959562013      4.065269321839342      0.832669867088104
                  38000      2.705465477249013    0.03366361215114822      3.626635364261846     0.7103782551959206
                  39000      2.732680385301638    0.03339429223420018      2.622747137783991     0.3782627262908354
                  40000      2.553143256862732    0.03314173430959087       2.46650932792288     0.3092527047554645
                  41000      2.361478440061317    0.03307233499716347     0.4447808527039369     -1.405821013956019
                  42000      2.446022547910454    0.03292309330075582      1.104334954894645    -0.5009269236383392
                  43000      2.522753337626394    0.03269631006746276      2.285787558931893     0.2196282970437124
                  44000      2.419850614194293    0.03255607279418109      1.108048843777792    -0.5087799726061796
                  45000      2.494001080548601    0.03235717126758517      1.963987079617316    0.05746774297658441
                  46000      2.683924672067091    0.03218858493938795      4.473733457884706     0.8754906079849001
                  47000      2.722620795232158    0.03198054758967082      3.421795907545033     0.6009488003290328
                  48000      2.684962397060647    0.03182603984316022      4.695427412723626     0.9125293997117117
                  49000      2.523592521519769    0.03164072218690088      2.419095313508598     0.2434940384209883
                  50000      2.437348343809072    0.03151075415110247      1.384465966916257    -0.3187011912035644
                  51000      2.438412767442629    0.03137215554030923      1.569867653178735    -0.1974325104812394
                  52000      2.526306425374313    0.03119712529368794      2.608741547602944     0.3048493297115318
                  53000      2.569316046400677    0.03102391273230006      2.873941790598786     0.3960982570235571
                  54000      2.518390095439427    0.03085695717573219      2.824201538203226     0.3732433622393435
                  55000      2.779156607071378    0.03076447702849862      1.074957559070395     -0.595702700219518
                  56000      2.640217229374434    0.03062561172676186      4.417016291116014      0.812956502078502
                  57000      2.673486163467957    0.03050945855575674      4.963418132980738      0.925786833000205
                  58000      2.684310668248365    0.03039116549108182      4.972502656424091     0.9237306610780415
                  59000      2.668087480626219    0.03028420809649482      5.283077368889476     0.9807905924477364
                  60000      2.430174028954009    0.03018266609076535      1.536884131087841     -0.257319697825095
                  61000       2.69804542958242    0.03005870477533506      4.804325492508053     0.8783243895944949
                  62000       2.62156019237368    0.02992025669854248      3.950482260478895     0.6780288330650919
                  63000      2.607810092811487    0.02978377754988921      3.615890489808808     0.5849574627148494
                  64000      2.479743375798725    0.02968073573313359      1.868033995246531   -0.07895981699678047
                  65000      2.670647420746415    0.02957132500797874       5.03353417064448     0.9085829356454489
                  66000      2.598530577560606     0.0294458012144694      3.190676966888285     0.4484398739560257
                  67000      2.721206060911304    0.02932169368042816      3.564480123920478     0.5550012939305449
                  68000      2.709352690983561    0.02920384274176244      4.257601901320123      0.728661806950861
                  69000      2.699024543786438    0.02909525127344784      4.750953704210535      0.834575789886302
                  70000      2.489325399297471    0.02900319257680279       2.02583768122711   -0.02095536467714473
                  71000      2.556394315045031    0.02889865719384102       2.65937175921219     0.2475404820871185
                  72000      2.530964363687878    0.02879565933807493      2.700112838468364     0.2591736602951739
                  73000       2.68044487833842    0.02870200100213892       5.12137146135921     0.8960445461710407
                  74000      2.617381345616333    0.02859536819697825      3.804187378620994     0.5950025931161522
                  75000      2.523436696627404    0.02849957323361647      2.683887146505067     0.2428107221500818
                  76000      2.583332691921181    0.02840163085734012       2.98852671689927     0.3468825349954912
                  77000      2.184969447542598    0.02839390043619528     0.1465079371933451     -2.668845886693918
                  78000      2.418280720096735    0.02833561884761311      1.323203953205322     -0.470168899550629
                  79000      2.483606248330433    0.02825304062149574      2.226206156234297    0.04715538362630488
                  80000      2.550564298173767     0.0281585450749806      3.136074140753071     0.3864780453920287
                  81000      2.497975337049648    0.02807166524450098      2.640522687071286     0.2113930361864597
                  82000      2.491615735953649    0.02798619549341126      2.651261952343997     0.2124025433658455
                  83000      2.693416155627161    0.02790523604065281      5.072584996291794     0.8583203295746439
                  84000      2.606217861991087    0.02781508618591321      3.704399917545599     0.5407552598966593
                  85000      2.711736512055276    0.02772967313092164      4.529794550296941     0.7388350951058106
                  86000      2.304820935923438    0.02771863868323393     0.2488365670538428     -2.163198453885366
                  87000      2.500793696675353    0.02763751807666168      2.853255183438583      0.273290150152739
                  88000      2.362507430018415    0.02761708625348806     0.4858191443149779     -1.497828769265376
                  89000      2.360232191104329    0.02759505578163505     0.5289627713670556     -1.413545168980659
                  90000      2.632404922239813    0.02751328536706523      4.508535159368968     0.7262967324401419
                  91000      2.685567908479097    0.02744222521471426      5.327105536422389     0.8905463705224458
                  92000      2.516319280832951    0.02736400534318645      3.083363389271571     0.3409049246205618
                  93000      2.542189075448781    0.02728583648477829       3.25321629291891     0.3916673308314513
                  94000      2.441123217466979    0.02723181439005791       1.69518044662021    -0.2621694323814588
                  95000      2.453293269787058     0.0271712659717923      2.037268491639193   -0.08057460945592254
                  96000      2.294464286799774     0.0271601677083629     0.2876651922173659     -2.038551086849332
                  97000      2.036801522139268    0.02715284166786095     0.1876560230306002     -2.466007512600362
                  98000      2.708748788601666    0.02707961039968153      4.707933604857574     0.7536855853822438
                  99000      2.619617051005847    0.02700441932874143      4.124538500097941     0.6186101039941966
                 100000      2.431202869842294    0.02695363817768149      1.705533203690672    -0.2663484853786783
                 101000      2.332222076831345    0.02693931441815734     0.3984539200662133     -1.720921260933832
                 102000       2.59730549816856    0.02686660560269521      3.606539507583647     0.4792882532185861
                 103000      2.683231461006869    0.02680407684568778      5.351474169004765     0.8715815033937846
                 104000      2.008239016950903    0.02679645294237618     0.2159366763248733     -2.338845115803021
                 105000      2.126581275360628     0.0267904816385317     0.1682741524896792     -2.588458670089997
                 106000       2.66332505556966    0.02672872052304925       5.37310766584938     0.8728005499385794
                 107000      2.620867559361245    0.02665955340810019      4.360729507208115     0.6614423625358854
                 108000      2.696360136613766      0.026597243228663      5.232940305483909     0.8414363301775685
                 109000      2.287056805077927    0.02658613187824808     0.3416066567383183     -1.888050170668082
                 110000      2.661829799525601    0.02652681796366683      5.451784360773171     0.8797546184096884
                 111000      2.490157580940934    0.02646767792486062      2.681499070653501     0.1679557182445073
                 112000      2.700320559761854    0.02640715482810979      5.219791498875508     0.8317478857808481
                 113000      2.549988967821607    0.02634624851442174      3.058259081277734     0.2948271576368199
                 114000      2.472878343900157    0.02629244529536058      2.440224234201074    0.06702701891550412
                 115000       2.68576062628259    0.02623789496955082      5.612362074016671     0.8978318544197781
                 116000      2.541793171411329    0.02617873260920573      3.156321964871021     0.3200102009715023
                 117000      2.337877519313456    0.02616573915693792     0.4551295973907531     -1.617066744118913
                 118000      2.586079747265974    0.02610646761261326      3.326422929878984     0.3697360540580543
                 119000      2.677204891405081    0.02605489694344531      5.722463574197616     0.9102605782438129
                 120000       2.66556535125252    0.02600330305551298      5.711398816870973     0.9063429786780256
                 121000      2.654005719079994    0.02595029943321138      5.549213701764572     0.8754948285390078
                 122000      2.720681693173663    0.02589181698970858      4.302905746790479     0.6188729597659545
                 123000      2.593546419089128    0.02583562291338149      3.524674035674996     0.4171976702863536
                 124000      2.556989453923132    0.02578206199806321      3.178753981199144     0.3118237066944635
                 125000       2.36167640730075    0.02576759856177146     0.5780670071223016     -1.393292217010239
                 126000      2.690615697277493    0.02571906158746409       5.78398630170077     0.9079809673134569
                 127000      2.651071941822441    0.02566834689667315      5.506147919463877     0.8567793038276836
                 128000       2.52846725442468    0.02561695394679997      3.198723002409532     0.3116615020228916
                 129000      2.331084866153023    0.02560463843711804     0.5133253012066317     -1.518416557564451
                 130000      2.553581863649422    0.02555347337229728      3.284207931388566     0.3355541953958305
                 131000      2.466803720101675    0.02551201673153543      2.244510112295317   -0.04670769208824744
                 132000      2.688669581520713    0.02546652221888663      5.878425308620664     0.9143090946210464
                 133000      2.637091788896452    0.02541570297710665      5.027223818272443      0.755890555172034
                 134000      2.523403196116753    0.02536711415476103      3.253826937536061     0.3189408774654682
                 135000      2.388627326420635    0.02534915854185273     0.8346182383876986     -1.042379884565652
                 136000      2.371364161144429    0.02533293720878656     0.7481442156372494     -1.152398665158831
                 137000      2.728930021954481    0.02528269323449927      3.905339939780513     0.4981203695001916
                 138000      2.612489615603394    0.02523261064851944      4.301089132878308     0.5926609464017002
                 139000      2.764192642689889    0.02520497803955975      1.441735001285445    -0.5014557956330863
                 140000      2.706101514174101    0.02515949793476777      5.510664928674317      0.837576207107472
                 141000      1.963055875633828     0.0251550790401917     0.2002825465082684     -2.477310913017791
                 142000      1.980739387974151    0.02514977817165454     0.2416571114718326     -2.289730938242287
                 143000      1.799778828095344    0.02514151531432591     0.3836569156762344     -1.827830660361065
                 144000      2.065931031183019    0.02513668092866548     0.2203739009028234     -2.382446016969087
                 145000      1.645659956475644    0.02513260787184226     0.1850419219203515     -2.557351315408417
                 146000      2.014143289114366     0.0251262337404485     0.2936401218398003     -2.095832429761451
                 147000      2.096309374664334    0.02512112074125982     0.2341178806346208     -2.322566133196134
                 148000      1.908920947808075    0.02511586289571204     0.2411827889255575     -2.293045100532723
                 149000      1.658528790235563    0.02511051163841257     0.2458438780783696     -2.274116599855648
                 150000      2.690736198249002    0.02508161293065726      7.094190998877001      1.087066742896389
                 151000      2.308277473750887      0.025070157691245      0.556966141350168     -1.457917188458616
                 152000      2.198468522900122    0.02506606850698661     0.1905399593493211      -2.53072282902045
                 153000      2.422089283280366    0.02503614746463614      1.700537553406971    -0.3430794741078491
                 154000      2.703042316683156    0.02500249681138277      6.735567569647958      1.032033208088811
                 155000      1.605125998555126     0.0249987717581964     0.1774938408055002     -2.604337238588983
                 156000      1.946507179396615    0.02499292674193104     0.2821930286791927     -2.140915651053128
                 157000      1.904724496599499    0.02498676551946935     0.2983590489103901     -2.085455912370962
                 158000      1.984589887288111    0.02497964173319321     0.3474114644272612     -1.933528824838972
                 159000      2.179755559606406     0.0249747998481058     0.2332244091419141     -2.332231411372948
                 160000      2.247228893175125    0.02496949502966983      0.256461877042576     -2.237464934147612
                 161000      1.672642240000938    0.02496283967574807     0.3247195304648168     -2.001749708553602
                 162000      1.837971461080696    0.02495694557074702     0.2866172262676478      -2.12680005896088
                 163000      2.050311295142947    0.02495033618868846     0.3231695308706941     -2.007035495694145
                 164000      2.088407062400842    0.02494392144101013     0.3136799351829431     -2.037096526958335
                 165000      2.129687916196877    0.02493815926266325     0.2809988424741984     -2.147350160289212
                 166000        2.0319674348175    0.02493007051284927     0.4006343451824384     -1.792975961327884
                 167000      1.859079018772015    0.02492389932634617     0.3025043834079957     -2.074176917784965
                 168000      2.008648714311221     0.0249147996821613      0.454918642189614     -1.666519254964556
                 169000      2.249470851719217    0.02490829127692605     0.3206491367513848     -2.016551616743213
                 170000      2.622582439765973    0.02486737488014933      5.830261050202838      0.882273912759073
                 171000      2.682684348048723    0.02485094902973325      7.975249421329915      1.194894303506336
                 172000      2.466148293746485    0.02481174598922658      2.835239512811087     0.1590990252678984
                 173000      2.635304522482984    0.02477646212658168      6.544213037446477      0.994130685854285
                 174000      2.441734937644245    0.02474185670242773      2.379917551542424   -0.01878230459692576
                 175000      2.633899262934679    0.02470747729872768      6.622716508796953      1.003266994784575
                 176000      2.706543787548384    0.02467809807261943      7.150158351787278      1.078706073901204
                 177000      2.655712648055073    0.02465446183651092      7.691836820000543       1.15077294270608
                 178000      2.358572900556786    0.02464018609296856     0.8375501025129597      -1.06724006428715
                 179000      2.613115679776932    0.02459951258274334      5.690726199045081     0.8472199340535734
                 180000       2.64325921037865    0.02457087265768643      7.317319650962456      1.097461233899702
                 181000      2.393698442481855    0.02455075953745559      1.286658229508896    -0.6415534326602993
                 182000      2.781984000078713    0.02453748650666439     0.8036600856936473     -1.112721430713776
                 183000      2.620008802343808     0.0245004468847005      6.276482024783927     0.9411564317344413
                 184000      2.710088619984604    0.02446753450531424      6.856916634248253      1.028260424815228
                 185000      2.662228294385168     0.0244462734705124      8.058364187143617      1.188843809260383
                 186000      2.009420723811422    0.02443835548895719     0.4839962211103234     -1.623868897787784
                 187000      2.177459861544565    0.02443363873628279     0.2823642344598978     -2.162941172533896
                 188000      1.874069848415341    0.02442805009596046     0.3368749358850197     -1.986656023745168
                 189000      2.320578872961414    0.02441709681998346     0.6875801341100485     -1.273637883475851
                 190000       2.71251044985231    0.02438340604262362      6.771221790128952      1.012239800353973
                 191000       2.45262486862322    0.02435170978237705      2.572378557979713    0.04308848160612767
                 192000      2.256725847277941    0.02434568156173112     0.3739405683147637     -1.885648479459981
                 193000      1.821948543144305    0.02433925797066479     0.4000803354633286     -1.818343874512556
                 194000      1.987889923884849     0.0243314944453613     0.4889427403785859     -1.618082875039783
                 195000      1.941256526224401    0.02432543982233283     0.3771725871888376     -1.877874258567562
                 196000      1.955583835330599    0.02431790524220723     0.4750513493261623     -1.647464018912475
                 197000       2.42124619744744     0.0242914303482945      2.018413876636179    -0.2019089412504241
                 198000       2.67772828588268       0.02427263034643      8.288881606405635      1.209919881442905
                 199000      2.450132138272736    0.02424122504061329       2.66732212229451    0.07478515435042223
                 200000      2.754592579753937    0.02421112267536358      2.522844735624297    0.01785470821370256
                 201000      2.724215583581835    0.02417381540795591      5.745338038775399     0.8393142272992489
                 202000      2.670852154520077    0.02415422427171246      8.274292540679122      1.203268144698251
                 203000       2.69530726670056     0.0241315511950683      8.049338020116966      1.174765454789794
                 204000      2.517254197191687    0.02409647241968371      3.585531085554805     0.3646274990330161
                 205000      2.359503857307645    0.02408407755973569     0.8917193804974871     -1.027397413993396
                 206000      2.563336523615046    0.02404887972092689      3.717548851039884     0.3988083920912937
                 207000      2.651123075726118    0.02402367283539058      7.767405164183437      1.134631303026099
                 208000      2.683187520595256    0.02400426559141883      8.443782294277435      1.217317332664907
                 209000      1.783761656705201     0.0239971928319542     0.5070944861751179     -1.595465633540272
                 210000       2.46333625725787    0.02396750880052869      2.824750870912222     0.1207747243547406
                 211000      2.669519376943587    0.02394821095064367      8.500939040717695      1.221725692270737
                 212000      2.677571420221229    0.02392962913481577      8.646881582759363      1.237971586940355
                 213000      2.382418255094754    0.02391531583753988      1.138909143079394    -0.7897545662485919
                 214000      2.736606401012466     0.0238799921633018       4.45015342154644     0.5716349704681535
                 215000       2.72660214954736    0.02384451997940905      5.443143196339109     0.7715665459098128
                 216000      2.614746721380334    0.02380963181765172      5.686210840209109     0.8137897279345838
                 217000      2.712649929884219    0.02378023058126534      7.214691804845378      1.050629500852589
                 218000      2.487505656531822    0.02375076664177309       3.14944673296653     0.2204970444740637
                 219000      2.761822473868196    0.02372742207847483      2.223928984399297    -0.1284376888191009
                 220000      2.468422125072269    0.02369914905679267      2.995675037002585     0.1682641746498998
                 221000      2.273907032788781     0.0236933162340423     0.4606085310914123      -1.70435833937101
                 222000      2.503701512802852    0.02366281622673995      3.501360400271084     0.3227118970384569
                 223000      2.510172835261839     0.0236318346766232      3.681715549110919     0.3716289931758465
                 224000      2.727297489081453    0.02359896846576567      5.845323215232078     0.8325003309016757
                 225000      2.705345577482449    0.02357483713200956      7.891469670282546      1.131617745278659
                 226000      2.680120229132494     0.0235563716532606      8.687401236726373       1.22692562256275
                 227000      2.692540078049003    0.02353676737859821      8.608779410025269      1.217001749732077
                 228000      2.756168209762068     0.0235110022117647      2.852486621827929     0.1113150413519955
                 229000       2.42852622181911    0.02348959491762386      2.196130028180949    -0.1510902753161247
                 230000       2.72527143578291    0.02345856471980493      6.325272181864164        0.9054441656362
                 231000      2.702661168437947    0.02343677611397579      8.318934725960688      1.178496064118329
                 232000      2.476050787781672    0.02340990780307959      3.220592482783346     0.2283801244113154
                 233000      2.657357306096519    0.02338676465424354      8.117178567591516      1.151808313803173
                 234000      2.672771846908019    0.02336774668258965       8.76946672115284      1.228288159818917
                 235000      2.538923243037504    0.02333962662607308      3.682650108368539     0.3594406984886598
                 236000      2.396124603194683    0.02332565018827033      1.391610057463191    -0.6143295491747883
                 237000       2.66548948633796    0.02330554443279211      8.628430520350216       1.20940935385998
                 238000      2.277250659392152    0.02330010970316547     0.5012126352759977     -1.636611339601278
                 239000      1.995414909741524    0.02329447498300278     0.5212454733833488     -1.597662545025562
                 240000      1.995028589696365    0.02328832935825629     0.5719967975181575     -1.505014099409938
                 241000      2.113633511086734    0.02328479489898509     0.3214392919710621     -2.081490574712109
                 242000      1.969454933131612    0.02327873827067575     0.5643907068615809     -1.518812663479798
                 243000      1.789234715334501     0.0232732408956322     0.5101806632225927     -1.620030695429831
                 244000      2.023720399277848    0.02326731985199213     0.5523927476584557      -1.54079075396756
                 245000      1.976012572289911    0.02326057877831141      0.634796961241084     -1.402034609748861
                 246000      1.906897893021158    0.02325669076483537     0.3567827047496983      -1.97838004944264
                 247000      2.055328487842406    0.02325223092445613     0.4117620853687266     -1.835253040177627
                 248000      1.927492115813672    0.02324748469515759     0.4397929820454733     -1.769598779334378
                 249000      2.031791778679478    0.02324135941254562     0.5757487614908996     -1.500495028840109
                 250000      2.042291805557385     0.0232353530206011     0.5646565338529215     -1.520207243686325
                 251000      1.760407274619717    0.02322923416135429     0.5766106721124152     -1.499520968895156
                 252000      1.891134612927319    0.02322488615913531     0.4033305436960468     -1.857119024725543
                 253000      1.798024079896408    0.02321895566832392     0.5590741607362522     -1.530848710323513
                 254000      1.915236250890379    0.02321379135551193     0.4838353245097357     -1.675608673965288
                 255000      1.919165113223705    0.02320816049716152     0.5305242521562207     -1.583730206146184
                 256000       1.80406667142567    0.02320200859211144     0.5833114135101892     -1.489139788329637
                 257000      2.619932666922403    0.02317217800374986      5.789994456676982     0.8047391070178057
                 258000      2.643998460161565    0.02314707112942077      7.573672508226816      1.072201782817802
                 259000      2.708083323018899    0.02312366176031472      7.944104989831282      1.118941992575784
                 260000      2.736518820514893    0.02309441978681421      5.098249421255744     0.6741436885251919
                 261000      2.552043932133514    0.02306903605709653      3.500267686287295     0.2969861730635974
                 262000      2.032110690594091    0.02306254484486628     0.6494240560149681     -1.387804072482133
                 263000      1.805835972552596    0.02305647748596067     0.6051936952906226     -1.458604528029779
                 264000      1.924404091265836    0.02305080593806682     0.5641454190754978     -1.529087054093191
                 265000      1.834588348133102    0.02304603433027188     0.4708866141757186     -1.709988802171153
                 266000      1.787705619492157    0.02303923791777171     0.6856146582384692     -1.334585335193044
                 267000      2.065366706085903    0.02303432565311384     0.4866573370998215     -1.677554062618289
                 268000      1.634507483692576    0.02303174578779901     0.2500939375142303     -2.343389727960562
                 269000      1.712184475805348    0.02302751143819196     0.4173218376884357      -1.83155247346776
                 270000      1.726915677674205    0.02302206197858311     0.5442019542702669     -1.566326451138059
                 271000      2.041581915984251    0.02301527980230752     0.6876844637979127     -1.332611402089392
                 272000       2.22332458171862    0.02301223072732767     0.2980811626413125     -2.168708188582184
                 273000      2.528804660555639    0.02298597099926438       3.90806702309756     0.4035823953172943
                 274000      2.507605081494097    0.02296018175052269      3.811117021035246     0.3773392527048949
                 275000      2.490835242207997     0.0229350312335459      3.666205869520131     0.3374782319388352
                 276000      2.378684094062927    0.02292430263290324      1.167073273131549    -0.8076478251094665
                 277000      2.524776626792381    0.02289810385051443      4.101131200500068     0.4479723818394397
                 278000      2.313109739345449     0.0228917754299431     0.6599325149617219      -1.37918456695069
                 279000      2.612330706887231    0.02286412376535764      5.536935474282584     0.7466656562821521
                 280000      2.513199830537698    0.02283827212581195       4.13012679147338     0.4524012750861793
                 281000      2.230339801785438     0.0228348109071419     0.3562806791204707     -1.998094830731752
                 282000      2.531118491604454     0.0228087858379176       4.29336553870702     0.4898721765123666
                 283000      2.698123104983063    0.02279185231643693      8.817727772163872      1.208822769954461
                 284000       1.95411714452205     0.0227858410444518      0.648393288542186     -1.401463065961388
                 285000      2.212796417918482    0.02278255091126057     0.3450591651514208     -2.032389013632754
                 286000      2.168183464584492    0.02277959635700337      0.309009658065536     -2.142862070240723
                 287000       2.14385243442004    0.02277643870834213     0.3311450353454664     -2.073816776888062
                 288000      2.275717191535479    0.02277103606412528       0.58074319584901     -1.512301805447373
                 289000      2.228869452994392    0.02276695714077852     0.4326953856009825     -1.806755621656511
                 290000      2.342944698921355    0.02275919029590149     0.8599167042995456     -1.120295279239077
                 291000      2.130189757665453    0.02275561898901904     0.3777834357989421      -1.94296662750489
                 292000       2.38664795676665    0.02274415162030345      1.336441249859194    -0.6800262240829524
                 293000      1.695599538727657    0.02274030700641554     0.4092277102988428     -1.863689102238541
                 294000      2.042444871270784    0.02273348468558221     0.7514596327297244     -1.256243415167084
                 295000      1.563223914344101    0.02273171796059675     0.1844799302275642     -2.660797946690092
                 296000      2.163669557302025    0.02272794048543583     0.4028670723759518     -1.879898152897989
                 297000      1.499897960061199    0.02272623731992289     0.1779330789831063     -2.697172236269497
                 298000      1.853939531076716    0.02272174029473809     0.4839136037587128      -1.69687126665303
                 299000        1.9497827287185    0.02271507812364433     0.7354874387361294     -1.278537441342436
                 300000      2.171201697684645    0.02271086372684384     0.4532025867787278     -1.762917215978005
                 301000      2.049666174906551     0.0227037106679407     0.7962844794407609     -1.199614956298622
                 302000      1.995366331133305    0.02269619817980189     0.8413498045085783     -1.144894899541424
                 303000      1.615681867482586    0.02269368757440379     0.2662289674686447      -2.29565631733075
                 304000      1.780873127836839    0.02268651482087894     0.8018149119063349     -1.193451355922317
                 305000      2.662084485110997     0.0226738191149069      9.406584005345429      1.268276223890448
                 306000       2.55898578456782    0.02264927839101473      4.142071322771629     0.4469794123122856
                 307000      2.557644534314152    0.02262455130879036      4.300280928846636     0.4833714483669356
                 308000      2.389272939878244    0.02261219851704782      1.525415787339698    -0.5535880238353038
                 309000      2.540716528020475    0.02258694474024064      4.770470701051893     0.5854724902791674
                 310000      2.664171601864827    0.02257515629043396      9.565077858758702      1.280624203044683
                 311000      2.669400612566169    0.02256478723814662      9.841774384265134      1.308682060580916
                 312000      2.651336358169909    0.02254927561623919       9.09634841355402      1.229231439517578
                 313000      2.650215362387497     0.0225337373962619      9.138297675412684       1.23314318194924
                 314000      2.494128019235396    0.02251040273008238      4.125788674492608     0.4368901790274655
                 315000      2.592055664847494    0.02248629208193148      4.579041649985037     0.5400510500254225
                 316000      2.523638440662221    0.02246197292358728      4.825914763172036     0.5914795299296124
                 317000      2.547377207530698    0.02243785515599709      4.793651403609901     0.5836973508071147
                 318000      2.551276019759278    0.02241387076515017      4.811561780155228     0.5863571614166164
                 319000      2.749993193322327    0.02239200434832526      3.841405409298452     0.3601976758277541
                 320000      2.747687023636607    0.02236937220584469      4.202128863989114     0.4489394180267512
                 321000      2.718748920915999    0.02234837434103363       7.70585926572597      1.054390002862598
                 322000      2.348920087207601    0.02234062868568178      1.004881441074647     -0.983068061800184
                 323000      2.362081415987419    0.02233144212653046      1.219337430527383    -0.7900412944996279
                 324000      2.434873350521149    0.02231520567534591      2.464848623297145   -0.08694585209154165
                 325000      2.526364625311251    0.02229172733668927      5.073272987957417     0.6338572450420734
                 326000      2.669091588942634    0.02228124563786251       9.94409815570978      1.306379984623712
                 327000      1.848070016464154    0.02227706136450557      0.531547714936306     -1.622749362656059
                 328000      2.683247776515927     0.0222669232841098      10.06460488549255      1.317782556357765
                 329000      2.633893187182488    0.02224642932825301      7.816267628872481      1.064044109192743
                 330000      2.533216825331022    0.02222342307167798      5.120363149138977     0.6400276278575955
                 331000      2.575195666800545    0.02220186227850953      4.257796195825271     0.4545833110561402
                 332000      2.515085444734008    0.02217945789025849      4.827076804708848     0.5790630460551515
                 333000      2.291707993212224    0.02217454251407631      0.656306296490145     -1.416527348573889
                 334000      2.510411407170554    0.02215234015377675      4.798593618500997     0.5719214578082835
                 335000      2.583294732538442    0.02213113266570874      4.286215293374399     0.4580449004565084
                 336000      2.566259437637566     0.0221096599413019      4.492106930446264     0.5039918934506101
                 337000      2.719568810644093    0.02208888024854145      7.379635386831964     0.9994539953150274
                 338000      2.557299773322215    0.02206713188498328      4.855824918321642      0.579923692627428
                 339000      2.681602306761537    0.02205510215503047      9.759832563289287      1.277474648032132
                 340000      2.509480940410926    0.02203361054128542      4.841375990718201      0.575423453114308
                 341000      2.684202189488319     0.0220214822312415      9.782280982250395       1.27824656588273
                 342000      2.719790935413889    0.02200112449919063      7.461728653849416      1.006536113837682
                 343000       2.52001059690426    0.02197962276338856       5.18719414322245      0.641964147360845
                 344000      2.719735683894049    0.02195964935889807      7.561217255855849      1.017894276938094
                 345000      1.610928294292743    0.02195765321569124     0.2791743895778904     -2.281147457781874
                 346000      1.950003239743947    0.02195268990807801     0.7224882609127417     -1.330508990143327
                 347000       2.65660785331793    0.02193809325898164      9.283055584769945      1.222070739985084
                 348000      2.658900754312702    0.02192430375205804      9.509507959464527      1.245543355580066
                 349000      1.972250903784925    0.02191893135801232      0.802413598242706      -1.22712494876171
                 350000      2.434626837649063    0.02190559258301751      2.309947454030552    -0.1703778118111632
                 351000      1.930278738015006    0.02190085698214784      0.704072886546902     -1.358692190716658
                 352000       1.93330223277274    0.02189573229489713     0.7670509187311045     -1.273254909714887
                 353000      2.754674992364631    0.02187824652836074      3.462281461251246     0.2330760253720098
                 354000      2.747689232174412    0.02185873406213262      4.323371333058109     0.4542915067657228
                 355000      2.655736197045207    0.02184467342432318      9.402575101921679      1.230596149165612
                 356000      2.619892330605477    0.02182385002018613      6.354737080236919     0.8378593788480663
                 357000      2.599311717448388    0.02180374862368941      4.908218227583789     0.5786483375135151
                 358000      2.480780708494078    0.02178588063098296      3.785130861003644     0.3179979801340741
                 359000      2.520790780316961    0.02176565626466161      5.220500126836878     0.6385819716647471
                 360000      2.609112387481648    0.02174528144377671      5.628177757261214     0.7128379498620918
                 361000      2.694554081734495    0.02173187252312064          9.52687713525      1.238552376752571
                 362000      2.491735693293457    0.02171322599167906      4.323929776584246     0.4477416646253399
                 363000      2.283037166874758    0.02170914360488376      0.643107290261036     -1.458054735926381
                 364000      2.237978089967406    0.02170606563015696     0.4783353257447324     -1.754196092752871
                 365000      2.483896400547121    0.02168802167473239      4.087714057584043     0.3904014530420885
                 366000      2.657273020741661      0.021674620982843      9.514011692813371      1.234563100938211
                 367000      2.557533546403375     0.0216554881744739      4.830667077564155     0.5558989248835622
                 368000      2.647646183112307    0.02164016623990252      8.964228208714687      1.173448587764314
                 369000      2.095396072419936    0.02163749989467494     0.4238144393643504     -1.878376209139921
                 370000      1.795751979475416    0.02163298163660775     0.7385910851358231     -1.323136331065215
                 371000      1.847528497365064    0.02162950317675633     0.5603465203147465      -1.59948619204129
                 372000      1.852401012323639    0.02162592059552772     0.5784677245276471     -1.567824464978523
                 373000      1.822084590519944     0.0216215665359655     0.7118689242355597     -1.360514774605772
                 374000      2.395217819129996    0.02161300975425692      1.505786011964173    -0.6117340964533966
                 375000       1.69075275423332     0.0216106822504117     0.3704650652649565     -2.014152950625174
                 376000      2.317082083504957    0.02160597238948343     0.7771493411683522     -1.273497531044914
