#! FIELDS time e sigma_e height
#! SET action OPES_METAD_state
#! SET biasfactor       2.698418390276557
#! SET epsilon     0.01374333274381851
#! SET kernel_cutoff       2.928208142815685
#! SET compression_threshold                       1
#! SET zed      0.1331578881604027
#! SET sum_weights       479.8069832090396
#! SET sum_weights2       1048.821901221721
#! SET counter  377
                      0      2.663618885278619    0.03121959380747694      408.4283902676507
                      0      2.708712565721425    0.02822577419796303      239.5749391931273
                      0      2.537624493291161    0.03106141495327547       160.510792115901
                      0      2.487816780338004    0.02969243119741188      79.20888848803442
                      0      1.780192485103457     0.0380459925296945      9.077443331826176
                      0      2.113989599248837     0.0316649600316878      2.538657421090227
                      0      1.918046375817226    0.02791400712663412      5.169768416825518
                      0      2.310616420545193    0.02956949772825273      5.477048141973533
                      0       2.01346014463187    0.02871489603099575      5.889015563510057
                      0       2.43510944005624    0.02932935481827158      32.03012038878056
                      0      2.357082455398941    0.02649345309235583      8.054308647448298
                      0      2.751906038345395     0.0254496288585812      31.84704947675368
                      0      2.611582390411431    0.02783219264152158      104.6447274722249
                      0      2.174674654935366    0.02589495288751911      2.017715857364694
                      0      2.389269883910886    0.02395624611676655      10.18651199073379
                      0      1.963313751098981     0.0273795319546721      6.520681082516568
                      0      2.049339732164452    0.02473406724221002      4.242047964063385
                      0      1.654744414319706     0.0287649662476282      1.005699267977768
                      0      1.611254297944244    0.02336205656582146     0.7228971978520353
                      0       2.26992091530331    0.02654966098366978      3.136723234586181
                      0      1.850291389162362    0.02518941335004049      3.551158723273794
                      0      1.720522021805589    0.02415432990727343     0.9615237919587025
                      0      2.227656059313844    0.02408610792114062      1.910451718258919
                      0      1.693296626105796    0.02234223034627298     0.7796927755637992
                      0      1.563223914344101    0.02273171796059675     0.1844799302275642
                      0      1.499897960061199    0.02272623731992289     0.1779330789831063
                      0      2.574779273104775    0.02322488600454042      13.03611841964593
                      0      1.822084590519944     0.0216215665359655     0.7118689242355597
