#! FIELDS time e sigma_e height logweight
#! SET action OPES_METAD_kernels
#! SET biasfactor       5.011348439085033
#! SET epsilon    0.001910020759284688
#! SET kernel_cutoff       3.538542402811424
#! SET compression_threshold                       1
                   1000      2.637567032862932    0.06321896844457647   0.006322704301097473     -5.011348439085033
                   2000      2.641531697725034    0.05518021288371792      1.087295568681559  -4.66519653267728e-05
                   3000      2.513383717400352    0.05402803319711056     0.1290577787294201     -2.152336594850219
                   4000       2.55493468771324    0.05037167591694037      0.831850692496708    -0.3590178412918362
                   5000      2.281722339381848    0.05032446595585807   0.007942753809768744     -5.011348439085033
                   6000      2.436779513298512    0.04922902667972179     0.2188540058053418     -1.717211551151755
                   7000      2.189341464258962    0.04915204163023583    0.01452702266973527      -4.43117090929633
                   8000      2.393090738576328    0.04747264710795931     0.4506514267673588     -1.031251995369494
                   9000      2.277345557582713    0.04691956001492935     0.1383952658855307     -2.223551358239725
                  10000      2.076219090811712    0.04686381217767131    0.01339486865596679     -4.559982361447513
                  11000      2.795952495269934    0.04651039801917289    0.09053015948978375     -2.656740891073262
                  12000      2.685559586842436    0.04562203087654216      1.941548388917107     0.3895319642335009
                  13000      2.694063486811351    0.04621873284170289      3.541514060226511      1.003594962784655
                  14000      2.606001103502313    0.04454997450970247      2.338711659931361     0.5518672245916826
                  15000      1.941076656067851    0.04453704798568607   0.009320582810463579     -4.973553299342312
                  16000      1.833821271652765    0.04452317966792635    0.01001494282305272     -4.902011636264355
                  17000      1.946286148327676    0.04448386852286627    0.02859614598620172     -3.853701269838805
                  18000      1.698084879194571    0.04447123660513815   0.009168957162270997     -4.991433672402744
                  19000      2.533078728306961    0.04322612657351788      1.529139862728299    0.09680592811344736
                  20000      2.382881154927748    0.04260021150112703     0.6606486472919608    -0.7570184718090366
                  21000      2.595125652766455    0.04181565583077755      3.490484425714401     0.8889667791032375
                  22000      2.728059223378005    0.04086197725904544      2.696429446196745     0.6077838875617938
                  23000      2.159119914356018    0.04083453706454071    0.03831490953173113      -3.64673251794193
                  24000       1.59001910201705    0.04082693897570207    0.01056776801760378     -4.934949093084506
                  25000       2.02485293909381     0.0408032686037362    0.03313641103210595     -3.792704941192808
                  26000      2.020243162911544    0.04074798233634912     0.0784901527576216     -2.931720341619897
                  27000       2.45735792620999    0.04021745560914444     0.9593139955605463    -0.4415802796277163
                  28000      2.451098162158118     0.0395535255030077      1.522160949356403    0.00344127086363614
                  29000      2.661013949223273    0.03935734355243474      4.887100490528959      1.164937197540721
                  30000      2.717812130510298    0.03892888651114756      4.842229112854181      1.144767171867636
                  31000      2.618166174383398    0.03840889092026255      4.683073008124635      1.097898925066371
                  32000      2.252718557788257     0.0383621838407458      0.128737421900984     -2.497252821855922
                  33000      2.562928041290257    0.03777615602971345      3.244387802313806     0.7142602220998652
                  34000      2.704097609533114    0.03740655584801461      5.515013396688591      1.234975498729905
                  35000      2.667177949318887    0.03711284432731026      6.304052379993355      1.360811217288482
                  36000      1.733232790031602    0.03710853596824316    0.01691288670790714     -4.560176959600595
                  37000      1.754078979381396    0.03710164025808077    0.02712433385951877     -4.088007407375411
                  38000      1.931888194621157    0.03709054282923035    0.04379497622147616     -3.609218701685073
                  39000      1.846491930609237    0.03708414002768889    0.02523372089403237     -4.160729224773023
                  40000      2.110996299576668    0.03707344332020835    0.04229434414673965     -3.644545572381505
                  41000      1.874134918600311    0.03706182244809138    0.04603356584032632     -3.560141623372315
                  42000      1.878456874004659    0.03704282122834093    0.07570446354756792     -3.063188144909605
                  43000      2.016251538702701    0.03702023770635093    0.09038116452547114     -2.886599224384687
                  44000      2.666679728629659    0.03676072835697407      6.930052553306074      1.445952945537669
                  45000      2.551897926696925    0.03636472795873057      2.679872385854541      0.485023906672619
                  46000      2.100863348129092    0.03635118900409643    0.06515016467146367      -3.23217809673888
                  47000       1.95379730681875    0.03633323780186897    0.08677955368903986     -2.945995839612404
                  48000      2.428033390695896    0.03615481246224909     0.9798165253274669    -0.5269244415562806
                  49000      2.500682669233363    0.03589843932536322      1.580133787418033    -0.0561412214688119
                  50000       2.31728021650252    0.03585383254516063     0.2341207740290605     -1.966812264308536
                  51000      2.384206844810138    0.03571269919941188     0.8078410086319066    -0.7322282281365973
                  52000      2.648232580941943    0.03545067488426854       6.78753585793204      1.388885696395543
                  53000      2.445847532717855    0.03525230174549387      1.378376303880009    -0.2109075223003807
                  54000      2.675209338076341    0.03508142165247039      7.888002323031063      1.528670042274054
                  55000      2.660247718904726     0.0348902491883187      8.183215513097888      1.559948002947961
                  56000      2.688429112921263    0.03468362272470837      8.433627259981749      1.584150005151577
                  57000      2.184783017528262    0.03467610549520228    0.05977125559566961      -3.36552412415341
                  58000      2.443822253590326    0.03452640009172529      1.378344767799979    -0.2317369751286756
                  59000      2.327901517496608    0.03448547799896264      0.342797569977541     -1.624421435396564
                  60000      2.453513915232803    0.03432100702646226      1.596942411524888   -0.09049613759745935
                  61000      2.653430325101048    0.03411139239819821      8.445312035675713      1.568898352935598
                  62000      2.147156831370339    0.03410377661900665    0.06931010752250399     -3.234100964500603
                  63000      2.494707491630324    0.03395604752257561      1.581599635131464    -0.1108408316349788
                  64000      2.487603668812382    0.03379607049516305      1.794092505739125    0.01049930223326439
                  65000      2.622643495946545    0.03352036223915971      6.215640580356218      1.244877309691492
                  66000      2.216900907110944    0.03351163726721587    0.08874752179781979     -3.004411577024332
                  67000      2.480508961523617    0.03335122107155307      2.008749698659209     0.1102623113644241
                  68000      1.898250873506773    0.03334344546068289    0.08106877313551544     -3.099940780581038
                  69000      1.645400550379402    0.03334187078556117    0.01632950918831974     -4.702312002409326
                  70000      1.611662726808786    0.03333984942878807    0.02097576070007973     -4.451978961440954
                  71000      1.930050190660299    0.03332968674786106     0.1063884349437938     -2.828554470570142
                  72000      2.037952249624083     0.0333210506248137    0.09038819111902748     -2.991796863394651
                  73000      2.032626585094204    0.03330961841302041     0.1201502452790232     -2.707510641072139
                  74000      1.710830259846155    0.03330655508703118    0.03196275713231116     -4.031774228732573
                  75000      2.081150984171792    0.03329661906793897     0.1044678784357903     -2.847764338100288
                  76000      1.916713668456101    0.03328368755053716     0.1365853605227192     -2.580082656598479
                  77000       1.82975643243099    0.03327791976146986     0.0605660862278815     -3.393470631153372
                  78000      1.956102337116065    0.03326307193410907     0.1575577748681937     -2.437859794924571
                  79000      1.948792063418281    0.03324328212032282     0.2115750464363651     -2.143667370973959
                  80000      1.894808338545053    0.03322501786183178     0.1954793028359101     -2.223342193028896
                  81000       1.77645696696689    0.03322117718327151    0.04057383355623256     -3.795788936522951
                  82000      1.980355938851577    0.03320040143075242     0.2236713943218748      -2.08935988892942
                  83000      2.130893743284889    0.03318938916017136     0.1176332698604929     -2.732297717544335
                  84000      1.979929342272826    0.03316262975674129      0.291349650315266     -1.826152115626749
                  85000      2.244771257007761    0.03314847883452512     0.1524827211300968     -2.474051727406728
                  86000      1.833951405722255    0.03313822779347034     0.1102043425895585     -2.799076004613277
                  87000      1.704898255317176    0.03313363215044102    0.04917307146634307     -3.606204851885702
                  88000      2.083528678632872    0.03311836539357711     0.1653768636057031     -2.393784975623441
                  89000      1.706027065821148    0.03311188764478757    0.06964304539097896     -3.258824635521809
                  90000      1.919919178998112    0.03308167175231936     0.3339736387630958     -1.692058371674678
                  91000      1.949619838084804    0.03304214560031048     0.4437113569074011     -1.409141701211124
                  92000      1.633379690110349    0.03303840850178136    0.04048691563113425     -3.803450211466223
                  93000      1.888318139801442    0.03300928097074903     0.3249692340236627     -1.721580564434705
                  94000       2.14704791876822    0.03299500102938231     0.1572532370023966     -2.447886294731158
                  95000        1.5044190410574    0.03299386532226148     0.0123495215490296     -4.992160874990316
                  96000       1.55757256240184    0.03299172884633635    0.02326078797772541     -4.359073928712528
                  97000      2.495548102780552    0.03280926966088064      2.682648153261504     0.3831709483983192
                  98000      2.627301825505123    0.03264148075466123      8.465391983396426      1.527225653982756
