#! FIELDS time e sigma_e height logweight
#! SET action OPES_METAD_kernels
#! SET biasfactor       4.240371756148875
#! SET epsilon    0.003891431002318289
#! SET kernel_cutoff        3.33135957893421
#! SET compression_threshold                       1
                   1000      2.663762628740945    0.06284082615044533    0.01375115918422312     -4.240371756148875
                   2000      2.640082338017557    0.05501254176781058      1.036131474390577   -0.05128932927515199
                   3000      2.704355072561183    0.05122694007931081     0.7031337190990047    -0.5102871883031714
                   4000       2.45008579544136    0.05111389878117317    0.01690605147070393     -4.240371756148875
                   5000      2.343442354698194    0.05095818281838939    0.02365644568735323     -3.907458866831806
                   6000      2.662595875370034    0.04943906415145113      2.234045147450491     0.6102102314592104
                   7000      2.248236437203914    0.04934114803680537    0.02715335878044044     -3.801840711786697
                   8000      2.485040906449615    0.04909939789664059     0.0691571487279298     -2.871871636495627
                   9000      2.344703632639677    0.04879200008988748    0.09095770423612688     -2.604138864512673
                  10000      2.540203834838125    0.04736987192639778     0.5527008333211357    -0.8292965613923106
                  11000      2.634573570101138    0.04659856811281706      3.188349691565449     0.9067286961086296
                  12000        2.6835202478256    0.04516541963931062      3.287461281820644     0.9061027996282085
                  13000      2.385178988057224    0.04500471953491612     0.1223945039043307     -2.388083012051927
                  14000      2.664610841935946    0.04395553491464958      4.085094496202179      1.096178851133946
                  15000      2.626171281776805    0.04273940055660316      3.619172578858057     0.9470220925574904
                  16000      2.701950946644304    0.04165322451773968      3.223399638772473     0.8054708138298754
                  17000       2.69190530942015    0.04077064980133542      4.076257239973193      1.018797116960175
                  18000      2.741617135753957    0.04003240838730554      2.175781110922099     0.3727325050586033
                  19000      2.611659661263176    0.03929886743718142      2.822264917085173     0.6143908625204152
                  20000      2.733746973998312    0.03869688790932472      2.210889087091731     0.3548093552798209
                  21000      2.694033241757289     0.0380803875196962      3.457085768656908     0.7857807948844623
                  22000      2.284184281867762    0.03806074745204572    0.05659779614016316     -3.326946293748892
                  23000      2.480436318186898     0.0380147859645156     0.1345949766533276     -2.461854556870526
                  24000      2.573407041903583    0.03767156891127899      1.246593280231283    -0.2450244376583314
                  25000      2.654528838099333    0.03714510397653861       3.58158884820799     0.7962939238902441
                  26000      2.717290564572016    0.03666870953534602      2.900291640027168     0.5723905254132156
                  27000      2.532460762712233    0.03654147805032729     0.5027992826206311     -1.183460790925694
                  28000      2.470091982653647    0.03649740128688898     0.1670004321839982     -2.286862380428403
                  29000      2.125603512019703     0.0364910212849432    0.02372150217296811     -4.238651701562726
                  30000      2.443946915910493    0.03645092903626417     0.1524883391722764     -2.379044766431209
                  31000      2.517105024832965    0.03632973269055519     0.4916032471592498     -1.211791369856516
                  32000       2.47480448421349    0.03624772117563512     0.3283404848045927     -1.617672192602483
                  33000      2.664397933845675    0.03584362026437788      4.130391149309535     0.9031931443883948
                  34000      2.500146455292799    0.03573818009902544     0.4799154616472389     -1.252270286511473
                  35000      2.466586509548396    0.03564832523515944      0.409744179612108     -1.412864660629723
                  36000        2.5538836218599    0.03544574193665114      1.048677287930595     -0.478811786812735
                  37000      2.327860743348752    0.03542530250544888    0.09193860818623732     -2.913552464362644
                  38000      2.493221261108675    0.03529936889225029     0.6223088386713117     -1.004798261124946
                  39000      2.602895110911185    0.03496322423688865      2.471918690151023      0.364946857489012
                  40000      2.471415325450306    0.03485217367962621     0.5870046356133621     -1.075951616576543
                  41000       2.38355375923014     0.0348241038204317     0.1394567870374142     -2.514035272737448
                  42000      2.166540735526541    0.03481768928151531    0.03141428322710777     -4.004711601551787
                  43000      2.586807397467514    0.03451401544888032      2.339067249272533     0.2967731626961435
                  44000       2.26303490441253    0.03450005969496906    0.07248036487182097     -3.177823091053919
                  45000      1.748854950806697    0.03449520706750009    0.02505084842575173     -4.240371756148875
                  46000      2.427131164837207    0.03442280293867809      0.398433397863854     -1.475840268129398
                  47000      2.444332145542625    0.03430977205722343     0.6576657974944633    -0.9779727322273021
                  48000      2.457991098071942    0.03416680492189132      0.880538488741185    -0.6903116454574697
                  49000      2.518412464703782    0.03398702267771989      1.202595735290425    -0.3838834630400567
                  50000      2.653479312316786    0.03377338057544036      5.109345546704029      1.056399696002859
                  51000      2.653995242912031    0.03357209692129747      5.372488353060091      1.100641892613865
                  52000       2.57604538176875    0.03332587239536519      2.511192299744739     0.3327471420816956
                  53000      2.264811774710759    0.03331142007157203    0.09883722882328501     -2.902725214186755
                  54000      2.435648127635289    0.03320959159332972     0.7786128754334312     -0.841747131906079
                  55000      2.519936207615255    0.03305335568264599      1.338032799502308    -0.3050209923304228
                  56000      2.295248893416708    0.03303454982031365     0.1347072098077312     -2.601442256259276
                  57000      2.451801073679895     0.0329039262201011      1.101781754389852    -0.5038239274750578
                  58000      2.346884043485419    0.03287755313895544     0.1950149489337696     -2.236233474876144
                  59000      2.476480759791912      0.032726070826939      1.375816982967559    -0.2871248048763838
                  60000      2.367257166228041    0.03268851494032721     0.2897481514303961     -1.846063947739775
                  61000      2.413522656360438    0.03259423763408089     0.7952070253612447    -0.8393618381330281
                  62000      2.508529894553333    0.03243197713007654      1.612010167091783    -0.1377177264846359
                  63000      2.433460570607533    0.03229796244723528      1.285362703410603    -0.3682994781292108
                  64000       2.57149558843183    0.03209723395072474      2.571647738567085     0.3189721313155057
                  65000      2.672549976255707    0.03193718282108914      5.188460837353253      1.015863464518456
                  66000      2.694003754846811    0.03176071532591555      4.857154504891972     0.9443383703834489
                  67000       2.43854381920675    0.03163602795201369      1.440343998429167    -0.2751659931577068
                  68000      2.626356832958782    0.03145729540371794      4.538315929316763     0.8668423649041902
                  69000      2.134641251819759    0.03145308581070176    0.04149169613750774     -3.828109430740445
                  70000      2.324595664076749     0.0314314561680009     0.2189902643139989     -2.165263387314588
                  71000      2.695583304638667    0.03126964721739446      4.965605755298135     0.9508386225114122
                  72000      2.642591460399143    0.03112461026358069      5.399384055550787      1.029939154109917
                  73000      2.341904039310448    0.03109807976812861     0.3007657515969965     -1.858622039844701
                  74000      2.521508999574905    0.03098391318896824      1.592286931317085    -0.1957051173940219
                  75000      2.349841478653783    0.03095206736197422     0.3733616678296863     -1.647112478758221
                  76000      2.275420948597821    0.03093714279773365     0.1707470759301314     -2.429958973429696
                  77000       2.33511914957005    0.03090532384999476     0.3758219359759651      -1.64205592257511
                  78000      2.487004723718354    0.03079173382922035      1.653594667546423    -0.1641467858056787
                  79000      2.536195097898865    0.03066889582346547      1.909356175725144   -0.02432948212546989
                  80000      2.541663571818101    0.03054096247619572      2.110343830869136    0.07157513956799764
                  81000      2.365488257153858    0.03050130664505043     0.5118384758257576     -1.346321219323804
                  82000      2.002372231113022    0.03049896572453028    0.02833322977139001     -4.240371756148875
                  83000      2.541211501191691    0.03036479108369281      2.428290154399783     0.2061265564524067
                  84000      2.530184222617536    0.03023214290007893      2.497197875553861     0.2297303840699138
                  85000      2.565682224799879     0.0300930053217644      2.976740644890151     0.4007771598094043
                  86000      2.598879759253767    0.02995202407885035      3.922747337837506     0.6720446017971827
                  87000      2.703759362821387    0.02982358540449749      4.762626004174704     0.8617541724517774
                  88000      2.689939321178438    0.02971216446095935      5.427605859881503     0.9887101044766704
                  89000       2.75103149551436    0.02960843162793532      2.096678198236749    0.03406889282336301
                  90000      2.694436879271553    0.02950286379383503      5.550409982952631      1.004014570001359
                  91000       2.43524753485962    0.02943103871466008      1.347821950594278    -0.4138047865462827
                  92000      2.447222827408088    0.02934927390027192      1.625398506702081    -0.2293237349872658
                  93000      1.954770529264639    0.02934728279951834    0.03168536439720605     -4.167044995117334
                  94000        1.7640740497331    0.02934502282652056    0.03599593152049309     -4.039570970576797
                  95000      2.000420721450106    0.02934250733614827    0.04010179044465814     -3.931641631385808
                  96000      1.965864504370273     0.0293395712070939    0.04686839428432356     -3.775819130788958
                  97000      2.181910558843355    0.02933656500194721    0.04801614099440268     -3.751727925843252
