 22125.000000 0.348542 2.154874 0.000000 -8.448177 -1.647247 0.190553 11.643670 10.000000 49.366037
 164771.000000 0.330768 1.187498 0.000000 -13.000000 0.248725 0.123097 60.880108 22.000000 152.489288
 6999.000000 0.340247 1.738607 0.000000 -13.000000 -4.837448 0.270794 2.194446 4.000000 42.508233
 187297.000000 0.320078 1.063704 0.000000 -13.000000 -0.621038 0.114615 66.438067 23.000000 152.502267
 25685.000000 0.330817 1.942041 0.000000 -7.856625 -1.087432 0.129811 6.728479 10.000000 79.522184
 101351.000000 0.336073 1.599464 0.000000 -10.475755 0.327798 0.144270 44.964256 20.000000 141.631728
 43784.000000 0.347871 1.971253 0.000000 -8.300625 -0.166261 0.140225 17.509623 16.000000 82.236766
 80251.000000 0.348770 1.727120 0.000000 -10.778917 -0.220812 0.146176 34.515429 18.000000 130.384363
 67091.000000 0.342033 0.563628 0.000000 -13.000000 -0.102940 0.147804 28.354344 15.000000 145.863313
 116283.000000 0.349769 2.393293 0.000000 -0.991812 -0.118836 0.140926 42.545849 22.000000 150.110926
 10721.000000 0.308873 0.778429 0.000000 -13.000000 -3.477026 0.337152 5.563738 5.000000 52.548097
 65629.000000 0.339267 1.375787 0.000000 -13.000000 -0.195604 0.172561 28.715412 15.000000 129.193944
 51802.000000 0.348366 1.588429 0.000000 -11.033009 -0.969617 0.148472 18.223954 16.000000 117.485747
 8285.000000 0.330030 1.452799 0.000000 -13.000000 -3.024971 0.277713 4.180637 5.000000 45.125039
 79102.000000 0.344883 1.491644 0.000000 -12.921386 -0.150610 0.129917 32.606053 18.000000 110.617658
 359262.000000 0.337599 1.276553 0.000000 -12.999928 0.348850 0.130831 141.056997 27.000000 179.128604
 53643.000000 0.347851 1.363613 0.000000 -12.904821 -1.256742 0.133437 17.556967 16.000000 113.814277
 309385.000000 0.346965 1.440594 0.000000 -12.831409 0.704228 0.131673 141.131745 25.000000 174.275202
 187132.000000 0.336307 1.427216 0.000000 -12.593421 0.260535 0.114797 71.381475 25.000000 153.487613
 553749.000000 0.338602 1.450143 0.000000 -12.349086 1.017788 0.108815 227.562018 30.000000 205.418274
 130314.000000 0.344445 2.428499 0.000000 -0.349746 0.224805 0.147097 51.962156 20.000000 124.563433
 71521.000000 0.347531 1.256767 0.000000 -13.000000 -0.705855 0.160163 25.887499 15.000000 147.193436
 101741.000000 0.349684 1.895945 0.000000 -6.273229 -0.238888 0.147803 38.562835 18.000000 125.474495
 63336.000000 0.344682 1.536301 0.000000 -12.022705 -0.552710 0.157109 20.279821 16.000000 98.231933
 169079.000000 0.347317 1.232777 0.000000 -13.000000 0.353312 0.141110 78.196307 19.000000 149.373432
 33927.000000 0.340741 1.390992 0.000000 -13.000000 -1.985211 0.185695 16.207940 9.000000 73.824527
 76312.000000 0.348893 1.556687 0.000000 -12.304571 0.337724 0.151890 40.582394 18.000000 143.137934
 10777.000000 0.348823 1.851518 0.000000 -12.373905 -5.412589 0.193663 3.095112 6.000000 59.697238
 27394.000000 0.349664 0.953252 0.000000 -13.000000 -3.969705 0.110685 7.543419 15.000000 116.403588
 35508.000000 0.326439 1.612378 0.000000 -11.606196 -1.608348 0.143351 9.864918 15.000000 96.101089
 52452.000000 0.345714 0.896226 0.000000 -13.000000 -0.785910 0.110787 17.656649 17.000000 113.671332
 29049.000000 0.345639 1.103818 0.000000 -13.000000 -2.348094 0.148906 11.031040 12.000000 119.088692
 47891.000000 0.344594 0.782215 0.000000 -13.000000 -1.290886 0.158440 14.857729 16.000000 115.970152
 224196.000000 0.338294 1.000917 0.000000 -13.000000 0.232701 0.140141 91.412566 24.000000 148.062977
 341427.000000 0.347001 0.848035 0.000000 -13.000000 0.110067 0.122162 134.581027 28.000000 195.439631
 44553.000000 0.326707 1.022882 0.000000 -13.000000 -1.169701 0.135065 15.933467 16.000000 131.332895
 82752.000000 0.304370 2.132505 0.000000 -8.274735 0.098365 0.118460 29.728506 21.000000 124.882574
 26659.000000 0.342042 0.885791 0.000000 -13.000000 -3.679685 0.173977 10.487217 11.000000 99.137142
 162919.000000 0.334947 1.311344 0.000000 -13.000000 -0.147219 0.126672 63.890245 22.000000 157.526606
 88299.000000 0.341706 2.153210 0.000000 -6.178285 0.282810 0.133100 37.970310 18.000000 163.087028
 84238.000000 0.335668 1.166188 0.000000 -12.980249 -0.437328 0.132785 31.522279 19.000000 137.109369
 58778.000000 0.347682 1.154269 0.000000 -13.000000 -0.656147 0.109477 18.700862 17.000000 104.964379
 318671.000000 0.345637 0.789775 0.000000 -13.000000 -0.034136 0.118325 118.003068 29.000000 187.965888
 54234.000000 0.345944 1.299444 0.000000 -13.000000 -0.188838 0.159375 22.762285 15.000000 123.192053
 107846.000000 0.345624 1.230450 0.000000 -13.000000 0.161110 0.126991 37.273935 20.000000 139.514565
 95980.000000 0.338794 1.228195 0.000000 -13.000000 0.183366 0.145995 40.850341 19.000000 134.245566
 66677.000000 0.347778 1.504972 0.000000 -10.651867 -0.556142 0.125357 16.344941 17.000000 121.580191
 5488.000000 0.340882 2.030905 0.000000 -12.537511 -7.655146 0.235929 1.676211 5.000000 41.571770
 13363.000000 0.332963 1.898710 0.000000 -10.186232 -2.023989 0.176496 4.129589 7.000000 50.733542
 59804.000000 0.339018 1.143312 0.000000 -13.000000 0.543953 0.157790 27.732580 16.000000 99.046764
 7476.000000 0.342664 1.991526 0.000000 -10.297536 -5.536308 0.230388 2.963342 6.000000 56.697156
 214460.000000 0.341054 1.391311 0.000000 -12.914074 0.556817 0.120332 96.985372 22.000000 146.045896
 268230.000000 0.347999 2.019125 0.000000 -3.999317 0.647196 0.139247 118.889343 24.000000 169.508583
 98769.000000 0.346498 1.460691 0.000000 -12.463339 -0.428859 0.113715 27.979872 22.000000 116.188394
 32165.000000 0.331230 1.838109 0.000000 -11.216365 -1.383065 0.190998 16.013815 13.000000 66.461684
 47307.000000 0.343059 1.195966 0.000000 -13.000000 0.002280 0.164325 16.024836 12.000000 90.516570
 19307.000000 0.347204 1.792358 0.000000 -10.190474 -1.582721 0.156002 7.166042 10.000000 87.004146
 21962.000000 0.346172 0.984401 0.000000 -13.000000 -2.703385 0.137839 5.340505 11.000000 98.047605
 39246.000000 0.309395 1.754515 0.000000 -12.899825 -0.919032 0.171418 20.399584 12.000000 60.555033
 6831.000000 0.344022 1.408774 0.000000 -13.000000 -5.145056 0.216549 2.105340 5.000000 44.289119
 97167.000000 0.334766 1.474952 0.000000 -11.779715 0.494528 0.139301 41.505989 21.000000 129.961653
 201820.000000 0.344649 1.213051 0.000000 -13.000000 0.540527 0.107739 74.203836 22.000000 167.962141
 11463.000000 0.346976 1.549438 0.000000 -13.000000 -2.400247 0.310533 6.059044 4.000000 43.996585
 243628.000000 0.346519 0.763986 0.000000 -13.000000 0.671152 0.135206 121.541490 24.000000 163.828323
 31229.000000 0.345287 2.227491 0.000000 -8.608208 -1.822646 0.161442 9.926773 13.000000 88.564170
 169161.000000 0.349940 1.995414 0.000000 -4.376751 0.029235 0.136510 66.753039 22.000000 145.517251
 284207.000000 0.349358 1.966624 0.000000 -4.798586 0.761406 0.131340 136.956908 27.000000 180.906710
 31519.000000 0.345425 1.626958 0.000000 -9.372922 -1.637424 0.154236 14.590330 15.000000 114.498832
 95415.000000 0.326144 1.227168 0.000000 -12.998018 -0.519678 0.133731 37.369107 19.000000 137.766182
 100133.000000 0.335748 1.613434 0.000000 -11.196707 0.485145 0.139529 45.484865 19.000000 125.388520
 14249.000000 0.337450 1.196136 0.000000 -13.000000 -3.502479 0.216974 5.158770 8.000000 52.031480
 127181.000000 0.328913 1.727619 0.000000 -8.305502 -0.126445 0.133877 41.846627 20.000000 143.529006
 174180.000000 0.326010 0.692991 0.000000 -13.000000 0.528800 0.126437 77.941734 23.000000 152.644522
 96892.000000 0.348044 1.471379 0.000000 -12.684234 -0.569397 0.141772 38.012795 20.000000 131.568593
 45571.000000 0.336610 5.478826 1.000000 -13.000000 -1.023894 0.136346 12.761475 13.000000 84.981519
 60946.000000 0.346779 1.360915 0.000000 -13.000000 -0.504276 0.151803 29.251758 15.000000 98.227118
 205954.000000 0.339703 1.459110 0.000000 -11.817524 0.231690 0.140358 91.826133 22.000000 156.430227
 145500.000000 0.332278 1.402479 0.000000 -12.553219 0.072586 0.139261 59.629874 22.000000 160.861329
 212585.000000 0.337045 2.168415 0.000000 -6.541239 0.215418 0.128336 94.711817 23.000000 159.766301
 318168.000000 0.332330 1.529015 0.000000 -10.667313 0.328770 0.121290 123.623253 27.000000 175.535835
 572433.000000 0.320345 1.186416 0.000000 -13.000000 0.756237 0.119700 253.718437 30.000000 214.354814
 152063.000000 0.348588 2.014263 0.000000 -4.831671 0.236777 0.145508 58.884756 19.000000 166.278534
 66485.000000 0.346569 2.337074 0.000000 -4.889739 0.781888 0.180783 32.434347 16.000000 100.072345
 119304.000000 0.344331 1.325793 0.000000 -13.000000 -0.177084 0.119535 36.819387 23.000000 131.046233
 134099.000000 0.335864 0.907030 0.000000 -13.000000 0.276796 0.153713 56.473767 18.000000 152.459661
 87479.000000 0.318327 1.663503 0.000000 -9.446867 -0.233691 0.130527 28.776092 20.000000 126.365178
 341975.000000 0.346215 1.255474 0.000000 -13.000000 0.802714 0.138457 149.044500 27.000000 156.472790
 29796.000000 0.348775 1.227171 0.000000 -13.000000 -1.122296 0.135772 11.957610 13.000000 99.421745
 52480.000000 0.340219 1.119438 0.000000 -13.000000 -0.384804 0.144657 25.140843 17.000000 81.188774
 31316.000000 0.338499 1.356164 0.000000 -13.000000 -2.388072 0.125356 10.422383 17.000000 96.613257
 38169.000000 0.346788 1.008587 0.000000 -13.000000 -3.045540 0.139607 10.645423 14.000000 107.220473
 66724.000000 0.346952 1.788273 0.000000 -7.425290 -1.023446 0.107599 22.967027 18.000000 123.055509
 163202.000000 0.342651 1.579879 0.000000 -10.750293 0.079834 0.132860 58.511984 22.000000 155.380002
 244367.000000 0.337472 1.096015 0.000000 -13.000000 0.321813 0.124860 105.173831 26.000000 178.567711
 36984.000000 0.338539 1.673830 0.000000 -11.967301 -1.307164 0.145968 7.781865 12.000000 72.460725
 14230.000000 0.348753 2.173557 0.000000 -9.079669 -2.384840 0.169006 4.338108 9.000000 63.841984
 36256.000000 0.348924 1.170461 0.000000 -13.000000 -0.619700 0.153728 12.103958 13.000000 77.821313
 360822.000000 0.326981 1.482078 0.000000 -11.986089 0.314251 0.127784 145.660639 28.000000 187.574912
 86750.000000 0.342472 1.553453 0.000000 -10.002925 -0.650302 0.128989 31.968597 18.000000 140.644191
 186630.000000 0.348057 2.835530 0.000000 -8.943948 0.740783 0.146544 87.651820 21.000000 141.665309
