#! FIELDS time e sigma_e height logweight
#! SET action OPES_METAD_kernels
#! SET biasfactor       2.698418390276557
#! SET epsilon     0.01374333274381851
#! SET kernel_cutoff       2.928208142815685
#! SET compression_threshold                       1
                   1000      2.667315458459515    0.06053155025577301    0.06672079877255445     -2.698418390276557
                   2000      2.691620332196729    0.05393037665496193       1.06661978753534   -0.04215609776578624
                   3000      2.505075704089566    0.05327694491202347    0.07580602436335922     -2.698418390276557
                   4000      2.502433436847357    0.05109951129168035     0.3390685833586838     -1.242122510092947
                   5000      2.538601496223775    0.04837445378618562     0.7450985237165834    -0.5096115249244898
                   6000      2.342989237005498     0.0479721856898337    0.08418864652360597     -2.698418390276557
                   7000      2.447107853167433    0.04596132944145277     0.8245467329330964    -0.4594656418631843
                   8000      2.671428567156726    0.04455989523861609      1.465818544400652    0.08490350219061324
                   9000      2.747180668270202    0.04318942342428702       1.19846902173033    -0.1477039980647365
                  10000      2.636040472854571    0.04215746130143528      1.622822012867374     0.1312337413902573
                  11000      2.697170389654434    0.04161739298792996      2.317679129442648     0.4747399280654899
                  12000      2.666314190084536    0.04107534565384335      2.640563815581388     0.5920559777179786
                  13000      2.656246731769401    0.04046754958955961      2.811454375738689     0.6398577669090685
                  14000      2.489837105965954    0.03990743520427535     0.8361996727868733    -0.5866697610841194
                  15000      2.673039680575712    0.03937908836123964      3.037628367775218     0.6899674296998053
                  16000      2.593912987392253    0.03875652811529266      1.434988387499057   -0.07588859627668608
                  17000      2.431043616417095    0.03839220496965806     0.7077696406620929    -0.7921267233446266
                  18000      2.705765265711833    0.03784932850576992      2.679586314125578     0.5249310987802724
                  19000      2.691364755015631    0.03741208946906863      3.170239158286436       0.68145636709893
                  20000      2.692308658929656    0.03699618794154892      3.314159933021305     0.7146744941607389
                  21000      2.665684838506275    0.03659647466483755        3.4230975993651     0.7361532248696134
                  22000      2.540328431443725    0.03635684125020251     0.7746589803004486     -0.756294542880635
                  23000      2.481103931024255    0.03609533948624892      0.904805082779286    -0.6082165419451591
                  24000      2.467637791882412     0.0358188205960888       1.02711071305266    -0.4891213644562623
                  25000      2.439592573195401    0.03555652796134045      1.009847935498318    -0.5134210346203414
                  26000      2.363321583185271    0.03546457029008585     0.3063645326985283     -1.708789986808057
                  27000      2.665041163292057    0.03514496138629954       3.39821632539224     0.6883873834956208
                  28000      2.411650708282786    0.03494389881582841     0.8457004937610887    -0.7081906860583027
                  29000      2.298681459194288    0.03489726621986372     0.1713370023926455     -2.306058955572185
                  30000      2.723924340968642     0.0345628343987018      2.782682482542401     0.4718497764447512
                  31000      2.010740827276729    0.03453305085718803      0.116952116414746     -2.698418390276557
                  32000      1.913874055401618    0.03450325505593912     0.1174774781331158     -2.694799532420762
                  33000      1.867907123364587    0.03446618895944131     0.1477223932986807      -2.46678623642979
                  34000      2.683673849348624    0.03433660416056364      4.602830343609159     0.9685388059837943
                  35000      2.002907200610948    0.03429390432319806     0.1882905490894637     -2.229145975656291
                  36000       1.72298344868989    0.03426693290612621     0.1178603697935324     -2.698418390276557
                  37000      1.979340999450735    0.03420904509074808     0.2617341844013234     -1.902280330376121
                  38000      2.554462455706938    0.03400619873380253      1.130710241174755    -0.4449557712295625
                  39000       2.60125572262155     0.0337272666991015      2.122945649649175     0.1767666305170354
                  40000      2.352250544538919    0.03363128543865937     0.4998427939562607     -1.272349456310368
                  41000      2.246691079725866    0.03359920581223253     0.1572303036303255      -2.42988577845272
                  42000       2.31007747734614    0.03351864547832564     0.4197443657946294     -1.450352102661531
                  43000      2.487632017289945    0.03328494163399124      1.698690940915463   -0.05938155101633043
                  44000      2.444344656565258    0.03305559994940788      1.773178249145869   -0.02338001419424778
                  45000       2.60350555863165    0.03281026882365917      2.497279567117361     0.3115989442934743
                  46000      2.559897872108395    0.03259858291531813      1.797209274856457   -0.02384068472312985
                  47000      2.511536554044628    0.03238637830015959      1.970196463734394    0.06152661490051257
                  48000      2.488458894904651    0.03217347097821802      2.234807653271471     0.1809528312723569
                  49000       2.48284206016897    0.03196454089309959      2.485243093842728     0.2806531083415776
                  50000      2.366037664879586    0.03186415230229116     0.7633460738859746    -0.9029067171545324
                  51000      2.311587564866111    0.03178589042271792     0.5799195593933817     -1.180187944058777
                  52000      2.036279939315037    0.03174690242650995     0.2735119682457585     -1.932959301507811
                  53000      2.399887687603341    0.03159460773448258        1.4060942441757    -0.3005422763649572
                  54000      1.780802820509022    0.03157344864882949     0.1492855029443381     -2.543922706777908
                  55000      2.050244787372352    0.03152594836284141     0.3508620691545203     -1.690895696061164
                  56000      2.188864953689196    0.03150452164100839     0.1528338476148793      -2.52261739350953
                  57000      2.733772771498029    0.03133630449718522      3.454634855717467     0.5901495171422855
                  58000      2.436094182414571    0.03115802205225573       2.44869239926109     0.2402813471167008
                  59000      1.931662658297302    0.03112265604997372     0.2833857837077494     -1.917354634234117
                  60000      1.776402292469123    0.03109202636305868      0.244771733911925     -2.064822364006343
                  61000      1.806550148958271    0.03105522239518281     0.2988245817487526     -1.866476135775781
                  62000      2.685682396248156    0.03103480368521835      5.291260764308816       1.00682125924162
                  63000      2.680783879445464    0.03101494020836203      5.573852653920356      1.058210962550095
                  64000      2.402653347542862    0.03086739574445529      1.893323149604505   -0.02631052396582672
                  65000      2.130988882695557    0.03085043398828813     0.1537087106604453     -2.537889701189057
                  66000      2.612353184777401    0.03068764952819529      3.175750706436027     0.4850597632983807
                  67000      1.852304169702717    0.03065807986590287     0.2862211923354302     -1.922438684729991
                  68000      1.812186535637391    0.03061280141840252     0.4545294985470835     -1.461418757916676
                  69000      2.029018410463955    0.03056252008300973     0.5142503898190537     -1.339615130289656
                  70000      1.598972164368318    0.03054873691791274     0.1322055767758448     -2.698418390276557
                  71000      2.107751291866172    0.03052263568277146     0.2567229500059955     -2.035633791439472
                  72000       2.21335893677388    0.03049675806676725     0.2554819391772246     -2.041327737139767
                  73000      1.877281078426796    0.03045684034247926     0.4071984295908119     -1.576488621862602
                  74000      1.687906454865634    0.03043867007036757     0.1786465908363616     -2.400976497995924
                  75000      2.095628525474797    0.03039859044420772     0.4130236233059915     -1.564198810220564
                  76000      2.482849847604852    0.03024941681734304      3.155950307210757     0.4644220006658333
                  77000      2.560615901471671    0.03010891168854321      2.392267703039627     0.1827183809123796
                  78000      2.163732317262682    0.03007849659657045     0.3312401598329369     -1.795445652844378
                  79000      2.622777609320267    0.02996050045770263      4.178182862947107     0.7354117307178543
                  80000      2.585497221206988    0.02982341864915164      3.195477399781872     0.4626858809414998
                  81000      2.553984568734592    0.02968952105626727      2.997568843547028     0.3942511695843322
                  82000      2.638741711358321    0.02961946733518079      5.167030574010012     0.9363854296297492
                  83000      2.703751921046311    0.02955740057220015       5.43850794028351     0.9854943402144078
                  84000      2.693038518494763    0.02952603497664092      6.099038870500328      1.099059050045855
                  85000      2.666231893682829    0.02949725428963977      6.361891358377439      1.140278338399501
                  86000      2.301168742602986    0.02945422996747882     0.6462646698774053     -1.148053183679579
                  87000      2.379818919390837     0.0293681582624969      1.522492265277829    -0.2940848867867227
                  88000      2.721837858752949    0.02926824449369447      4.952147485016561     0.8819798782410193
                  89000       2.51165113864579    0.02915187470554056      2.902535238100739     0.3437592359943032
                  90000      2.510460224960121    0.02903599037375613      3.161296874961246      0.425173892547647
                  91000      2.557241022809705    0.02892355295754626      3.064890958380234     0.3903236745797871
                  92000      2.524297373814949    0.02881199888479693      3.421602889495621     0.4965564885156981
                  93000      2.694403423971883    0.02876581290898843       6.28264250747834      1.102633741466576
                  94000      2.625438296964549    0.02866547248306474      4.614640850595774     0.7905828296651682
                  95000      2.685747666879114    0.02862385892310985       6.59213668503853      1.145773563289472
                  96000      2.807755923996332    0.02860512481058679     0.3477999033865422     -1.796886626113919
                  97000      2.654767139212483    0.02854754904381425       6.34315332104037      1.104602536393707
                  98000      2.245473352577456    0.02852876070060072     0.3625993259654784     -1.757888675960811
                  99000      2.531902801196552    0.02842686855291675      3.461729752521518     0.4947586041257894
                 100000      2.657510381232629    0.02837710390582884      6.656395074435398      1.146816115184209
                 101000      2.691893718707612    0.02833582412164415      7.035188572182098       1.20070680697788
                 102000      1.890358660046509     0.0283161907331429     0.4186247422852974     -1.621691173943907
                 103000      2.566082428175732    0.02822114171236696      3.285076365638306      0.435116739381048
                 104000      2.515965915738674    0.02812548610286966      3.669716852555729     0.5424460890086574
                 105000      2.711018123756059    0.02805454522174069      6.113895542261909      1.050370234925125
                 106000      2.656543816106434    0.02799637010355089      6.685163891666793      1.137621026973822
                 107000      2.415723801876029    0.02793338146795175      1.823762464930079    -0.1636204645957629
                 108000      2.757623761154338    0.02785900868873206      2.391695865416275     0.1048145050527103
                 109000      2.478547021419326    0.02777557246128668      3.093568782412061      0.359137753995882
                 110000      2.410313122905922    0.02771108491837205      2.012515839986119   -0.07312645043977116
                 111000      2.489422052404302    0.02762644907845116      3.544252589416183      0.489756354180339
                 112000      2.636455593466978     0.0275509727363415      5.589921914970573     0.9426585991577668
                 113000      2.550434828714348    0.02747045079638125      3.396465938158638     0.4415018093353036
                 114000      2.291347658773226     0.0274490063899582     0.5855183487544825      -1.31727234983709
                 115000      2.299273205903213    0.02742328970281081     0.7172238199152504     -1.115319246138424
                 116000      2.568992041422509    0.02734510934929276      3.371408513485604     0.4295237470143737
                 117000      2.566936104641722    0.02726687350694107      3.585677650676847     0.4882754586063728
                 118000       2.65959265403675    0.02721716013805386      6.812147026648121      1.128210445627423
                 119000      2.538590390775635    0.02714008821033973      3.877243784177937     0.5617918786799779
                 120000      2.484639492285805    0.02706602010430698      3.523656218106303     0.4634336570820065
                 121000      2.513846446021538    0.02699090877786344      4.134640313407759      0.620555873968432
                 122000      2.464509278225768    0.02692145575202777      3.227152419127965     0.3701791624702171
                 123000      2.431480329406792    0.02686194646525521      2.447754957962333    0.09153735407651649
                 124000      2.723965688707764    0.02679076557554106      4.724499814959123     0.7464743939149724
                 125000      2.502717845176114    0.02672011373671634      4.139381783072706     0.6116184919774273
                 126000      2.460373141014377     0.0266542293060267      3.306558087515652     0.3845110696136297
                 127000      2.297373979782335    0.02663181195353691     0.7684819114750828     -1.075576376619329
                 128000      2.538820507660637    0.02656353548710971      4.243254827366367     0.6305254894634805
                 129000      2.459216946911755    0.02649830568400073      3.568239431056698     0.4548085498563537
                 130000      2.482557961315168    0.02643203765504217      4.271325532323162     0.6321564678988977
                 131000      2.645408897208863    0.02637591753239081      5.987113612717492      0.967716245258965
                 132000      2.613290361215215    0.02631145854791215      4.444354580776754     0.6672946255584047
                 133000      2.684867709279941    0.02626650865561775       6.79554930046443      1.090218013562722
                 134000      2.611873079002592    0.02620362529364701      4.502581230324723     0.6762040480248733
                 135000      2.432145953266872    0.02614792449697775      3.022296969860278     0.2754423843327457
                 136000      2.198920252840078    0.02613923586742555       0.32488532370618     -1.955190095816442
                 137000      2.689312706725622    0.02609476860899912      6.799284080878086      1.084207619995352
                 138000      2.668488239914618    0.02605414944774649      7.109640714736977      1.127284191266227
                 139000      2.779972897664954    0.02602987085468349      1.033381999312369    -0.8022628868080485
                 140000      2.505357420606213    0.02597028587911492      4.499797054512674     0.6666407682062409
                 141000       2.45230118976523    0.02591374690467696      3.658520943926463     0.4574879862519902
                 142000      2.654885958526726     0.0258702726796299      6.868841445786137      1.085745426689698
                 143000      2.674160349106391    0.02583400142420663      7.437417242187634      1.163870590425897
                 144000      2.628222861533205    0.02577932037632336      5.602514535192999     0.8784435936040139
                 145000      2.682269872222377    0.02574230407726985      7.457800372165594      1.163051663890174
                 146000      2.663632994628482    0.02570598540430902      7.572571294681139       1.17691197649379
                 147000      2.678248782819553    0.02567183025403931      7.796699163183006      1.204750189379083
                 148000      2.582153254401742    0.02562104810199931      3.519129796071249     0.4072833849551247
                 149000      2.744411729756171    0.02557417295448733      3.055151498036754     0.2640675926333115
                 150000      2.447730287779774     0.0255246303455335      3.500284344432796     0.3981435261302563
                 151000       1.96816533483061    0.02551796787369632     0.3122613777727491     -2.018876428306789
                 152000      2.518824848344719    0.02546559578167995      4.342531578893671     0.6114412851010176
                 153000      2.455088215939399    0.02541575771580744      3.793097469117418     0.4742077614379261
                 154000      2.552929507705006    0.02536579983612466      3.959268442849789     0.5151165129080513
                 155000      2.572524268508307    0.02531705825277071      3.808477919079486     0.4743634585682691
                 156000      2.451390035774657    0.02526874461562186      3.838785652108353      0.480379759256588
                 157000      2.501782595227443    0.02521897001044568      4.591768284737373     0.6575171243954442
                 158000      2.763344752222508    0.02518758244011489      1.920091778766646    -0.2156204631256856
                 159000      2.580774049930611    0.02514060067366872      3.871556585895457     0.4837961785508194
                 160000      2.524678291814644    0.02509231496508335      4.594071677582059      0.652983766923326
                 161000      2.581170356235043    0.02504577161746551      4.048181571054262     0.5246282388435526
                 162000      2.488883932822528    0.02499848416552889      4.695406520976594      0.671055322278365
                 163000      2.496664084722609    0.02495167876099249      4.939523853930464      0.719865483431993
                 164000      2.471546933976802     0.0249055474889866      4.593227160059384     0.6453288691610052
                 165000      2.488778229529331    0.02485983836706355      5.089231471327769     0.7460358533234789
                 166000      2.459765691810333    0.02481480985206758      4.530053055823059     0.6278297356958328
                 167000      2.320966753185037    0.02480242195457624     0.7287118339891134     -1.199880168934288
                 168000      2.102869773028113     0.0247963095178465     0.3455455505704083     -1.946280534786146
                 169000      2.233576938657353    0.02478978637733026     0.3701686298334722      -1.87770945436672
                 170000      1.922107769848508    0.02478359563594404     0.3510083596728583     -1.931107833277187
                 171000      2.428534620291487    0.02474294738456239      3.456450269250987     0.3544380607232512
                 172000      2.622094230807306    0.02469908853363224      5.202145051420815     0.7614928296757625
                 173000      2.675420706311634    0.02466755160096657      7.515473829828431      1.128108189810638
                 174000      2.659608289528408    0.02463470036994557      7.400710105991338      1.111387426796443
                 175000       2.36465550467168    0.02462045373690916     0.9066303055492791    -0.9887875253672195
                 176000      2.585626753230055    0.02457909851278598      4.081870302702723      0.514107156508536
                 177000      2.471759949702471    0.02453679195569412      4.919708520995569     0.6990784264124489
                 178000      2.673765106125126     0.0245069749990593       7.70336092353977       1.14626992585512
                 179000      2.668787611212404    0.02447773960736581      7.808753656422024       1.15866492293066
                 180000      2.570872954535291     0.0244377234977548      4.183928310430317     0.5330340135672921
                 181000      2.685780748757892    0.02440704224959483       7.64345226779619      1.134376513851556
                 182000      1.979211568270019    0.02440141378946094     0.3660057685582488      -1.90480967402737
                 183000      2.725923455644855    0.02436157128884601      4.452002476113063     0.5920163709586457
                 184000      2.485158321670635    0.02432144606126094      5.115662177099049     0.7293208017770175
                 185000      2.678103462502872    0.02429359840781808      7.962481666084859      1.170609031773619
                 186000      2.527342063879549    0.02425443576498017      4.718260644635746     0.6456951807668856
                 187000      2.553866587482888    0.02421617398663007      4.421352233012103      0.579121778623034
                 188000      2.580469421953447    0.02417875008269679      4.227601857941779     0.5327644850643392
                 189000      2.723796877743118    0.02414068313778872      4.725355409664819     0.6424967291375051
                 190000       2.55895081317836    0.02410319392373721      4.580629766220635     0.6098362896643272
                 191000       2.68117921520812    0.02407582335293394      7.925683377574097      1.156972141030531
                 192000      2.648479004105415     0.0240429949039193      7.068766286500408      1.041185084609223
                 193000      2.686861445633661    0.02401454724116038       7.81260521590124      1.140053702155734
                 194000      2.698051567184147    0.02398257846040831      7.226107694162028      1.060683643369676
                 195000      2.549323211603533    0.02394669972253261      4.599148360294799     0.6073571007864224
                 196000      2.587247962858311     0.0239118352833797      4.288560394961217     0.5359800786384871
                 197000      2.664720399271465    0.02388542408624774      8.080719018336676      1.168404695791948
                 198000      2.664635044834157    0.02385955826943541      8.191459403291864      1.180932416151627
                 199000      2.668206680612096    0.02383498311689086      8.410157686224103      1.206250041759138
                 200000      2.564130975016293    0.02380051764499387      4.640226672148883     0.6101259848096441
                 201000      2.551383436739313    0.02376610382927452      4.787545066471632     0.6399335622765954
                 202000       2.49071198326493    0.02373175299685919       4.97027266179699      0.675944078231972
                 203000      2.551073380508589    0.02369778852903189      4.897167472026566     0.6596941415920489
                 204000      2.680080501481679    0.02367373909203056      8.428560825356495      1.201647853224452
                 205000      2.519947467073908    0.02364017658050006      5.015497274757495     0.6811356738293828
                 206000       2.54081867501618    0.02360687074369691      5.046174000265133     0.6858235730814227
                 207000      2.542525971262033    0.02357373683240748      5.179302520519787     0.7104590827092133
                 208000      2.592574564381407    0.02354205377304775      4.413389340381632     0.5490867340771266
                 209000      2.534547937848606    0.02350939184021734      5.309483011125835      0.732549901007342
                 210000      2.511862022319892    0.02347698187873667      5.365268915327347     0.7416223832269823
                 211000      2.208454945691567     0.0234730022163521     0.3508564225590068      -1.98587183509354
                 212000      2.713915443832654    0.02344093840426115      5.776293021018424     0.8139015670863426
                 213000      2.434735748073749     0.0234138183344515      3.385581739927357     0.2785075627371301
                 214000      2.349004747135787    0.02340644701578834      0.682579459528198     -1.323209398792746
                 215000       1.90305702182109    0.02340230043146964     0.3732333278259808     -1.927061746793183
                 216000      1.573787801074853    0.02340017172874131     0.1884460656855213     -2.610544637769775
                 217000      1.978765029572715    0.02339596215253037     0.3796031411996468     -1.910410049587579
                 218000      2.517423203280162     0.0233644598702953      5.442202407901578      0.751055329950396
                 219000      2.712634291752255    0.02333340991646917      5.975764845833766     0.8432537705843701
                 220000      2.610246745364354    0.02330326089325184      4.610440392271331     0.5825721232799356
                 221000      2.598979117800232    0.02327349961537114      4.531270645019428     0.5639731912590943
                 222000      2.270899162971739    0.02326798936246848     0.5221727865271287     -1.597022730546109
                 223000      2.646503429907769     0.0232403737733715      7.249957810122212      1.032542102379985
                 224000      2.568523105450919    0.02321016125038849      5.303523836469044     0.7186170799255244
                 225000      2.486847024227322    0.02318023829371912      5.213724342339534     0.7002500011439523
                 226000      2.531169145771375    0.02315043490380714      5.654070863714098     0.7800447970451947
                 227000      2.525745306688538    0.02312089799505384      5.795261548601529     0.8034329307121993
                 228000      2.715198478668725    0.02309159527827253       5.82636679671182     0.8075177634717938
                 229000      2.620637656476078     0.0230624812740629      5.443781927222502     0.7383365741468434
                 230000      1.886693005123372    0.02305839325016671     0.4090474485765598     -1.850238845209736
                 231000      2.041181428509493    0.02305468225411579     0.3702785245378787     -1.949975466250763
                 232000      2.195336578308122    0.02305099983005426     0.3676097824753196     -1.957368694260677
                 233000      1.911140168461839    0.02304665300656258     0.4371023463355307     -1.784411918278651
                 234000       2.66803422641126    0.02302487631968319      8.378145569642992      1.167857245938267
                 235000      2.385387322417784    0.02301288736932258      1.331456275413829    -0.6720168956685268
                 236000      2.382279076117542     0.0230010518839103      1.315717392449188    -0.6844225507930972
                 237000      2.473295920303064    0.02297309137528483      4.872946729140741     0.6236778605487551
                 238000       2.36169442922498    0.02296422529154591     0.9610516165122032     -1.000134139527695
                 239000       2.70024903466448    0.02293848785586392       7.28634457449497      1.024473620102959
                 240000      1.867598615296406    0.02293442535006595     0.4231981945319973     -1.821620154751764
                 241000      1.953754511054133    0.02293068540563085     0.3886634643562168     -1.906910014575392
                 242000       2.19417109866154    0.02292685357955556     0.3988934571750515     -1.881096615651678
                 243000      2.497930891592957    0.02289894031393211      5.619315854019669     0.7629559951018083
                 244000      2.711920028987814    0.02287157660688684      6.276283181513926      0.872328336400605
                 245000      2.700075031710464    0.02284669535151924      7.411823300144165      1.037538389532238
                 246000      2.550047010519056    0.02281938002685113      5.520536004529045     0.7417405717141914
                 247000      2.493833492121851    0.02279225331739975      5.552907734619253     0.7463978559335801
                 248000      2.294325635100181    0.02278636753659011     0.6562177575995192     -1.389444717706245
                 249000      2.511052302138995    0.02275949249328959      5.875305851116015     0.8013958670411393
                 250000      2.393648383701956    0.02274611330665018      1.664221628706385    -0.4605927512259814
                 251000      2.548760505226312     0.0227194917788391      5.648950629779891      0.760348461157579
                 252000      2.716061549031255    0.02269312520179006      5.987827869266957     0.8174461820456707
                 253000      2.474495136543937    0.02266723286571969      5.029611312468084     0.6419185406065684
                 254000       2.73112911642269     0.0226422283126311      4.544289369862004     0.5393434711114278
                 255000      2.597465366965508    0.02261727649898661       4.60771044131617     0.5521005820364233
                 256000      2.654841563832325    0.02259423505166941      7.563281581003282      1.046655392877716
                 257000      2.757255520024533    0.02257835084696954      2.195064672147748    -0.1911415326883583
                 258000      2.601379484110072    0.02255361584281054      4.747263886275474     0.5791192668077462
                 259000      2.590072419821125       0.02252889889132      4.849910225408392     0.5994145125811741
                 260000      2.703387916515943    0.02250540233110655      7.197601531163254     0.9931586716259754
                 261000       2.71857215449653    0.02248045483886181      5.953588062791428     0.8022957692119618
                 262000      2.545156511823108    0.02245564068116606      5.705049647319393     0.7585489613911359
                 263000      2.394196830795178    0.02244322808028321      1.695005313332453    -0.4556697625316024
                 264000      1.963169349334639    0.02243973131496401     0.4233332316693487     -1.843107083474523
                 265000      1.769125817756302    0.02243735026658686     0.2848637941033731     -2.239361697729554
                 266000      1.750722766989703    0.02243502752348731     0.2778479289307392     -2.264402429179995
                 267000      1.932578709245995    0.02243131113732778     0.4518614838257801     -1.778266358598123
                 268000      2.708766658200873    0.02240779061552492      6.899832904891744     0.9465613261356787
                 269000      2.617089958326397    0.02238360284816797      5.305140791376548      0.682660423965096
                 270000      2.614011737313694    0.02235958433920074      5.288812493384038     0.6785042356794312
                 271000        2.3372658806761    0.02235353447345251     0.7760502491358962      -1.24089811853099
                 272000      2.670594260847204    0.02233446861841674      8.396873168685712      1.139645995596173
                 273000      2.370084773829944    0.02232535759839374      1.233851738510203    -0.7784806465520696
                 274000      2.564285193275024    0.02230156756458059      5.627561918969019     0.7379887048139933
                 275000      2.428871992982526    0.02228285621812121      3.139466877784071     0.1535260424850577
                 276000      2.672625153566609    0.02226445733199879      8.516373369701421      1.150637592501548
                 277000      2.401314679140129     0.0222506266018378      2.089416441787137    -0.2550895795928482
                 278000      2.547528462501141    0.02222729475466063      5.890116582375505     0.7802522556413838
                 279000       2.45363589918835    0.02220574107721852      4.270542872143749     0.4577472557978261
                 280000      2.568427879888234    0.02218269797272612      5.686219312119605     0.7430136352211654
                 281000       2.46997863345487    0.02216029691345596       4.95289647154605     0.6039302494053288
                 282000      2.319684288949886    0.02215478844803698     0.7509018738947267     -1.282771202687209
                 283000      2.610805703078863    0.02213220395385399      5.342046414491284     0.6782979813571695
                 284000      2.417247432856405    0.02211570205904274      2.795394202122091    0.02991642941327922
                 285000      1.692791706531216    0.02211403605704442     0.2190079437390823     -2.516779316637929
                 286000       1.85271020710684    0.02211106336769943     0.3971768892983288     -1.921640006632285
                 287000      2.141047500153826     0.0221087934476485     0.3008650317542068     -2.199462653560347
                 288000      2.218763114331211    0.02210568073822282     0.4170878947687021     -1.872968240323143
                 289000       1.87151418667002    0.02210207357777825     0.4867099276181217      -1.71876009558364
                 290000      1.533577958987836     0.0221006103865146     0.1924419224458537     -2.646700207135853
                 291000      1.956242407228382    0.02209701309824409     0.4858583697327819     -1.720740234613824
                 292000      2.096603051547974    0.02209436554337379     0.3536163099378036     -2.038564762885573
                 293000      1.626363293773241    0.02209284106924071     0.2009761885384199     -2.603659782618286
                 294000      1.925600872172663    0.02208889648678678     0.5360770655750754     -1.622746850555262
                 295000      1.885794962279995    0.02208474233611572     0.5666064534176314     -1.567547886086242
                 296000       2.00252528699125    0.02208137502900669     0.4550507971786332     -1.786956291999637
                 297000      2.123414715044494    0.02207855258860079     0.3790827896971401      -1.96973855129653
                 298000      2.205117962879465     0.0220749085054943     0.4948802608542288      -1.70334240339163
                 299000      2.090922988169729    0.02207178284787291     0.4220089167284078     -1.862773399189682
                 300000      1.817772281683842    0.02206896063351366     0.3798440385554157     -1.968166972512001
                 301000      2.011535841607003    0.02206543924339605     0.4784735477763584     -1.737486364076662
                 302000      2.123287029487313    0.02206216022586661     0.4445016495710284     -1.811282141138601
                 303000      1.643592827057977    0.02206048915287429     0.2222128206456371     -2.504676079660754
                 304000      2.068010145297973    0.02205737595681653     0.4215875633682248     -1.864425286594489
                 305000      1.950583760443036    0.02205319317685788     0.5747569649328547     -1.554695152753751
                 306000        2.1460161400277    0.02205015164386176     0.4121681484052571     -1.887348968776888
                 307000      1.967926853822382    0.02204568142601168     0.6176237265454384     -1.483103696882263
                 308000      2.024019944807412    0.02204204360743382     0.4975992366441755     -1.699353131209084
                 309000      2.722372516793292    0.02202007458127099      6.167230495585743     0.8168598269985499
                 310000      1.847821830428698    0.02201639910289264     0.5072462971197712     -1.681315572993391
                 311000      2.629240916871482    0.02199492794612379      6.625833958575842      0.887443561142243
                 312000      2.703132476431256    0.02197640180524127      8.076010948709262      1.084522726383405
                 313000      2.465610049849722    0.02195500932868654       5.17820072778434     0.6391084127746873
                 314000      2.541209233299595    0.02193363262254097      6.351252728576119     0.8423287062907364
                 315000      2.575870509469394    0.02191222477442736      5.958031655022826     0.7774402950430076
                 316000      2.332471950644619    0.02190618908681331     0.8958720392762592     -1.117533048135338
                 317000      2.641835750481149    0.02188645037013951      7.423275061797203     0.9961435213538732
                 318000       2.58146999062151    0.02186530957542603      5.889334258580073     0.7636997432061537
                 319000      2.569311777687665    0.02184443225167735      6.357346987655445     0.8392126600103584
                 320000       2.65959647171102    0.02182789297222326      8.582203000447057       1.13853472435809
                 321000      2.640398350196707     0.0218086146452364      7.511307145345742      1.004370001332163
                 322000      2.684506577017503    0.02179357258308752      9.030752275429851      1.187906200885113
                 323000      2.441841903397742    0.02177471326364327      4.208292096185684     0.4234616798039246
                 324000      2.654640144919643    0.02175805796071483      8.534427621640713      1.129747899160654
                 325000      2.409210624524769    0.02174392030985964      2.653676191146357   -0.03906444913652894
                 326000      2.270279414473356    0.02174014153220854     0.5807612777484915     -1.558599658566406
                 327000      2.541283404246576    0.02171997443577836      6.463150510778847      0.850004649929873
                 328000      2.452342260603234    0.02170064328149137      4.730963062387549     0.5371261312420773
                 329000      2.661546484373157    0.02168559660196386         8.979642576737      1.177263806259362
                 330000      2.449719063216398    0.02166650713418621      4.709118380162569     0.5309237660160671
                 331000      1.993858234185578    0.02166275003584082     0.5936937057078887     -1.540142104479098
                 332000      2.015218992349275    0.02165910162070486     0.5760909820416499     -1.570408473757571
                 333000      2.712214665076935    0.02164006629091891       7.22100832322613     0.9571965552127767
                 334000      1.860160856138469    0.02163635678047952     0.5912136061041708      -1.54554737344602
                 335000      2.009867285536303    0.02163237261247108     0.6381490673750913     -1.469337012456569
                 336000      2.030563215743293    0.02162867136485399     0.5908661090561784     -1.546490586779521
                 337000      2.001888389393732    0.02162423917408378      0.716055148948616     -1.354527784040822
                 338000      1.855676955241329    0.02162038833569195     0.6172808744492563     -1.503138920948372
                 339000      2.051105748148988    0.02161700674105863     0.5387620286399638      -1.63934551907711
                 340000      1.651547345633636    0.02161539800340625     0.2501269346867165     -2.406725382204145
                 341000      2.611417124444303    0.02159577760145331      6.040415279857648     0.7766260164713682
                 342000      2.551873330514091    0.02157644792969144       6.58964928698326     0.8627579120803891
                 343000       2.67938879554325    0.02156278715092484      9.300176894096232      1.206657870474024
                 344000      2.655397328229991    0.02154740230945953      8.780883683079422      1.148487754435339
                 345000      2.678862856371383    0.02153420964088964       9.47831903731759       1.22430523827347
                 346000      2.657532092366669    0.02151960351646127      9.076210829463927      1.180276544930443
                 347000       2.73608428021768    0.02150175707776015      4.537303684679022     0.4861230276897262
                 348000      2.429302038547078    0.02148552208582659      3.770167269154175     0.3001541236763943
                 349000      2.326106263913434    0.02148050280414571     0.8696958714941753     -1.166810586284759
                 350000       2.40922795942376    0.02146732160770165      2.742430743093045   -0.01896804892356093
                 351000      2.590872452889061    0.02144859330094415      5.653238215659637      0.703543017119773
                 352000      2.683259361757301    0.02143501144507439       9.32717728191898      1.203613498724265
                 353000       2.69885909733329    0.02141912130816223      8.507559892804526      1.110894647296844
                 354000      2.677754484229797    0.02140618528342378      9.560173894416039      1.226941266670063
                 355000      2.549480270253685    0.02138769257854297      6.376181439317335     0.8210404789011408
                 356000      2.725930218471057       0.02136935154007      5.788549404249158     0.7234948877676384
                 357000      2.694310164873469    0.02135477427322705      8.999646266065868      1.164116044601695
                 358000      2.375766368314584    0.02134713079610467      1.472202723692041    -0.6466674897960489
                 359000      2.669044262954705    0.02133433078858457      9.608029080264615      1.228572098536455
                 360000      2.699781826309871    0.02131904970983356      8.720726297205749      1.130958988789005
                 361000       2.59879481083893    0.02130118858930592      5.586361916337346     0.6847465665675433
                 362000      2.484728227265385     0.0212835941818913      5.342969686692275     0.6393736070118831
                 363000      2.486965901165824    0.02126597997015939       5.48377332990866     0.6645574769953345
                 364000      2.692701874990972    0.02125226262957684      9.271375477034258       1.18905055213628
                 365000      2.691381017331274    0.02123896923910115      9.440072228620275      1.206456735206562
                 366000      2.522054690385632    0.02122136699687364      5.936390735043841     0.7417653174351645
                 367000      2.682293902744936     0.0212092976936331      9.859324312038165       1.24851273184187
                 368000      2.457784000097931    0.02119280617417448      4.800387027344689     0.5280137758232483
                 369000      2.627871817738426    0.02117541926838021      6.666046794569082     0.8555234780278888
                 370000      2.685101704816821    0.02116329746064926      9.841889045173223      1.244571536025892
                 371000      2.655448622968827    0.02114899978656729      9.029866936043485      1.157785682292135
                 372000      2.524412975766497    0.02113185363459014      5.970909459875823     0.7433362449508208
                 373000       2.67359606844349    0.02112031199050176      10.06252227089343      1.264708524783119
                 374000        2.5529383911114    0.02110324054477913       6.27627235666166     0.7918582772544143
                 375000      2.613829630629795    0.02108633921536437      5.939162788827053     0.7358490168338184
                 376000      2.566170620150932    0.02106944247707734      6.209351513682727     0.7795356690895564
                 377000      2.526250382284581    0.02105264881199086      6.111470728810581     0.7628492769861746
                 378000      2.627198493274335    0.02103593449155371      6.751898099122289     0.8617112446139353
                 379000      2.621299541726521     0.0210192597398559      6.476535755570421     0.8192803474532652
                 380000      2.678092071558107    0.02100791501069104      10.09060619446995      1.262159621060588
                 381000      2.604399945020706    0.02099152933113033        5.8399921081739     0.7145038744425705
                 382000       2.73472401421488    0.02097622850591453      4.748986644693082     0.5069765157512767
                 383000       2.28623538358082    0.02097290822255455     0.6908108010130224     -1.421002339332441
                 384000      2.520359839941519    0.02095658739401698      6.088870655434218     0.7545710908717581
                 385000      2.487704508050166    0.02094058833522267      5.591569316348769      0.668604723208712
                 386000      2.612772469674296    0.02092439178245883      6.194169954715409     0.7701795069607781
                 387000      2.443791999121035    0.02091016413865816      4.240368714927273     0.3905410274868011
                 388000      2.592859316640009    0.02089425318978212      5.801657966538422     0.7032733249452124
                 389000      2.689220896661814    0.02088226149544397      9.749012861935014      1.221721539050495
                 390000      2.753998141219735     0.0208720435989322      2.599350901498739       -0.1006721649289
                 391000      2.728991214141203    0.02085644857344614       5.58326561517735     0.6630924632068397
                 392000      2.504190123523653    0.02084071016414763      5.980371199205506     0.7310463705387136
                 393000      2.654050898340468    0.02082734479653126      9.061093148140907      1.145911984068211
                 394000        2.7005594984957    0.02081382351899693      8.972229277124503      1.135406967072137
                 395000      2.589661949614519    0.02079836316763332      5.824362403417759     0.7025792623448667
                 396000      2.474870356021715    0.02078335811834613      5.286547540642528     0.6049734077666896
                 397000      2.268698888230694    0.02078071653013439     0.5818531478094243     -1.601856281866944
                 398000       2.40765363372112    0.02077102757607228      2.533129763340314    -0.1313298526860699
                 399000      2.647264069548909    0.02075699167228462      8.534035920325032      1.082600969603471
                 400000      2.481712638137128    0.02074195894874205      5.549658035476082     0.6515503994370778
                 401000      2.653560753871964    0.02072901792034412       9.15691297870865      1.151699099127906
                 402000      2.698434304936308    0.02071613296694582      9.185530838881395      1.154197715986701
                 403000      2.485524651998697    0.02070119711228762      5.700310481870608     0.6763676117491805
                 404000      2.615914528402181    0.02068605254646942      6.496384506454943     0.8063609132973333
                 405000      1.699663093866388    0.02068493000651492     0.2496557737584676     -2.452611360984953
                 406000      1.714400627556896    0.02068371406436193     0.2709450647195609     -2.370837123648234
                 407000      1.963924393405602    0.02068112787067888      0.591196586686197     -1.590729657767635
                 408000      1.821959746171498     0.0206792404737015     0.4260782630565029     -1.918346474325068
                 409000      2.029320090333645     0.0206765962655776     0.6057755594656382     -1.566587842200345
                 410000      1.853556284268467    0.02067402905162835     0.5876351771918199      -1.59711525544453
                 411000      2.058050698471984    0.02067177817549914     0.5124421395833729     -1.734142638070848
                 412000      2.020991553585026    0.02066883144101117     0.6802850785887768     -1.450961059631904
                 413000      1.965166072955035    0.02066610543941344     0.6270584303206668     -1.532565174758338
                 414000      1.893411908036166    0.02066357773094444     0.5795964824777075     -1.611395079080858
                 415000      2.144008582042625    0.02066181487682752     0.3986771282824412     -1.985660649403813
                 416000      1.752134363512216    0.02066046043165881     0.3041661240250123     -2.256304078861179
                 417000      1.963813279639764    0.02065761465270442     0.6574553835937892      -1.48563893735571
                 418000      1.799365513549601    0.02065580174238547     0.4109451230198101     -1.955643920261737
                 419000      2.362515318652038    0.02065114635649046      1.118132199652322    -0.9549141164236222
                 420000      2.676183227247356    0.02064078844720392      10.24436654324848       1.25965252658229
                 421000      2.530772798733409    0.02062597510888498      6.147985689514074      0.748331144896014
                 422000      2.711076913408462    0.02061172590853692      7.914671577138845      1.000233769234423
                 423000      2.652116651064165    0.02059900548358351      9.092592443214565      1.138358299713798
                 424000      2.359969009087451    0.02059445511309384      1.119078221126176    -0.9568173623353384
                 425000      2.425888723938487    0.02058325262762997      3.399187868911664     0.1536697446905494
                 426000      2.641300874154917    0.02056944580697325      8.220080811759141      1.036042239404083
                 427000      1.681100078236633    0.02056824082493635     0.2797552803494118     -2.344436440332451
                 428000      1.981809456275204    0.02056528342396686     0.7105014970579826     -1.412524403172575
                 429000      2.077450699404686    0.02056327609527155     0.4735853628924402     -1.818260893118434
                 430000      1.854956615641822    0.02056056539590036     0.6487612057623775     -1.503660194012411
                 431000      1.589693770890544    0.02055954818193646     0.2358328111932198     -2.515651249620339
                 432000      2.096070893132447     0.0205574911466836     0.4864345593678936     -1.791772054542609
                 433000      2.275563884523144    0.02055472325779685     0.6641347192697709     -1.480524065079646
                 434000      1.808126024088387    0.02055275901194991     0.4641876198271761      -1.83881582721142
                 435000      2.117986661314364    0.02055068112123442     0.4923529415593367     -1.780009936020717
                 436000      1.992606787282959    0.02054751676719787     0.7667286865720802     -1.337226740636678
                 437000      1.859358488673919      0.020544602666135     0.7029959609249775     -1.424150432432178
                 438000      1.924823157137731    0.02054223362311184     0.5656573604013285     -1.641628372999699
                 439000      1.797932465744791    0.02054024788153357     0.4708488702808587     -1.825176395907655
                 440000      2.616017003953774    0.02052579650902429      6.752273314557986     0.8372171346630759
                 441000      2.220441314429054    0.02052391315072377     0.4481959182429982     -1.875278685403223
