#! FIELDS time e sigma_e height logweight
#! SET action OPES_METAD_kernels
#! SET biasfactor       4.240371756148875
#! SET epsilon    0.003891431002318289
#! SET kernel_cutoff        3.33135957893421
#! SET compression_threshold                       1
                   1000      2.684349083434607    0.06284082615044533    0.01375115918422312     -4.240371756148875
                   2000      2.670644841779398    0.05501149900536443      1.074224116918584   -0.01520367672967106
                   3000      2.410091997490692    0.05485605882075219    0.01575275771244361     -4.240371756148875
                   4000      2.614625460079486    0.05077855737098928      1.335411266426686     0.1223689134063089
                   5000      2.497201578592001    0.04994677223317341     0.1724610454028268      -1.94097057093646
                   6000      2.533681062450825     0.0476696640505257     0.7828921224785746    -0.4748097075238641
                   7000      2.305290332419348    0.04757671361364293    0.02446076597739087     -3.942685964187064
                   8000      2.346429377828903    0.04728609412959723    0.07999405138485341     -2.763931307742665
                   9000      2.458261762736374     0.0457914124428266     0.5991388980354383    -0.7825098144805599
                  10000      2.729701253012035    0.04429535247858883     0.8489778494197827    -0.4671869840759744
                  11000       2.69120919042077    0.04324962373646707      1.819294753043805     0.2710928990473262
                  12000      2.355336645639592    0.04289194290449737     0.2041229146865501      -1.92469350861954
                  13000      2.563523886758117    0.04178377685980132      1.265235737231857     -0.126577953067983
                  14000      2.570038916024587    0.04091472737473994      1.801277631333944     0.2056417268266627
                  15000      1.935459717220462    0.04088773671396612    0.02113431246410125     -4.240371756148875
                  16000      1.734190095306011    0.04086080893946191    0.02114824023535948     -4.240371756148875
                  17000      2.048278043711309    0.04083301887191959    0.02189790555832894     -4.206217805370067
                  18000      1.792024066903143     0.0407874622554567    0.03623916116146855     -3.703584770531804
                  19000      2.098916400574276    0.04073453440385952    0.04243412120580799     -3.547070813362498
                  20000      2.198970078894374    0.04070060201907234    0.02718000395699808     -3.993375402933779
                  21000      1.851645346278379    0.04063055829068986    0.05707667138760539     -3.253183914405128
                  22000      2.436344546192563    0.03989760141606063     0.9398403480060559    -0.4700736157086688
                  23000      2.466057664554802     0.0392539369886015      1.961916886719254     0.2496291811549911
                  24000      2.621392972087808    0.03924013680840677      3.217180712830614     0.7438609799343472
                  25000      2.657318983944483    0.03912335012556917      3.660734015874292     0.8700385945255205
                  26000      2.330044736664779     0.0389319228295381     0.3131666037249555     -1.593549959627184
                  27000      2.467834361129673    0.03829401069038345      2.174854744808894     0.3279108212094768
                  28000      2.423801879202656    0.03771342802931278      2.070299097271366     0.2633647382381356
                  29000      2.618998956918033     0.0375042928454486      4.010424893696713     0.9190080343141583
                  30000      2.522234730190184    0.03699006775308292      2.300950778975174     0.3496272949593869
                  31000      2.663670925349436    0.03668513562465967      3.993483499273539      0.892690994413699
                  32000      2.716764368069631    0.03623631690024993      2.338417658727692     0.3451917694148318
                  33000      2.749310127099264     0.0358840325432973      1.523966652688367   -0.09273556603577904
                  34000      2.309689648294859    0.03578874039790782     0.3195471707943486     -1.657561608953519
                  35000      2.434748801901547    0.03539695606151141      2.512426495242089     0.3935302845897838
                  36000      2.601881358917071    0.03510929353614455      3.910823270775425     0.8278692133322103
                  37000      2.226639282583104    0.03508774826866357    0.08201537095128654     -3.037341143517109
                  38000      2.601781195072548    0.03486563403206371      4.487475943915683     0.9584474767435326
                  39000      2.238013877058334     0.0348315688047196     0.1444781530083822     -2.478447410205718
                  40000      2.057887201861928    0.03481743561732508     0.0592080467816307     -3.370924098389488
                  41000       1.96630507408409    0.03480758909962697    0.04118038458100204     -3.734302360043897
                  42000      2.087073657324876    0.03478642841943242    0.08945561211549076     -2.959129970198155
                  43000      1.814054046002997    0.03476954186028079     0.0713302454242242     -3.186037634593295
                  44000      1.696496146118796    0.03476096172788998    0.03607297504295987     -3.868060902309774
                  45000       1.69649604027697    0.03474632517989745    0.06191727928347533     -3.328226735908407
                  46000      2.688090911881545    0.03442408178965074      3.325751339989955     0.6461074247552748
                  47000      2.729921015772824    0.03411963120834603      2.442537985712405     0.3285660084722249
                  48000      2.613818416220917     0.0339174843357182      4.672650533851623     0.9713125581316362
                  49000      2.680633672026229    0.03365312955763839      3.947058820100128     0.7947321917954704
                  50000      2.710041539223087    0.03338361451894055      3.520494673144742     0.6723221459996415
                  51000      1.737306576937732    0.03337084964791825    0.07627939203900258     -3.160014276757857
                  52000      1.859579669994875    0.03335823952081075     0.0754751813204967     -3.170991159282649
                  53000      1.784903746602318     0.0333417789487571    0.09909918606409319     -2.899167379490273
                  54000      1.561118231403003    0.03333742793900231    0.02592084204108296     -4.240371756148875
                  55000      1.855715244710129     0.0333177359777391     0.1193133710655652      -2.71425657189513
                  56000      1.931000393754771    0.03330648716210075    0.06772555914796638     -3.280884009427942
                  57000      1.986254794677892    0.03329450210127412    0.07232711885373587     -3.215508413195516
                  58000      2.622748476559417    0.03315360489750688      5.399741206799061      1.093157921275256
                  59000      2.353924644419703    0.03307333631872857     0.5685983943131385     -1.160198057451069
