#! FIELDS time e sigma_e height
#! SET action OPES_METAD_state
#! SET biasfactor       4.240371756148875
#! SET epsilon    0.003891431002318289
#! SET kernel_cutoff        3.33135957893421
#! SET compression_threshold                       1
#! SET zed      0.1202939552186921
#! SET sum_weights       178.4507625561306
#! SET sum_weights2       508.1463916386556
#! SET counter  145
                      0      2.667271762342627    0.03554927470044282      151.8423156631005
                      0      1.944654331384287    0.03790711470015379       2.59541438060338
                      0      2.511120807998945    0.03749921504206726      42.14798082555522
                      0       2.44036912558277     0.0355086452198954      20.86009312933937
                      0      2.594468859369296    0.03959332992447701      45.39650360748233
                      0      2.325435801827707    0.03367629049712881      4.007237473448295
                      0      1.714287205093475    0.04101984135255274      1.073702844562893
                      0      2.100692788924393    0.03312874193263034      0.510598242658354
                      0      2.005325158051593    0.03466431904179962      1.252472856433249
                      0      1.822393754493516    0.03727046202065359      1.806607007718906
                      0      2.280426812840774    0.03631067832056942     0.8801744442638646
                      0      2.158152512325562    0.03477151992091588     0.8922011044270813
                      0      1.613762479259478    0.03418932543869956     0.2248625897076628
                      0      1.880258514251627    0.03428037591535481     0.7747391564372639
                      0      2.066665937203038    0.03333147892631867     0.8436073316457667
                      0      2.213312486815874    0.03246257767185088     0.8200029811870821
                      0      1.552752674783886    0.03477820026884728    0.08322823670809971
                      0      1.771944879862519    0.03347777013860141     0.4668691674355632
                      0      2.719699966705455    0.03372798748339126      57.76956131680628
                      0       2.80935758004177    0.03066301520208929     0.3386345463021695
                      0      2.382430583506476    0.03030243954640785      1.952826160433353
                      0      1.412075185160875     0.0316420342357412    0.06553412507019429
                      0      2.768227047528266    0.03013614220187187      4.338362573348026
