#! FIELDS time e sigma_e height logweight
#! SET action OPES_METAD_kernels
#! SET biasfactor       4.240371756148875
#! SET epsilon    0.003891431002318289
#! SET kernel_cutoff        3.33135957893421
#! SET compression_threshold                       1
                   1000      2.729536029042699    0.06284082615044533    0.01375115918422312     -4.240371756148875
                   2000      2.534728824249802    0.06223720151399354    0.02455322034574852     -3.670303904548982
                   3000      2.299212244786605    0.06190289896203238    0.01395951107544857     -4.240371756148875
                   4000      2.465185871942416    0.05462609837270895     0.9022629636044464    -0.1966820689766841
                   5000      2.678531825832471    0.05375765367001783     0.0905425841308056     -2.511793507555588
                   6000      2.567604588151928    0.05024760694948491     0.7167447391592419    -0.5104171534129022
                   7000      1.983139941877572    0.05013649513127939    0.01723563247491037     -4.240371756148875
                   8000      2.328923365071707    0.04885811092054623     0.2445304302718521     -1.613839678869913
                   9000      2.741001890466637    0.04759693231948528     0.2819465527084436     -1.497614005540838
                  10000      2.696729900797661    0.04563223900984202      1.000065156892713    -0.2736649449056152
                  11000      2.667749815759621    0.04489036563272026      1.906984080637515     0.3554016143471955
                  12000      2.571397259437809    0.04346867842051112      1.377411110458495  -0.002098189438097653
                  13000      1.948437784923612    0.04336833967692187    0.05065767428703535     -3.307279431595038
                  14000      1.867548025328909    0.04327791542305499    0.04602366678050954     -3.405301613317392
                  15000      1.761084225197341    0.04322625315484187    0.02627303762152229      -3.96710859079046
                  16000      2.097308331581247    0.04318247122947851    0.02234033835807382      -4.13027124750662
                  17000      1.646892194420075    0.04313774018956982    0.02293669205320308     -4.104963683440459
                  18000      1.908388072636242    0.04275603327891295     0.2181573598874474     -1.861372889709911
                  19000      2.649333834013724     0.0436968342197627      3.632986719374685     0.9729861914506321
                  20000      2.681947780543982    0.04371647097549791      4.569406133317164      1.202763626577201
                  21000      2.417094694886291    0.04317015968184962     0.6289008131291891    -0.7929767782485085
                  22000       1.79621004202616    0.04309792695827045    0.07646454261187152     -2.901797805551598
                  23000      2.628856255901705    0.04229864352501697        4.3854931541452       1.12871253873716
                  24000      2.447544480447478    0.04171929877431298     0.9707679176011504    -0.3930485931913404
                  25000      2.195788588254303    0.04169682113943077    0.03261902969256684     -3.786779096005882
                  26000      2.445431781610288    0.04096996695954899      1.486389727072003    0.01484490065421477
                  27000      2.507642253994708    0.04030837434946408      1.486054971206446  -0.001660376274242996
                  28000      2.701520538825727    0.03966869129145698      4.311177084558333      1.047428654174992
                  29000       2.63871524026938    0.03927855921148524      5.558297854288694      1.291626160716123
                  30000      2.048894337051685    0.03926072354327242    0.04411140359040101     -3.545156889155806
                  31000      2.111037123642875    0.03923666348570234    0.05979008521856938     -3.241648390329348
                  32000      2.692458967168478     0.0388399331397248      6.063442969467093      1.367382145294937
                  33000      2.735231708526766    0.03821035165179211      3.769877263914895     0.8758043472686754
                  34000      2.574989771385638    0.03773659656945481       2.25089216655645     0.3476124487554038
                  35000      2.458563013787234    0.03740767351575994      1.445250115477085    -0.1041863077472263
                  36000      2.547050215257783    0.03703115372577248      1.867337611540801     0.1419286679794594
                  37000       1.71601607725365     0.0370184203631346    0.04926367072784518     -3.493497297462006
                  38000       1.86640934437317    0.03697827904076338     0.1581342496197336     -2.328324800505556
                  39000      2.107314007054424    0.03695523467581303    0.09029627137789387     -2.889296366600425
                  40000        2.7426050772342    0.03648683553227325      3.474845135954908     0.7481568757913392
                  41000      2.257198365148563    0.03646497114849536    0.09343772860709801      -2.86845252576607
                  42000      2.330725885631615    0.03640730088807772     0.2531529496206202      -1.87333666280604
                  43000      2.458409778734362    0.03607735046823835       1.93392043850796      0.150869953234699
                  44000      2.070057954891142    0.03605094900182353     0.1201243344262897     -2.628639326620887
                  45000      1.745028498221607    0.03602996633159438    0.09543346423574811     -2.859319555800985
                  46000      1.971191731607324    0.03600351733387794     0.1210802511581023     -2.622029645335279
                  47000      1.956265158973269    0.03595952783283834     0.2046243131973587     -2.098530082741653
                  48000      2.128272732073265    0.03592847914968737     0.1439105625149937     -2.451377556149855
                  49000      1.833816169645988    0.03588979564512206     0.1810225607858092     -2.223025161259696
                  50000      2.191165034144723    0.03586903057464094    0.09641010368021669     -2.853614570016545
                  51000      2.432414596315749    0.03554425870858888      2.142040337891143     0.2381928856597995
                  52000      2.487191624781154    0.03521075934440196      2.471638254110677     0.3718883284229351
                  53000      2.448739370565023    0.03486791738130428      3.015847743210671     0.5611035373050342
                  54000      2.497852399841978     0.0345473261021808       2.93277165394735     0.5239335257467843
                  55000      2.510313199017992    0.03423740046214814      3.130742727646167     0.5802443346673453
                  56000      2.707754484018358    0.03399238264182085      5.536827481197638      1.143213577252035
                  57000       2.55341706237834    0.03373111803685905      2.663791015344985     0.4038265348702688
                  58000      2.737120801836864    0.03345961144829122      4.505328552882884     0.9212553399637076
                  59000      2.652467883769849    0.03325013121996023      5.880514351697963       1.18135838420035
                  60000      2.517145442272292    0.03300623213383762      3.245019379173592     0.5794731561030902
                  61000      2.229454932524021    0.03299242438785739     0.1148510676932605     -2.762185644589052
                  62000      2.510017929434298    0.03275106931001553      3.735461914839693     0.7124625329301663
                  63000      2.604808991949252    0.03251928648201678       3.82345873960694     0.7286442235005948
                  64000       2.52162509856653    0.03229880365711903      3.659133587213373     0.6779120234257281
                  65000      2.258749159934594    0.03228258016144632     0.1562801682050948     -2.475921723852535
                  66000      2.463028666516069    0.03207719891266861      3.304922765483519     0.5692140053133146
                  67000      2.716171217610747    0.03187990222771497      5.049470820254527     0.9869146745386908
                  68000      2.640172985561454    0.03168772816398798      5.010731765972988     0.9731668850481598
                  69000      1.770015324237765    0.03167750163335503      0.112840213757087     -2.820520359481433
                  70000       1.97021378695953     0.0316616207631921     0.1769292378006826     -2.371244729087606
                  71000      1.620912126096144    0.03165830495646642    0.03637041377917521     -3.953343691275992
                  72000      2.067632789623786    0.03164626987088782      0.133714585129659     -2.651771988502424
                  73000      1.883489705872156    0.03162882269502676     0.1957292568029569     -2.271298664274423
                  74000      2.662513884427255    0.03146833803681748       5.99209505074615      1.145078445458206
                  75000       1.95615758787713    0.03144892920330084     0.2308773343189822     -2.111848357010765
                  76000      2.203774210278285    0.03143770151817456     0.1322923813019689     -2.669077500312069
                  77000      1.723993677208071    0.03142868596158617     0.1060530731917572     -2.890439140384858
                  78000      2.023621687488655    0.03141709827328731     0.1370160104320775     -2.634649782029099
                  79000      2.496502473871178    0.03123583177677712      4.014367462413331     0.7371011193872553
                  80000      2.408600047058254    0.03112754875038351      1.630947251893069    -0.1670903410721313
                  81000      2.348899972107209     0.0311001422174212     0.3527897465551033     -1.699015188464201
                  82000      2.566494829307998     0.0309423434332421       3.08763528722428     0.4651865399898048
                  83000      2.446118620345959    0.03078881002810333      3.105253866413496     0.4659022235310902
                  84000      2.005884813548548    0.03077411479468551     0.1976174668810121     -2.289092756772949
                  85000      2.677265013347864    0.03064913316813216      6.452784981710702      1.192771635860838
                  86000      2.607310807763356    0.03049212988173977      4.192320093716446      0.756378353767292
                  87000      1.683211505199921    0.03048668752865268    0.07839840179887135     -3.223006185413881
                  88000       1.88303943878501    0.03047020028861282      0.242473319741325     -2.094458992283463
                  89000      1.868764337203302    0.03045118842947647     0.2816499503455245     -1.945309829885099
                  90000      2.044175149091167    0.03043786245272325     0.1959194056282757     -2.308709153442397
                  91000      2.051446622941775    0.03042153468912035     0.2418900372164713     -2.098465874419658
                  92000      1.900851164409289    0.03039884008071758     0.3411965221733247     -1.755236766120919
                  93000      2.036150674038898    0.03037905454328899     0.2968613629765188     -1.895081227048081
                  94000      2.041543646341509    0.03035499843071593     0.3651034402221364     -1.688957933017787
                  95000      1.882022035598444    0.03032764527102816     0.4195215855824869     -1.550925179392793
                  96000      2.512320346890916    0.03017991398286004       4.25834379679111      0.761712345567085
                  97000      2.376544515100558    0.03012778247966022     0.8803732448904878    -0.8163061297182025
                  98000      2.701824662738137    0.03000825422488827      6.234694019396637      1.137257425677406
                  99000      2.616662762133593     0.0298704450061597      4.905974932406425     0.8929788042364671
                 100000      2.686522098737059    0.02977256602365157      6.974124971655715      1.241449671785966
                 101000      2.628724029630555    0.02964859845174577      5.831829663337339      1.058401079381894
                 102000      1.996868589828015    0.02963198915502679     0.3057988689108457     -1.890317754028274
                 103000      1.852094054301047    0.02961341800077845     0.3443473585340774     -1.772221360665483
                 104000      2.657799637881459    0.02952075634948554      7.203254105638634       1.26528194181271
                 105000      1.840365898306253    0.02950328559371193     0.3374640733179327      -1.79613915278419
                 106000      1.983444392548712    0.02948614002108306     0.3318820836503266     -1.813399781956007
                 107000      2.189902808364915    0.02947894810119238     0.1365403840619312     -2.701803031495015
                 108000      1.725540504681903    0.02947213184757959     0.1294493887051022     -2.755364723546475
                 109000      1.995766236389142    0.02945147366502416     0.4052186303599991      -1.61492914329801
                 110000      1.922691450856281      0.029432877419035     0.3642503122821086     -1.722146209705408
                 111000       1.49247963912328    0.02943132527477257    0.02936103609318498     -4.240371756148875
                 112000      1.703126642528884    0.02942404257240623     0.1394996898577601     -2.682225348466315
                 113000      2.190125958039621    0.02941537833312783     0.1666580972329816     -2.504637839228903
                 114000      1.741797171971321    0.02940590794916646     0.1827404685862281     -2.412837294604732
                 115000      2.320490834877771    0.02939061629629905     0.2994411005198486     -1.919506652552205
                 116000      2.731120705929676    0.02926783697904218      4.741945455070102     0.8385921219070104
                 117000      2.710494187525355    0.02916188645148143      6.410961011091683      1.136527219371744
                 118000       2.66353113908182    0.02907815338061835      7.462191545850672      1.285491731047764
                 119000       2.67226543334744    0.02900224263101275         7.860728269901      1.334907854230865
                 120000      2.538975460417367    0.02890402919775683       3.16218169672472     0.4208986415170741
                 121000      2.279255428105027    0.02889585631370041     0.1850323516301886     -2.417870953048141
                 122000      2.416349558563017    0.02882832464811856      1.857557430729092    -0.1137237482432014
                 123000      2.301877157361554    0.02881637846618054     0.2767504161427502     -2.018039843701545
                 124000      2.299002179461733     0.0288025824957198     0.3217698708368211      -1.86779818490033
                 125000      2.669552568356131    0.02873780139612681      8.253874806471751      1.374551579311938
                 126000      2.373706768586839    0.02870205985697422     0.9235182159257849    -0.8169404246703503
                 127000      2.562248264767102    0.02861209343309414      3.063632942044109     0.3790863612590796
                 128000      2.487488581174261    0.02851492318705597      3.713060539727973     0.5679394884730521
                 129000       2.35552496590647    0.02848687675330875     0.7420409184955953     -1.043251936904924
                 130000      2.274897753385202    0.02847616222514872     0.2707285528216462     -2.051915848282591
                 131000      2.409314957368481    0.02841264547965694      1.948816642044248   -0.08028791465325061
                 132000      2.724801980848155    0.02831397624991721      5.748709271645453     0.9979863360539172
                 133000      2.683943967789753     0.0282527894237125      8.308306628662042      1.364103444129663
                 134000      2.431782786178442    0.02817775036024332      2.704356150576015     0.2390519719830404
                 135000      2.408107577738543    0.02811337570739712      2.208556697551285    0.03424012883589741
                 136000      2.497788069001391    0.02802426348832333       3.95650218865219     0.6140864751129106
                 137000      2.698725825943712    0.02795718955961959      7.957085887279017       1.31039267189009
                 138000      2.398885242475649    0.02789971090410578      2.046912033821505   -0.04939590277130596
                 139000      2.484231556085367    0.02781486976818981      3.973343967484907     0.6108342485689453
                 140000      2.470643563450322    0.02773142282916258      3.989806040395233     0.6119642244829301
                 141000      2.655142785190469     0.0276667799366191       7.96695090039235      1.301189698499105
                 142000      2.764151299492704    0.02760637634643365      2.418051090225531     0.1066640919579769
                 143000      1.433975620237741    0.02760533821642433    0.03235799289423996     -4.207229607559702
                 144000      2.197039693226474    0.02759981731512825     0.1745362740833189     -2.522158093077566
                 145000      1.681686006184899    0.02759575990260736     0.1277956627850533     -2.834005103151652
                 146000      1.981819392743817    0.02758247198083269     0.4317266173206871     -1.617126785737421
                 147000      1.934510749589457    0.02757061805760426     0.3841471836016923     -1.734323428881174
                 148000      1.987404227833791    0.02755544339562488     0.4985000830349453     -1.474295986732345
                 149000      1.934501013425146    0.02754177065000166     0.4480093416402799     -1.581581972142672
                 150000      1.614089124284324    0.02754020643904727    0.04936638626728761       -3.7871830993045
                 151000      1.611193057680211    0.02753829595535355    0.06037544218420677     -3.585939789169641
                 152000      2.639930129184898    0.02747004616504268      7.602007995543972      1.247164040780817
                 153000      2.328610670262178    0.02745286069226766      0.587928062004077     -1.313024867140543
                 154000      2.557652082275762    0.02738603137278895      3.049732900025521     0.3307425302873044
                 155000      2.652148603168599    0.02733428680172671      8.622551580892994      1.368178326693953
                 156000      2.664932534799168     0.0272951502684368      9.404359126207428      1.453537796956958
                 157000      2.228903944751196    0.02728951734585321     0.1990153975717985     -2.402214996294022
                 158000      2.435168873057892    0.02722125827155899      3.487889708068088     0.4589505450803903
                 159000      1.915225398540283    0.02720869765005145     0.4620588795527251     -1.562870824590059
                 160000      1.987733355568805      0.027194029664291     0.5451470883733178     -1.398046744457939
                 161000      1.932065300920057    0.02717954614102132     0.5393494959900283     -1.409271354546292
                 162000      2.111501860975603    0.02717555207295713      0.143527294434468     -2.733256870699898
                 163000      1.808554870877507    0.02717015855724518     0.1948942200246788     -2.427523632069618
                 164000       1.76845251492017    0.02716529201997125      0.175690380998852      -2.53143646443715
                 165000      1.819999316130371    0.02715775752677711      0.274818095330529     -2.084327699938063
                 166000      2.150579286328425    0.02715370397702726     0.1462367150857874     -2.715359732753909
                 167000      1.904384643604311    0.02713922710984522     0.5430253114748176     -1.403963732119498
                 168000      1.598365200673581     0.0271374036903488    0.06548811968459413      -3.51931810762797
                 169000      2.620658892119938     0.0270632730631793      6.480068581493213       1.07256410284952
                 170000      2.660815449475428    0.02703131362923981      9.838192117596364      1.488923362118934
                 171000      2.741830364778338    0.02696040562614337      4.383978722580887     0.6779814653969629
                 172000        2.7123434782258    0.02689521869223443      7.589224682527123        1.2243334011295
                 173000      2.744440097371513    0.02682558938758779      4.578073209983057     0.7162899107298263
                 174000      2.555166435431326    0.02676910182737004      3.092209738652521     0.3217897043921593
                 175000      2.500512620792422    0.02670315925434827      4.254363388994306     0.6383824563417262
                 176000      2.688111047364152    0.02666493626780978      9.594205666760255      1.450164231590193
                 177000      2.513030999272406    0.02660095480232559      4.250157825895694     0.6335586654973081
                 178000      2.602110725081099    0.02653555036983795      4.691505428498519     0.7298943129612447
                 179000      2.515793180548427    0.02647241597197721      4.422947348510691     0.6685650167259428
                 180000      2.506246331876699    0.02640846986089991      4.793327735210641     0.7465651202667098
                 181000      2.292685163502556    0.02640053878028134     0.3624128502145144     -1.835931390726721
                 182000      2.686898257136588    0.02636143304159655      9.512453896186258      1.430159386703467
                 183000      2.577569847397972    0.02630901571327944      3.342668465406235     0.3823365507473985
                 184000      2.573051412191178    0.02625625969457831       3.44487446988732     0.4104473283953639
                 185000      1.972169396092201    0.02624499717839793     0.5481020815042569     -1.428162904292775
                 186000      2.658935288366568     0.0262077598102771      9.660436411007105      1.439749804985142
                 187000      2.380317943902166    0.02618110677938117      1.445162431027628    -0.4610848026119033
                 188000      2.190371736666537    0.02617728132010499     0.1855001229878405     -2.514152386740041
                 189000      2.511719654247924     0.0261185483609873      4.642903133863604     0.7036410108621112
                 190000      2.540371953911328    0.02606385849406943      4.044823077088314     0.5636428713371586
                 191000       2.42653290909422    0.02601909797297075      2.928343227625227      0.238923055359392
                 192000      2.426981819114447    0.02597308185670125      3.099387501046996     0.2939206379507918
                 193000      2.378388673575019     0.0259455889791141      1.590698158128425    -0.3741699355742513
                 194000      2.126167669157609    0.02594254861226558     0.1546341300545809     -2.705153541460398
                 195000      1.767864066687765    0.02593892520402035     0.1848775125371667     -2.526661585694662
                 196000       1.52871766589035    0.02593817429755089    0.03784739202461949     -4.112821971943946
                 197000      2.045641822588696    0.02593178924571882     0.3302651976654329     -1.946734280101537
                 198000       1.57046072014014     0.0259306770538739     0.0562174704462987     -3.717445560536702
                 199000      2.260411867790943     0.0259250698992228     0.2893584844494239     -2.079223040848283
                 200000      2.202437188631341    0.02592058176373086     0.2306367087005355     -2.306218742444374
                 201000      2.745961313611502    0.02586539107916123      4.575788251823094     0.6793402404998183
                 202000      2.519292569433312    0.02580911387050295      5.085983661908649     0.7828715727509731
                 203000      2.565610613176617     0.0257585819751187      3.962250038327285     0.5312353453526496
                 204000      2.323401960684506    0.02574728175208428     0.6255757569873217     -1.315098345831007
                 205000      2.695014185816829    0.02571699404444665      9.966348926773531       1.45202176898083
                 206000      2.656089255766983    0.02569124348580166      10.44069411119449       1.49751671721488
                 207000      2.694478221999472    0.02566296059092674      10.38368402404322      1.490939898357764
                 208000      2.605157563470326    0.02560921382629391      5.323304602256676     0.8207019159467522
                 209000      2.703311870458037    0.02557381811486849      9.844161281774342      1.434103052189149
                 210000      2.231532433461572    0.02556946205574579     0.2567029104693844     -2.212781664392443
                 211000      2.597172778646619    0.02551843748211197       4.86882345964164     0.7279089857011699
                 212000      2.168551539332782    0.02551499233039093     0.2047805236419329     -2.440894838042019
                 213000      2.085047602258024    0.02551125870874955     0.2223909910044011     -2.358542915007849
                 214000      1.823128237239559     0.0255064027704525     0.2911069290317179     -2.089479678125928
                 215000      2.654912098458707    0.02548221631001768       10.8906361680118      1.531539599909464
                 216000      2.507353275929306    0.02543114808780522      5.276308064983174     0.8048567862028682
                 217000      2.560650387814273    0.02538467889406941      4.275455892620021     0.5926919749128025
                 218000       2.31729586880831    0.02537544601460788     0.5930044631986583     -1.383115901623712
                 219000      2.563926506374937    0.02532871122486486      4.446107191952809     0.6296229461020609
                 220000      2.695475267563532    0.02530453704433551      10.95217325085493      1.530177054216914
                 221000      2.515730805251589    0.02525539139431867      5.411534197735825     0.8232277294631096
                 222000      1.866768257113244    0.02524914177022431      0.412941247572929     -1.750002350209784
                 223000      2.022532758703933    0.02524251008985604     0.4396559340861837     -1.687577906561075
                 224000      1.970681950749561    0.02523382837579881     0.5831823255424613     -1.405414476791563
                 225000      1.555804258659605    0.02523292981386613    0.05791012086538597     -3.715057792721143
                 226000      1.976349402292973    0.02522347713674284     0.6390850614728867     -1.314287085912257
                 227000       2.09478339104622     0.0252200700404798     0.2229515039025168     -2.367505456970666
                 228000       2.12579335399921    0.02521674895514775     0.2173584178295171     -2.393043740326432
                 229000       1.81419146570733    0.02521231555838665     0.2921075755374667     -2.097645109636498
                 230000      2.024194504118064     0.0252050079535494       0.48979252914295     -1.581075246586226
                 231000      1.807496966467091     0.0252003839976343     0.3056578091510619     -2.052774403328647
                 232000      1.880597638260985    0.02519325448174669     0.4784553607004256      -1.60496064534616
                 233000      2.230874611161922    0.02518907967758707      0.275888722068281     -2.155691683230077
                 234000      2.723168180621558    0.02514226127022148      7.741666604843306      1.176822572046071
                 235000      2.423860810556847    0.02510726601456166      3.021848543407955     0.2346814692713861
                 236000      2.719114186190177      0.025064055231211      8.459456705149536      1.262375147339092
                 237000      2.305899726596681     0.0250567165758682     0.5144345113476093     -1.537889661669684
                 238000      2.317907628991738    0.02504759387565258     0.6474796673320212     -1.308234679878079
                 239000      2.667551761796272    0.02502726101340166      11.36659632374837      1.556300016159408
                 240000      2.166239956718075    0.02502401393017955     0.2270809842167139     -2.356957207646616
                 241000      2.343928007953322    0.02501145803979373     0.9307309236763196    -0.9467955828460128
                 242000      2.257258143243349     0.0250067654560704     0.3319181397585027     -1.978065063182345
                 243000      2.110051532006409    0.02500319053051089     0.2514541418777113     -2.255835768802784
                 244000      2.173845663064151    0.02499939287054697     0.2676421446835591      -2.19359749461179
                 245000      1.850802358136796    0.02499326226715285      0.438347748275945      -1.70048102077042
                 246000      1.927908275600657    0.02498556559988135     0.5562710641544019      -1.46254585818028
                 247000        2.0486922737655    0.02497981381870389     0.4114207416581685     -1.764415396547357
                 248000      1.765981535712093    0.02497663788715895     0.2240105818417006     -2.372465646648555
                 249000      1.696040895897973    0.02497455876127999     0.1458226567914864     -2.801850980164834
                 250000      1.995329577584883    0.02496598007808253     0.6257390782807836     -1.345652263584239
                 251000      2.139501987970336    0.02496232974086307     0.2588524986354854     -2.228473566948915
                 252000      1.724340501181769    0.02495947166313578     0.2018853346671466     -2.477146579205145
                 253000      2.017612735236906    0.02495142314142227     0.5868408334057413      -1.41041535046824
                 254000      1.701639399311237    0.02494865315189073     0.1959657455950139      -2.50734012576739
                 255000      2.104674320396571    0.02494452313104614     0.2946521106289057      -2.09965018245791
                 256000      2.037814728172726    0.02493707458638595     0.5426356569540541     -1.489306092835628
                 257000      2.033722729261292    0.02492881612709714     0.6056067438401954     -1.379844594817774
                 258000      1.489173112280499    0.02492820179924707    0.04311647481771815     -4.022194905841419
                 259000      2.511056551674647    0.02488416042846602      5.130692613068499     0.7551275738262502
                 260000      2.353122949871565     0.0248700879918561      1.088188980114808    -0.7961639380318354
                 261000      2.423026093138362    0.02483796230075995      2.967009855373461     0.2055833214635556
                 262000      2.688590158319013    0.02481524719126132      11.09719086951277      1.523805709603023
                 263000      2.383005137640186    0.02479371475390768      1.821639227735602    -0.2840176082095289
                 264000      2.691713523528618     0.0247703791710667      11.12577086115667      1.524568105377557
                 265000      2.323875897653119    0.02476023919431638     0.8019716726932126     -1.105787446509606
                 266000      2.684459592984954    0.02474104372040314      11.66523443832029      1.570731994274882
                 267000      2.682847756036117     0.0247229776583088      11.91908248752712      1.591529204698195
                 268000      2.737834130570159    0.02467971976787176      6.021088243516798     0.9069052964581649
                 269000      2.568156800768032    0.02464421282951343      3.893258048647503     0.4694438887774018
                 270000      2.323787888077324    0.02463426511087755     0.8324877509920046     -1.073542968528974
                 271000      2.700453563650099    0.02460754519285285      11.00482825805153      1.507042657891156
                 272000      1.638594948784039    0.02460654213436032     0.0806242428004217     -3.409288109751496
                 273000      2.662343578969048    0.02458269614272227      11.45655281812027      1.546260089201412
                 274000       2.67726888565171    0.02456661138093802      12.45217423557728       1.62893894292498
                 275000      2.691222960586064    0.02454710039415847      12.22440851866526      1.609683826084467
                 276000      2.248083116726801    0.02454358549728833     0.3017231668393185     -2.092139373425685
                 277000      2.229737640701422    0.02454003851526599     0.3047449319042174     -2.082318694549276
                 278000      2.645764402370557    0.02450402701864203      9.786202156871829      1.385466360346342
                 279000      2.649623987070825    0.02447212679744007      10.61459985978068      1.465420624650756
                 280000      2.647983822283827    0.02444006923675497      10.61788471979928      1.464419222053477
                 281000      2.662466067995461    0.02442094966738359       12.5924311742693      1.634192727632362
                 282000      2.690602984089753     0.0244013688525322      12.66699153699185      1.639294187403727
                 283000      2.523515661537169    0.02436717178015386      4.470979094556154     0.5964996667962166
                 284000      2.662725291575941      0.024348444971814      12.87818672770838       1.65365835249539
                 285000      2.656118073113563    0.02432500337159166       12.3589718780631      1.611542471639289
                 286000      2.700544110203432    0.02429705728886072      11.72599388555259      1.557818758665769
                 287000      2.446972847716535    0.02427255581009504      2.914325976204603     0.1646403264150036
                 288000       2.57132447446738    0.02424445691998851      3.543162947432232     0.3588632646119426
                 289000       2.32158841317583    0.02423714378531319     0.7463371997118355     -1.199036009169151
                 290000      1.786376554589313    0.02423472833211717     0.2383310995288986      -2.34065230032692
                 291000      1.633851700300231    0.02423387697259967    0.08316282562053431     -3.393547871518718
                 292000      1.612025914925802    0.02423300282531479    0.08541531797405717     -3.366858931908271
                 293000      2.109384093428035     0.0242302991772843     0.2675057910269827     -2.225354744260284
                 294000       1.99383985115924    0.02422436755225062       0.60084116111217     -1.416410182392982
                 295000       2.08839494835049    0.02422140750632398     0.2938848278428062     -2.131675042820603
                 296000      2.112337133559239    0.02421829993242238     0.3090243611350021     -2.081571185844008
                 297000      1.941319479851888    0.02421334599688522     0.4994256723775969        -1.601737089613
                 298000      1.950846304008666    0.02420786980676983     0.5547254779015374     -1.496948705317522
                 299000       1.97373185902133    0.02420158215834277      0.641465221524575     -1.351926863451794
                 300000      1.751177108733601    0.02419946394081944     0.2100141063239621     -2.468594658060033
                 301000      2.133016964081262    0.02419640508317713      0.305378214157689     -2.094344714554694
                 302000      1.974858826416592    0.02418958507647458     0.7001868795445743     -1.264830399226512
                 303000      1.742769807358082    0.02418729872845284     0.2274725538752652     -2.389242602946525
                 304000      1.872392088662143    0.02418320040975241      0.413153723828347     -1.792621910686156
                 305000      1.874253280014824     0.0241788102106072     0.4438651398081624     -1.721102425621546
                 306000      2.666680691737679    0.02416205768193521      13.33216458201379      1.680618481426934
                 307000      2.310715087005005    0.02415556554081798     0.6776766333699452     -1.298914798244923
                 308000      2.691241105402616    0.02413519195204871        12.947173518098      1.650203963296025
                 309000      2.585875802286969    0.02410755574324325      3.692351027003323     0.3944441353132341
                 310000      2.401191503095093    0.02409014525656412      2.050982769053055    -0.1942226380550594
                 311000      2.532544084341404    0.02406031712129462      4.214533847810104     0.5247583203722893
                 312000      2.565166158438846    0.02403269950609224      3.782462166439466     0.4154459845806447
                 313000      2.604589409219373    0.02400109207451498      4.759065347714555     0.6438060636363079
                 314000      2.220038342175143    0.02399844255093423     0.2818178558087721     -2.182849945806439
                 315000      1.891181702271056    0.02399398962739598     0.4802847095152969     -1.649917401526894
                 316000      1.792297460996763    0.02399144381394371     0.2709571123775762     -2.222442030726192
                 317000      1.949868410384004    0.02398572747660668     0.6234659363278372     -1.389346745595333
                 318000      1.992685253483939    0.02397932899488158     0.7024588485890658     -1.270320852889981
                 319000      2.273174231975876    0.02397579922362587     0.3795169017253204     -1.886155752611687
                 320000      1.633080617600021    0.02397488939657836    0.09604413315768885     -3.260285027505396
                 321000       1.99054254229965    0.02396812407228018     0.7465771308036753     -1.209876122413895
                 322000      1.919562128488814    0.02396299558732541     0.5594245135094545     -1.498680450376233
                 323000      1.885457551951798    0.02395825105623997     0.5165369087892419     -1.578640319510771
                 324000      2.069818634272403    0.02395489052379709     0.3623729474511674        -1.933253417888
                 325000       1.53028228821163    0.02395440173997175    0.05165238445603261     -3.881411385354944
                 326000      1.865785069079068     0.0239497535739252     0.5065382369563152     -1.598541993239852
                 327000      1.852707211634353     0.0239453082884729     0.4841221832035001     -1.643990113141448
                 328000      1.579873753886313    0.02394460399922962    0.07467689738076498     -3.513186073184801
                 329000       1.70182363449028    0.02394271007704521     0.2025664138723538     -2.515368142080986
                 330000      1.948686402835019    0.02393625591170257     0.7151445800728944     -1.254220815826552
                 331000      2.122972523263149    0.02393307699302051     0.3438126530560592     -1.986741468664929
                 332000      2.659892329907901    0.02391540327175969      13.22174558580634      1.662041044473345
                 333000      2.511280260996903    0.02388537739790374      4.601202456116093     0.6052395579575798
                 334000       2.48038377073086    0.02385875678632871      3.837453479958491     0.4226157389310057
                 335000        2.5975158830877    0.02382937514762441      4.535938877652156     0.5886065986855199
                 336000      2.576143100878403    0.02380195831840486      4.096618983117934     0.4855852926014142
                 337000      2.033651524749721    0.02379697292674757     0.5703414481852191     -1.486306243183167
                 338000      2.518826877622777    0.02376700172861948      4.822353563859067     0.6472156745532377
                 339000      2.661550928051102    0.02375139064644205      13.51666331444703      1.677219763965657
                 340000      2.025471759437583    0.02374592766352808     0.6418054424787929     -1.370403583561667
                 341000      2.045370171330545    0.02374112178602199     0.5621737696090912     -1.503080199453098
                 342000      2.091021758518253    0.02373790601284463     0.3717392520179602     -1.916833987864728
                 343000      1.785976218978432     0.0237354560440214     0.2816963138849262     -2.194300285850673
                 344000      2.058130093251136    0.02373101751192783     0.5187403633289486     -1.583913398302872
                 345000      1.965386600680539    0.02372448179715822     0.7781027513513223     -1.178733752402026
                 346000       2.01487739466656      0.023718185240363      0.749111840526319     -1.216969485409849
                 347000      1.904414590697874    0.02371313752619617     0.5950033800902446     -1.447503534291783
                 348000      2.532281213543165    0.02368469036460037      4.596297062785277     0.5957352939778059
                 349000      2.368051003838539    0.02367445159651773       1.27494543753814    -0.6870447036331301
                 350000      2.731327588856154    0.02364149977530424      6.530616601916248     0.9451604354265225
                 351000      2.606067536815491    0.02361172116062817      5.169121096905584     0.7101013593337476
                 352000      2.668675095210483    0.02359772376571762      13.76705396740987      1.689084038681663
                 353000       2.46161553702496    0.02357624554537256      3.183805806597997     0.2239723739476493
                 354000      2.443497322607032    0.02355593307866272      2.975706981469227     0.1555148135050996
                 355000      2.552345279270785    0.02352979972124825      4.295815623474577     0.5215645669467198
                 356000      2.462660773566883    0.02350767948130016      3.385907695808788     0.2826046147818081
                 357000      2.503640608135459    0.02348005090290177      4.815132593140485     0.6335701830485498
                 358000      2.670897370950682    0.02346697290071828      13.93091982603633       1.69536027956669
                 359000      2.530046713871278    0.02343967240158587      4.847208163326266     0.6384883291270488
                 360000      2.520552068558131    0.02341172573145381       5.12695201378323     0.6934037675138454
                 361000      2.212966289263796     0.0234095152878056     0.2797582426522138     -2.215031454154633
                 362000      2.671919584516733    0.02339669491854475      14.05959461056529      1.701555260516495
                 363000      1.588654141168765      0.023396022516613    0.08517035159100381     -3.404880423957985
                 364000      1.897137365817968     0.0233914441971328     0.5997229620531206     -1.453261699627041
                 365000      2.676934468920042    0.02337890017827463       14.2294494477833       1.71280307338973
                 366000      2.623704813529782    0.02334784231182624      7.250307354736324      1.037203873002033
                 367000      2.583780598503608    0.02332391178936721      4.177403269239733     0.4848243552025064
                 368000      1.949694998228203    0.02331853101750736     0.7309633469039835     -1.258488156635789
                 369000      1.955376888786638    0.02331276116984232     0.7876080181328521     -1.184098413690644
                 370000      1.844118655393915      0.023309506208446     0.4346685844270982     -1.778654706225511
                 371000      2.026377779725509    0.02330424533444244     0.7160375405494807     -1.279731697513393
                 372000      2.501661332689593    0.02327804212009327      4.937064244020524     0.6499368276908575
                 373000      2.534050973437304    0.02325191406869895      4.969462949672175     0.6553546678118871
                 374000      2.687483535281702    0.02323560442437308      13.56435082086189      1.658786301551013
                 375000      2.626872683858872    0.02320540723680561      7.808029445431966      1.105193380136584
                 376000      2.607663212773291    0.02317854259238577      5.482901031817248      0.750516746470913
                 377000      2.712754126528673    0.02314977151676284      9.631333989240682      1.312662089115651
                 378000      2.756995487393793     0.0231318949548108      3.009700939174056     0.1487085550120483
                 379000      2.484984121108805    0.02310906503434279      4.268148640187854      0.497060563549704
                 380000      2.687761987662661     0.0230923140711847      13.48610060050514      1.646814845659279
                 381000      2.651160874770985    0.02306960194756493      12.06342078703181      1.534349054127594
                 382000      2.473465581798561    0.02304903695652808      3.788085082477664     0.3751400618468089
                 383000      2.439627086840289    0.02303187918099573      2.984720877961575     0.1360409796240188
                 384000       2.27645664319215    0.02302935830356606      0.367767775962033     -1.957878295865401
                 385000      2.489774857749566    0.02300602208485892      4.664865934415359     0.5814705444950828
                 386000      2.508807947056953      0.022981022715507      5.328819785930338     0.7134539989274056
                 387000      2.496819351564142    0.02295655897339584      5.176135837672908      0.683317928109527
                 388000      2.431636840012561    0.02294012560712889      2.906588788065439     0.1055231807245528
                 389000      2.716603103344753    0.02291234556331316      8.951876154269133      1.229194447133665
                 390000      2.307243596811567    0.02290842442413309     0.5987747841094271     -1.475709578558655
                 391000      2.547036073377763    0.02288616029533019      4.545807043690643     0.5503930909618425
                 392000      2.445390006599525    0.02286852137743366      3.266408877049221     0.2191079690581482
                 393000      2.627160008536154    0.02284107342054139      7.879523629709154      1.098483267817931
                 394000      2.697975066374628    0.02282007769024504      12.18935027231473      1.533858828703001
                 395000      2.692321633437259     0.0228017446171865      12.99769812515125      1.597264763595787
                 396000      2.657442888320831    0.02278268781784436      12.85089407869046      1.585069766113402
                 397000       2.25611925850578    0.02278068002820205     0.3167186955572239     -2.118173047456401
                 398000      1.401763562414043    0.02278042466926661     0.0396187751128599      -4.19689511624799
                 399000       1.43731872361245    0.02278014368142372    0.04360786939478464      -4.10097295108093
