#! FIELDS time e sigma_e height
#! SET action OPES_METAD_state
#! SET biasfactor       3.469395073212715
#! SET epsilon    0.007640039155174105
#! SET kernel_cutoff       3.122291642622147
#! SET compression_threshold                       1
#! SET zed      0.1507545078066877
#! SET sum_weights       104.0974971859553
#! SET sum_weights2        224.248208476919
#! SET counter  92
                      0      2.669952793842907    0.03915741431124029      80.45532757760816
                      0      2.413506547315418    0.03716317681434057      4.848548857394553
                      0      2.532636939942157     0.0410601798755964      40.64690807208498
                      0      2.219383827378643    0.04403257236469336    0.04242658315277952
                      0      2.471645697212926    0.03547295085351666      25.57828775079555
                      0      1.877744823829836    0.04204797187556764     0.9670767984302842
                      0      1.492731613461519    0.03628863396639708     0.1295096780391307
                      0      2.011524498368644    0.03776041205617664      3.777023792673591
                      0      2.175306403414657    0.03910946016938802     0.2737376851902955
                      0      1.805398294974989    0.03606297879064648      1.166231574208376
                      0      1.693799708418685    0.03611332369772272     0.2141425362347094
                      0       1.94507749702421    0.03689946270626769     0.5329972318040239
                      0      2.112943029710996    0.03247942806723998     0.7396428323435356
                      0      1.590437791521834    0.03875994645696692     0.3804054534928839
                      0      2.729083531539669     0.0334319898031608      23.06382724388157
                      0      2.315324398007684    0.03416339969476288      1.034417528706408
                      0      2.812572902688094    0.03205641464974596     0.4447671909561337
                      0      2.367708992474879      0.030132704263064     0.7385021777197097
                      0      2.626283841984424    0.02928334021251134      4.847416938289174
