#! FIELDS time e sigma_e height logweight
#! SET action OPES_METAD_kernels
#! SET biasfactor       2.698418390276557
#! SET epsilon     0.01374333274381851
#! SET kernel_cutoff       2.928208142815685
#! SET compression_threshold                       1
                   1000      2.534064308114943    0.06053155025577301    0.06672079877255445     -2.698418390276557
                   2000      2.433989279325596    0.05507311336378252     0.4647474855613112    -0.8519439885837261
                   3000      2.670377245041368    0.05375899705800064     0.1169569592563915     -2.255782803564891
                   4000      2.631663582672857    0.05009684365242817     0.7140897443350904    -0.5171331892605711
                   5000      2.506030982960959    0.04750455334862637     0.8576663770644274    -0.3870590888361863
                   6000      2.707221296112584    0.04561981087492776      0.713141850030077    -0.6120774212424579
                   7000      1.884387910330768    0.04528962758349945    0.08917523944219047     -2.698418390276557
                   8000      1.982588541744853     0.0448592224752291     0.1237097991437533     -2.380632151245342
                   9000      2.039024225985681    0.04399220752616246     0.3038314799925076     -1.501614119076548
                  10000      1.739833038883436    0.04370616723324559    0.09240602962169844     -2.698418390276557
                  11000      2.005770474714158    0.04249877122842503     0.9952052221078727    -0.3496757086981503
                  12000      1.658333404813682    0.04211993354925466     0.1653837705883709     -2.153310076015921
                  13000      2.138020638767603    0.04177531398645584     0.1558913752282304     -2.220634798546285
                  14000      1.879092954638449    0.04102750628717623     0.4476775888896494     -1.183783808716754
                  15000       1.90228815190871     0.0403000437197871      1.253076302801654    -0.1723904382612662
                  16000      2.713463462467445    0.03987015318168151      1.653819664955261    0.09437100219754815
                  17000      2.731376704678082    0.04000186699204285      2.422101698173643     0.4792171991898097
                  18000      2.283006808689918    0.03986733575417829     0.1163074106639168     -2.560305727630477
                  19000      2.570692612501465    0.03914169282018362      1.176527886006291    -0.2645887193843457
                  20000      2.321685836883224    0.03880548776612635     0.3781866364510208     -1.408150346313563
                  21000      2.569670373023013    0.03831008686592186      1.970323630493285     0.2295664726313224
                  22000      2.709807760494042    0.03839974732290091      3.127681187127352     0.6939982124319148
                  23000       2.53053378364746    0.03783155251996741      2.018432276655274     0.2411200243919848
                  24000      2.700248352685282    0.03768842211943622      3.381660669461426     0.7533752906415403
                  25000      2.587101503726156    0.03716496543306029      2.176502914479815     0.2987413869373691
                  26000      2.680199675026362    0.03683749153047004      3.240135876387599     0.6877868220072713
                  27000      2.703803292523436    0.03668963606052256      4.081123444763951     0.9145220614079661
                  28000      2.450746634964073     0.0364368480287482     0.7672668635018214    -0.7636845977111658
                  29000      2.642179033051082    0.03600368067096874      2.526612796026564     0.4161562017930763
                  30000       2.60445983864474    0.03559764337596143      2.372796804574755     0.3420042218512469
                  31000      1.925383077611567    0.03536618429175838     0.8802645935434406    -0.6561211868383301
                  32000      2.689275622733897    0.03515038488245058      4.044650198859902     0.8626860750456767
                  33000      2.436620175831679    0.03495797843529742     0.8079573762117569    -0.7534438122496658
                  34000      2.504072058638159    0.03467355163465888      1.472689602285421    -0.1612769762044972
                  35000        2.6880488782178    0.03448422513817247      4.266763461200592     0.8970129830952536
                  36000      2.472755440146221    0.03424205853934892      1.359218403020993    -0.2539800609820702
                  37000       2.56551993213374    0.03394473285280799      2.292293293683049     0.2599418902501915
                  38000      2.688579944070918    0.03375894841156039      4.345612739790019     0.8940677286644452
                  39000      2.621670507749692    0.03348134276841013      2.630075419444981     0.3836563115518209
                  40000      2.619331369249219    0.03321631991677591      2.906645558051584     0.4756964437689595
                  41000      2.377381054692601    0.03314076841486286      0.448826491372685      -1.39469926295536
                  42000      2.666090182243163    0.03295353996283503      4.309375039681818     0.8615470185439649
                  43000      2.618585562500675    0.03271696887493111      3.363859345297159     0.6066382364182753
                  44000      2.492108609877627    0.03253208312733097      1.612740316068115    -0.1341829948687637
                  45000      2.488706801592811    0.03233952453473284      1.829206652633501   -0.01417206055730741
                  46000      2.615894548917792    0.03213030640889486      3.496952304937386     0.6273469665330199
                  47000      2.581415785287618    0.03192219504483274      3.018427800477262     0.4736930750250995
                  48000      2.745146027470936    0.03172550310756047      2.595440206359279     0.3165324482401374
                  49000      2.682604875228849    0.03157010266671772      4.395213919099201     0.8383821956169287
                  50000        2.6165297385165    0.03138794490570788      3.630081653571595     0.6413344788961221
                  51000      2.705003474798082    0.03123212069376918      4.334916310694435     0.8138048169823099
                  52000       2.52697578864341    0.03107883016947376      2.026021432892423    0.04825630792493105
                  53000        2.4818882432168    0.03093779053094995      1.834015202057267   -0.05585846822092567
                  54000      2.362304912517818     0.0308980215206642     0.3976874548663938     -1.585741280305042
                  55000      2.517396678171926     0.0307468599269204      2.232797327105791     0.1346985167535822
                  56000      2.510861793697937    0.03059546485254607      2.403354409464284     0.2033726604508992
                  57000      2.669443690938243    0.03046053866142792      4.360445830525214     0.7946617761523028
                  58000      2.356622482323675    0.03041912741867318     0.4665011110111381     -1.441767837372978
                  59000      2.357554574088714    0.03036973416317503     0.5705076064400819     -1.242126813305974
                  60000      2.471112663062309    0.03024163272426631      1.989894635372811   0.002956670122096386
                  61000      2.511222325448919    0.03010142713381583      2.587371660603412      0.260870579086928
                  62000      2.499220080471399    0.02996317338560987      2.714852729541071     0.3043622202174271
                  63000      2.644613674408576     0.0298329691301981      3.977428177322271     0.6819049902151172
                  64000      2.442994052590815    0.02973554869617107      1.533333865470834    -0.2745569444879754
                  65000      2.492606534614397    0.02960612062965511      2.818264545546965     0.3297578418886064
                  66000      2.484673927936333    0.02947945085536848      2.882606530308749     0.3480438073117739
                  67000      2.567399135079111    0.02935887444160999      2.631686053940387     0.2528750302627381
                  68000      2.422284546335869    0.02928376623391968      1.224079701287038    -0.5151219557924458
                  69000      2.506835307082381    0.02916361394646342      3.249770371553139     0.4571616112416884
                  70000      2.670059154954703    0.02906115510739651      4.443209020260289     0.7664347118755225
                  71000      2.688290017864837    0.02896490215230963      4.661497748843888     0.8110770660146646
                  72000      2.527382106176424    0.02885295150221202      3.095787683048433     0.3979101061510478
                  73000      2.493108481839054    0.02874292958857013       3.37826147018888     0.4814084666573101
                  74000      2.446059157072467    0.02865088519168034      2.079845672919815  -0.006866527546916397
                  75000      2.568722859910706    0.02854811174179507      2.817638641201845     0.2931454059428013
                  76000      2.706256739515291    0.02845293307756581      4.334324211249577     0.7204723956967723
                  77000      2.582716130001406    0.02835285321811319      3.032289614045631     0.3597010878645536
                  78000      2.412811237559259    0.02829534188486233      1.189403806027445    -0.5781951905875926
                  79000      2.568961984966148    0.02819813436623688      3.099523838565114     0.3761597555383138
                  80000      2.263771259369407    0.02818599364860309     0.2201620297104374      -2.26891089181955
                  81000      2.466587949639258    0.02809157459363481      3.003279036853209     0.3408298366816839
                  82000      2.772001382044839    0.02803607407764463      1.221090435927481    -0.5611082618700952
                  83000      1.841384844288239     0.0280168273217414     0.3696638927295015     -1.756700340999808
                  84000      1.704188801254637    0.02800612154742536     0.2008233251737864     -2.367251185935186
                  85000      2.513916463702722    0.02791599433927616      3.915484852411767     0.5997944027354249
                  86000       2.62355227955066    0.02782804239173495      3.995773818089302     0.6169369262909733
                  87000      2.466750491918676    0.02773938454074693      3.345334010099263     0.4360752078489634
                  88000      2.622151811912056    0.02765551122060884      4.124038108012619     0.6423132733604094
                  89000      2.720883876143775    0.02757232403312689      4.056749823246379     0.6228500718527633
                  90000       2.69670393519965    0.02750531868333571      5.097473651518603     0.8487798849669571
                  91000      2.603288946723071    0.02742351684384603      3.929855038817186     0.5856589014373408
                  92000      2.730246564215614    0.02734272241914257      3.847340567322076     0.5614879884090661
                  93000      2.081622446240027    0.02733056462134049     0.2799557531331969     -2.059462615922152
                  94000      2.615591106684788    0.02725426844848065      4.317749218203073     0.6735998391076158
                  95000      2.353864160783604     0.0272292469050247     0.6225770487482175     -1.263940797943347
                  96000      2.562554852737118    0.02715133242625685      3.512674378582812      0.463459238002898
                  97000      2.582422710258726    0.02707567047606066      4.007481470805532     0.5924539758786596
                  98000      2.682621716774215    0.02701490109605969      5.230867595302799     0.8566211965143737
                  99000      2.369607357655728     0.0269870914224286     0.7563928703029861     -1.078180274078659
                 100000      2.348169419273595    0.02695940038641541     0.7570715697076363     -1.078310003431547
                 101000      2.482524146994472    0.02688595576011196      3.695005874554177     0.5042416416114426
                 102000      2.536357673231847    0.02681368262300764      3.651085980858043      0.489592392988871
                 103000      2.742767869246546    0.02674369554933815       3.19811538714929     0.3545158977400089
                 104000      2.442798471381074    0.02668076686383468      2.493273067985823     0.1031947338667803
                 105000      2.668214586106846    0.02662106877433098      5.036808535421064     0.8041310536489137
                 106000      2.399110468893358    0.02658449469026742      1.173686905134945    -0.6538664276194612
                 107000      2.488201121000591    0.02651735195895294      3.993654723439568     0.5681615298353127
                 108000       2.68762276522791    0.02646462978401675      5.424163744941389     0.8723282932461865
                 109000      2.641493902549727     0.0264027836961831      4.674314918175321      0.721207495844292
                 110000      2.537530801972165    0.02633791918411687      3.744813430766037     0.4970369301555998
                 111000      2.324405442284214    0.02631899123866151     0.6034726326707369       -1.3291083704581
                 112000      2.642166030087458    0.02626012596883521      4.822932401463186     0.7470892287458725
                 113000      2.704267630171966    0.02620613062122257      5.241501525794516     0.8282568223585287
                 114000      2.590542616737896    0.02614432597488808      4.068582333087185     0.5725822424852987
                 115000      2.753590458542792    0.02608958754728539      2.588815757337746     0.1183922625563549
                 116000      2.419380970434983    0.02604740819873499      1.722090877350883    -0.2908871133865522
                 117000       2.42149823542078    0.02600262306185875      1.903592304899356    -0.1924043544318525
                 118000       2.53748454568114    0.02594340418402891      3.844551896556784     0.5082298953645275
                 119000      2.716880660948273    0.02588876227119346      4.828025736788462     0.7339020571392031
                 120000      1.778668452240105    0.02588343492033436     0.1811044900212113     -2.549422497850476
                 121000      1.963647901121991    0.02586914068228102     0.5090732022448232      -1.51645724030814
                 122000      1.632191621597916     0.0258632572351498     0.2012719401181937      -2.44461958971272
                 123000      1.949142994247513    0.02584607383206113     0.6244651005604404     -1.313045690296981
                 124000       1.99479374083191    0.02583103570360239     0.5417871018018954     -1.455650014804631
                 125000      2.604170674339154    0.02577655472529985      4.657329731098589     0.6935630498029168
                 126000       2.53184010735621    0.02572099681502566      4.291328917586221      0.609559548782461
                 127000      2.732663459531461    0.02566629354126187      4.350841731787286     0.6212033614462478
                 128000      2.612616426614605      0.025614857485304      4.871586175487817      0.732247578883521
                 129000      2.733184568198694    0.02556162179352893      4.428866286500011      0.634891149761404
                 130000      2.678199479049461    0.02551959394021174      5.772934158579023     0.8982824556462869
                 131000       2.63738140182229    0.02547172616621967      5.208320605333302     0.7934819601734854
                 132000      2.703232455691679    0.02543077118963095       5.87533294631913     0.9123780728688501
                 133000      2.686497237525008    0.02539311169523988      6.157705394794059     0.9578375892267337
                 134000       2.62415598718448    0.02534542875456422      5.168632117043627     0.7808618989608238
                 135000      2.705111568462453     0.0253062010028493      6.061098447266434     0.9385959479868082
                 136000      2.681249860930497    0.02526984679438364      6.321438001766859     0.9792140106150762
                 137000      2.593983037676058    0.02522045397863911      4.596315279515002     0.6585657252014728
                 138000      2.251383305276766    0.02521486785475062      0.241492362752929     -2.287828178047799
                 139000      2.154036384143631     0.0252102991747865     0.1965954900269244     -2.493698965161496
                 140000      2.253444615359468    0.02520354489806755     0.2945052191620322     -2.089818460975029
                 141000      2.103326289715992    0.02519747351830788     0.2640360258232935     -2.199270553634786
                 142000      2.197420669064483    0.02519277793554692     0.2028601118276517     -2.463025840417826
                 143000      2.518842291326411    0.02514384177291266      4.349388379828588     0.6003036772935139
                 144000      2.554126993513027    0.02509537960088086      4.193151118963777      0.561791695637509
                 145000      2.501958252607633    0.02504767226178566      4.457702764585719     0.6210698954400647
                 146000      2.619560381729936    0.02500381213742649      5.347997361936224     0.8014059024775663
                 147000      2.454340617298803    0.02496058329519977       3.03444535673483     0.2329820089990744
                 148000      2.552885390639123    0.02491423818781338      4.350126088766113     0.5912997232001658
                 149000      2.490840105329904    0.02486842745098801       4.38958515900252      0.598489188645245
                 150000       2.65763017002298    0.02482963291354226      5.863309883858867     0.8864075239307477
                 151000       2.39764758968252    0.02480689260030772      1.259251871012758    -0.6527052287763825
                 152000      2.558063375853975    0.02476223011688948      4.115360434334067     0.5297013715334199
                 153000      2.739210573559443    0.02471839001355068      3.859168828871537     0.4636547703269026
                 154000      2.790777900902226     0.0247037900425082     0.7792562177756314     -1.136803268529835
                 155000      2.498569071819905    0.02466022136948468      4.400949557905941     0.5926672385944258
                 156000      2.706298626904144    0.02462277788772421      5.842722251599704     0.8745242099060588
                 157000      1.495698987174758    0.02461955483891638     0.1640449394975316     -2.698418390276557
                 158000      2.650472375591967     0.0245806445103129      5.594319700008302     0.8293665061627014
                 159000      2.644941971912255    0.02454665261027007      6.254845279630572     0.9395873409769876
                 160000       2.65493765255128    0.02451536925205693       6.56689484689135     0.9869967697880702
                 161000      2.613757765569562    0.02447855937070934      5.892359316017984     0.8771095249053373
                 162000      2.664175867357236    0.02444993884790362      6.873293386042996      1.029926530567322
                 163000      2.461917428313986    0.02441045213454105      3.584759506413701     0.3773582330379046
                 164000      2.473937677705882    0.02436996901914851      4.196444056299575     0.5332445475581563
                 165000      2.442482270050865    0.02433402077023883      2.995534875287814     0.1946536457247123
                 166000      2.769029194294862    0.02430475777006396      2.148193595170901    -0.1390451373428415
                 167000      2.544500192102455    0.02426522143955045      4.574492616699335     0.6151953355999605
                 168000      2.354173644445815    0.02425145347611265     0.8621939374952108     -1.054143057606084
                 169000       2.22720537488295    0.02424666383861977     0.2801295985488128     -2.178568458903666
                 170000      2.379429230597742    0.02422864767445512      1.179756615624847    -0.7415006817251751
                 171000      2.572174089520773    0.02419031149947207      4.952642671988647     0.6915289467671542
                 172000      2.523009909799015    0.02415263361750508       5.10066757437789      0.719420292516238
                 173000      2.662206758575051    0.02412620734441376      6.969127241338607      1.030444129596519
                 174000      2.555437688776044    0.02408875835489767      4.979832268905123     0.6927969206725897
                 175000      2.546858585367833    0.02405196596055284      5.146871238030958     0.7242611791709378
                 176000      2.713173957089222     0.0240198333206862      6.210313103806947     0.9107466291838713
                 177000      2.606991262904925    0.02398552864778561      5.764037480661448     0.8347442939153369
                 178000      2.571567798495329    0.02395003333191328      5.357237180203082     0.7600735441003039
                 179000      2.259450867810181    0.02394441222407401     0.3684372455691619     -1.917094454463588
                 180000      2.598422404426313    0.02391067967101066       5.78616420498099      0.835450230925504
                 181000      2.657135929699197    0.02388388471210038       6.93737407220224      1.015782716611221
                 182000       1.80225507549919    0.02388019423249393     0.2449410603613695     -2.328032807374349
                 183000      2.277334886365716    0.02387421854536751     0.4041504509068768     -1.827513474586081
                 184000      2.228638123419787    0.02386884339491836     0.3622161658146115     -1.937284679625815
                 185000      2.678942530494457    0.02384470646393727      7.271973841043338      1.061245438932284
                 186000      2.703280720306568    0.02381711329646276      6.861332465465981      1.001961465960056
                 187000      2.553396704492146    0.02378269702309819      5.330314700602099     0.7480240179146486
                 188000      2.757672180830347    0.02375266858106396      2.963584003405145     0.1597496711099841
                 189000      2.076392106082297    0.02374782081569097     0.3411339826577399     -2.002333758928188
                 190000      1.894308820088858    0.02374004269493109     0.5617546705972919     -1.503871428185011
                 191000      2.025546361761446    0.02373360303834058     0.4604474458980056     -1.703009222361228
                 192000      1.924186546718643    0.02372469703386962     0.6517827769713426     -1.355871924439678
                 193000      1.968653278105318    0.02371599753209288     0.6366972853940179     -1.379655695961888
                 194000       1.81968047007118    0.02371159001886359     0.3113758108131726     -2.095135304712296
                 195000      2.707565448466831    0.02368403531639082      6.768813910847276     0.9827825173644266
                 196000      2.472405849013001    0.02365069972329275      4.106485410164069     0.4816156702145583
                 197000      2.424994443063626    0.02362612617863891      2.265904626792255    -0.1140173481155077
                 198000      2.417866197446433     0.0236028833593195      2.108818211668264    -0.1868479800884449
                 199000      2.733113441504113    0.02356985176534623      5.063257733377174      0.687633962543304
                 200000      2.649837258228625    0.02354378948643236      6.898575461523262     0.9958324428228441
                 201000      2.360688849593297    0.02353126004210719      1.014461265677874     -0.921657111612926
                 202000      2.429376386935445    0.02350534439391256      2.589522795419931    0.01435686395225313
                 203000      2.487185977880265    0.02347297927537478      4.589441117518545     0.5852636350806921
                 204000      2.598853843572699    0.02344220804392484      5.734559883056416     0.8067046032384435
                 205000      2.695941795892947    0.02341865937862287      7.220350363613924      1.036092030266176
                 206000      2.739629696920347    0.02338701921007806      4.600458431134657     0.5839925290790784
                 207000      2.732228642268078    0.02335591441707338        5.2952716180469     0.7233199587316385
                 208000      2.626563759934356    0.02332815637917973      6.415700133753702     0.9140646292929061
                 209000      2.433395857893263    0.02330264800615341      2.795714567032217    0.08231017320220971
                 210000      2.576216788658033    0.02327254291837088      5.537673670663863     0.7645041854790231
                 211000       2.52931341753295    0.02324206310278008      5.030162351713954     0.6670713998806298
                 212000      2.391621734396067    0.02322600742182748      1.518630475742282    -0.5312629759402906
                 213000      2.655242245530393    0.02320233472227887      7.106243362303986       1.01088209041958
                 214000      2.664219170151192    0.02318019688229158      7.378890635578794      1.047577076212062
                 215000       2.69553796090382     0.0231583935522451      7.456524523431685      1.057102149129435
                 216000      2.204668444229674    0.02315481030691255     0.3059461960131443     -2.136488037151466
                 217000      1.654757879159118    0.02315187633624784     0.2491855603199353     -2.341826171621702
                 218000      2.544618232413291    0.02312241480390694      5.255415430737289     0.7057169782423309
                 219000      2.494985243052806    0.02309306999108899      4.794154402553381     0.6125853528622581
                 220000      2.513959357051424    0.02306401246802194      5.213098698436828     0.6951033774400524
                 221000      2.462070824921596     0.0230362898354203      3.933811923597577      0.412335140082419
                 222000      2.426687578707131    0.02301360763913583      2.673370514839871    0.02508115665116108
                 223000      2.574140764314538    0.02298565234264821       5.66412374569861     0.7746778517769692
                 224000      2.472083867128703    0.02295766836834552      4.395205916342509     0.5198218346209216
                 225000      2.443718001409986    0.02293209840021814      3.455956747637809     0.2782923794838871
                 226000      2.493002372944527    0.02290415916606601       5.06382927434524     0.6590969254956005
                 227000      2.448081780145739    0.02287797578229546      3.781660416463295     0.3659933061202879
                 228000      2.613992444519603    0.02285209708788346      6.199101729357213     0.8591027263747585
                 229000      2.747497576697648    0.02282569221549016      4.039853462081872     0.4297506104275287
                 230000      2.698832984485376    0.02280409843264138      7.256335106549209      1.014470608520447
                 231000      2.464848687247526     0.0227773511162863      4.490588448032604     0.5334058585597072
                 232000      2.542449602434969    0.02275066688282962      5.395104997614752     0.7157419568200369
                 233000      2.691575905762707    0.02273055839844045       7.52115769263693      1.047085716525836
                 234000      2.419567131699321    0.02270999070864355      2.649211173820599   0.002722310193828496
                 235000      2.635072961734614    0.02268657233904989      6.737899029522303     0.9351768199724712
                 236000      2.706952597975016    0.02266445381024595      7.070541466383563     0.9823902869532438
                 237000       2.44215050682585    0.02264031171640362      3.698715301841958     0.3333730030489385
                 238000      2.409996470184057    0.02262159751468087      2.399611696990855    -0.1001325386931501
                 239000       2.44659357678313    0.02259694466785705      4.019241121030695     0.4145632521766911
                 240000      2.328118512483071    0.02259062791125083     0.6682306012973922     -1.379931389639955
                 241000      2.331310955014696    0.02258357481214666     0.7540243666833575     -1.259452293338958
                 242000      2.681827738634423    0.02256491616808995       7.72016231055687      1.065887144419094
                 243000      2.574704883359629     0.0225398539608172      5.672821467216105     0.7566270744934785
                 244000      2.300972611192348    0.02253490523255228     0.5267414478463129     -1.620324573560443
                 245000      2.685456422212552    0.02251677122918667      7.828292395679894      1.077660258664316
                 246000      2.552968059127668    0.02249189182574593      5.569141214430303     0.7360511802606287
                 247000      2.679878929591174    0.02247405940003667      7.901379880368238      1.085054578937214
                 248000      2.635101075360778    0.02245153651669583      6.738563471576812     0.9248612587746615
                 249000       2.27580208052238    0.02244730265662757     0.4650931209825883     -1.748691737444137
                 250000      2.149202173827484    0.02244498896669764     0.2488853701013032     -2.374040031113985
                 251000      2.310444586573366    0.02243908997647833      0.662226290410305     -1.395687989063592
                 252000      2.711982500650872    0.02241753315088897      7.002412235130983     0.9617535151273164
                 253000       2.31164293020326    0.02241121796210081     0.7206712681983494     -1.312355111208401
                 254000      2.492071033095589    0.02238688269616899      5.027394179854396     0.6290324253702611
                 255000      2.397416256495383    0.02237215880415139       1.94208424037176    -0.3227655398633527
                 256000      2.607663469448449    0.02234855132246582      5.955226180087396     0.7966861225787363
                 257000      2.577685939444673    0.02232485351277579      5.756211391201296     0.7616355166569662
                 258000      2.700747891366276    0.02230595928134274      7.606097293506093      1.039459513993656
                 259000      2.717180145216708    0.02228404996879135      6.686570966573877     0.9096277939813747
                 260000       2.60267022526257     0.0222609263227417       5.96579768419477     0.7945311705911245
                 261000      2.709414963349407    0.02224111375398158      7.342430208055346      1.001267863616058
                 262000      2.437323259361213    0.02222023514632739      3.585710152430145     0.2836153489494205
                 263000      2.541012431067359    0.02219709060257578      5.322387388522787      0.677538624063049
                 264000      2.660869740274975    0.02217759387143256      7.369824733252476      1.002131856727358
                 265000       2.67062708191073     0.0221597673174232      7.823367871321058      1.061048935411307
                 266000      2.517051377307769    0.02213702386657422      5.147906276912921     0.6414970164924108
                 267000      2.116180260035785    0.02213457613245172     0.2958594795931977     -2.215074313904253
                 268000      2.576766047030665    0.02211228266593968      5.979795200323696     0.7901749885928415
                 269000      2.420620587763207    0.02209395555620289      3.043661132032508     0.1140206152026426
                 270000      2.488946190756275    0.02207165937948121      5.038236790172576     0.6170060199826168
                 271000      2.708726232861592    0.02205336333116455      7.613635976924725      1.029061407179358
                 272000      2.595248442539674    0.02203164609158336      6.101882712595437     0.8067326812222803
                 273000      2.485963782586877    0.02200972775329067      5.061494525595179     0.6188017644902464
                 274000      2.493899058451711    0.02198786861265065      5.303392688209474     0.6644930579601015
                 275000       2.64835348892097    0.02196873173896829      7.260696216376161     0.9777513173721756
                 276000       2.72618978500413    0.02194754948409093      6.178914331496792     0.8154535117728191
                 277000      2.654287259734111    0.02192920094988014      7.498199989384932      1.008137553471874
                 278000      2.461757964401603    0.02190833235168009      4.582677095425232     0.5148058209318381
                 279000      2.695730341493574    0.02189264270390382      8.234904159331846      1.100187793914025
                 280000      2.667684059376952    0.02187622023034574      8.061048373919569      1.078099269690397
                 281000      2.529595436232357    0.02185514095700463      5.419258993358709     0.6800507047304124
                 282000      2.370416241190438    0.02184714901133304      1.167467257522188    -0.8554374640055127
                 283000      2.560518595877833    0.02182630733669057      5.810360839874797     0.7484141142151666
                 284000      2.523472801560799    0.02180551413775132       5.55229246078535     0.7020292161587267
                 285000      2.518289143947182    0.02178485192210073      5.646616801956851     0.7179268697775413
                 286000      2.543270602416724    0.02176434505311427       5.78481426701437     0.7411647747508479
                 287000      2.723386673333122    0.02174450342410809      6.459929986863448     0.8506349270304732
                 288000      2.444134073560314    0.02172587253916525        3.9181644961001     0.3497825743829674
                 289000       2.39882751683054    0.02171329591817198      2.119617360746775    -0.2651841920060082
                 290000      2.365385391084997     0.0217056251734675      1.171056925920977    -0.8588664141671455
                 291000      2.519801189168466    0.02168554856228267      5.761382577754881     0.7334789883646629
                 292000      2.658360340262277    0.02166854559633387      7.669634335480884      1.018786074675014
                 293000       2.75283417081079    0.02165095868598397      3.641070221992405     0.2729828278188165
                 294000      2.630995200675879     0.0216323216884306      6.893295387617725     0.9103932647390854
                 295000      2.639916244231097    0.02161450015244589      7.276741042864218     0.9637029336308801
                 296000      2.424263567027772    0.02159836503506142      3.215185253791397     0.1461580345195129
                 297000      2.668906687321796    0.02158311817286719      8.180604360441162      1.079332911395044
                 298000      2.695448066758676    0.02156833469985444      8.332310829540724      1.097022518957834
                 299000      1.782993185749158    0.02156655789829075     0.2624262525322023     -2.360985871908718
                 300000       1.84910556477265    0.02156399286620461      0.383261589094253     -1.982357158146322
                 301000      2.524332096981317    0.02154466604514236      5.770417522194759     0.7285281471517983
                 302000      2.448610744106736    0.02152677754583946      4.119021339800822     0.3905686614702244
                 303000      2.571052482726052    0.02150769181264459       5.92219736795927     0.7527736247056896
                 304000      2.607839721009573    0.02148888029810456      6.238102307058099     0.8038670623524325
                 305000      2.644661771701828    0.02147214963571913      7.555369731216348     0.9946707005591281
                 306000      2.679466113555625    0.02145815659768827      8.518987816181962      1.114057804701762
                 307000      2.283345883064171    0.02145480723268265     0.5279718626962602     -1.667108115589804
                 308000       2.67685783663896    0.02144098343979561      8.581658807303985      1.120586871319823
                 309000      2.630244765057862     0.0214235985096256      7.194171789396696     0.9434197108620972
                 310000      2.533207465943268    0.02140500271406783      5.800695296147294     0.7272578931843634
                 311000      2.576694375973799    0.02138654325209216      5.987755960150221     0.7581340529287472
                 312000      2.246551967684959    0.02138387132265612     0.4291223920348649      -1.87772070548737
                 313000      2.206856185768967    0.02138181927581712     0.3266823365372645     -2.150570595975563
                 314000      2.719288223793853    0.02136413513322206      6.826304291666056       0.88815245333142
                 315000      2.436852167530674    0.02134811339620912      3.697530017618097     0.2742838419559285
                 316000      2.690834455246996     0.0213343785764517      8.564858890460279      1.113642883544762
                 317000      2.743611676877951    0.02131705472307414      4.515450407623454     0.4726678212847861
                 318000       2.68936265256481     0.0213036810166042      8.675315396433684      1.125016995352598
                 319000      2.689963876034839    0.02129051079254856      8.757209337328733       1.13379419392661
                 320000      2.532749693082466    0.02127259029582598      5.801110754175864     0.7211242497888625
                 321000      2.160182914222472    0.02127093902453572     0.2736636596221551     -2.332858232386001
                 322000      2.633812068886454    0.02125422935492673      7.239903288138653     0.9418191901284352
                 323000       2.72298524620845    0.02123687699289481      6.658972295182423     0.8573597517208308
                 324000      2.707768502494753    0.02122179979311179      8.037421966529758      1.044792764095824
                 325000      2.705015177865576    0.02120739093448408      8.310632456725623      1.077540901564518
                 326000      2.651273688011878    0.02119190853478255        7.8399129074773      1.018502599273089
                 327000      2.633362711151729    0.02117552163224968      7.298406937516914     0.9461574089591267
                 328000      2.731113112484068    0.02115818499549985      6.027874238164035     0.7540766834301917
                 329000      2.426564361063179    0.02114425221231969      3.290572740417042     0.1480851781843863
                 330000      2.388661667427459    0.02113549450955084      1.755418624587455    -0.4806833698148167
                 331000      2.672240181047115    0.02112221783359135      8.677200040452096      1.116679802811534
                 332000      2.602557448158255    0.02110514566994127      6.078328638005329     0.7599020822642348
                 333000      2.643332416996357    0.02108910390149319      7.308532793630505     0.9434544834958959
                 334000      2.668897284862177     0.0210746999695717        8.2022621862283       1.05813869783785
                 335000      2.474700934856116    0.02105895952980286      4.395536375998778     0.4335711042317835
                 336000      2.551781032539276    0.02104230217151517      5.408285666963305     0.6401223988385895
                 337000      2.442433159080747    0.02102803590876921      3.659014162105898     0.2487057849130778
                 338000      2.366839779100912    0.02102225718806118      1.135864131726147    -0.9213691088697757
                 339000      2.377674916555851    0.02101537068099394      1.388406286865583    -0.7209339219115133
                 340000      2.679216134652406    0.02100190635193952      8.501835164197978      1.090550691908185
                 341000      2.527527525750161    0.02098553219335581      5.392516821850299      0.634500913663781
                 342000      2.459336096308173    0.02097060098944095      4.140911313341175     0.3696928293769282
                 343000      2.680849943337829    0.02095743863118162      8.585535393921418      1.098227943338826
                 344000       2.77615907119495    0.02095031966048038      1.483411932701688    -0.6578458632691161
                 345000      2.636091141107177    0.02093467144278438      7.131857887487455     0.9116339167300289
                 346000      2.683327469718541    0.02092176593293132      8.673951860036864      1.106769982514761
                 347000      2.635030866633574    0.02090623893267724      7.160412601559075     0.9142706709559107
                 348000       2.41730911678466    0.02089454562071348      2.863621641533034  -0.002769280428693109
                 349000      2.472499864470753    0.02087958710744602      4.452225901824002     0.4378315998247945
                 350000       2.64928769955306    0.02086499538908928      7.750453747687147     0.9914797205736252
                 351000      2.688991779119286    0.02085224467555001      8.687714136913122      1.105026897968173
                 352000      2.701072878034409    0.02083866782002663      8.306875753101679      1.059549304290348
                 353000      2.689814903220561    0.02082620917954821      8.820906677928452      1.118992350675442
                 354000      2.473183822359114    0.02081154985964778      4.494688955893717     0.4440600198175186
                 355000      2.577660987721454    0.02079610744443111      5.381829033590245      0.623449550343369
                 356000        2.2815167740711    0.02079359247515029     0.5099327976947741     -1.733176008224572
                 357000      2.643175988307497    0.02077897434699089      7.558039572996868     0.9622089053528454
                 358000      2.539534800636662     0.0207636834853924      5.380049395121285     0.6215584675762508
                 359000       2.49647091983786    0.02074872852112873      5.014131362625902     0.5504006050473896
                 360000      2.714768931673121    0.02073398654698529       7.29821239974387     0.9250590952599659
                 361000      2.467587575734162    0.02071981026807589      4.439123760752052     0.4272027039669685
                 362000      2.768635746010905    0.02071141924472693      2.004041782187427    -0.3684933273212619
                 363000      2.529189594337986    0.02069639989351973      5.432420012260455     0.6279999138481718
                 364000      2.495348972379507    0.02068167492747472      5.091875316375766     0.5625496709791232
                 365000      2.499627677866041    0.02066688787596251        5.2622979486902     0.5947560414964326
                 366000      2.527801490498545    0.02065199139144435       5.58665701159236     0.6538482661054551
                 367000      2.694464775684687    0.02063967529696812      8.653259609009913      1.090806729902936
                 368000      1.674290939039775    0.02063847350981579      0.251187285696525     -2.448744042135982
                 369000      1.759528464675446    0.02063731144485775     0.2427776511634548     -2.482853159860134
                 370000      1.872198283822499    0.02063526418836419      0.434854727710273     -1.900086359131185
                 371000      1.796504180614036     0.0206338599837866     0.2948692117803627     -2.288634518118813
                 372000      1.758703166097568    0.02063257018610612     0.2703691930865597       -2.3754405302143
                 373000       2.19042960661373    0.02063111381264486     0.3063040186618637     -2.250721391857821
                 374000      1.845570578965175    0.02062924806381912     0.3955196772935627     -1.995189424536386
                 375000      1.969209216833307    0.02062692156639891     0.4977420012533989       -1.7654208734597
                 376000      1.966627234895435    0.02062444298486506     0.5321341295258984     -1.698727335409683
                 377000      1.695436772734044    0.02062321815760465     0.2570020331717308     -2.426598309036113
                 378000       2.68562712341763    0.02061193434787718      9.092081204224634      1.138929520441328
                 379000      1.746000940496744    0.02061063734722147     0.2743613319506256     -2.361846555231743
                 380000      2.220906934730437    0.02060889005415925     0.3728130112558111     -2.055300318835417
                 381000      1.469447318253156     0.0206079144947664     0.2053108122413638     -2.651899652211746
                 382000      2.529691233709602    0.02059318864665175      5.906044986849642      0.706592211112713
                 383000      2.380931912456021    0.02058678837522947      1.521277402874288    -0.6501446546314784
                 384000      2.736696092388056    0.02057239640887939      5.301407971721218     0.5975780751655028
                 385000      2.508696050181145    0.02055782966759776      5.866528531135956      0.698160379148103
                 386000      2.484143573639634    0.02054359605368802      5.248582808535532     0.5861628015279379
                 387000      2.685706871694822    0.02053306407527603      9.338382048485364      1.161824915367661
                 388000      2.678956631230474    0.02052249971323903      9.342644155183823      1.161766581347399
                 389000      2.477529372659611     0.0205085406507859      5.108721591076948     0.5574460493174271
                 390000      2.569244019963926    0.02049433769940338      5.603231101184725     0.6491474896893121
                 391000      2.639282605452641    0.02048086947655544      7.634394470307748     0.9578103177659825
                 392000      2.485761035144034    0.02046688415504902      5.407041719910227     0.6121657369519187
                 393000      2.520162190952344    0.02045274106215562      6.051100501381199     0.7240125051092444
                 394000      2.705230013576379    0.02044082827956901      8.630199378649694      1.078457332576818
                 395000      2.697159931885246    0.02043009303499931       9.22577638314505      1.144665747599219
                 396000      2.451841008887366    0.02041736866951873      4.341539423967239     0.3902703729589317
                 397000      2.728219955919466    0.02040342886710991      6.350515947081105     0.7698944673377046
                 398000      2.715682496138899    0.02039045467281939      7.829102116448222     0.9785701521282569
                 399000      2.809395369742758    0.02038890732081764     0.3581596062027083     -2.106130132596869
                 400000      2.650103104549017    0.02037651119538382      8.251043599405744      1.030377952497224
                 401000      2.675906240849859    0.02036655319941691      9.553251469988362      1.176431008656577
                 402000      2.541130544418013    0.02035284667847551       5.96250237466794     0.7043664802850929
                 403000      2.418845330887053    0.02034286202643964      3.006815098961216    0.01926693967751538
                 404000      2.665135681934444    0.02033203974651613      9.132362556344603      1.129677821860998
                 405000      2.643680285891954    0.02031955351419542        8.0929110429083      1.008227586117192
                 406000      2.644323079308296    0.02030723248351967      8.202682394048921      1.021093762352542
                 407000      1.686425572307098    0.02030602076726904     0.2891198117088637      -2.32434123402213
                 408000      2.032861211472621    0.02030444130419409     0.3797822045466022     -2.051662253148747
                 409000       2.70577844690657    0.02029334311309751       8.97661647681025      1.110571371576642
                 410000      2.509938130175724    0.02027991973184144      6.065634825918564     0.7179258658060449
                 411000      2.678314150616771    0.02027056993959027      9.820728901688549      1.199320861094146
                 412000      2.698811612005532    0.02026068787698316      9.601114356428377      1.176217059020942
                 413000      2.678149942707905    0.02025153738460083       9.94622041135195      1.211078769526388
                 414000      2.670129469938476    0.02024179624835655      9.702495970547616        1.1857881946682
                 415000      2.690652062833179    0.02023301434971972      10.14537651861009      1.229989168099501
                 416000      2.551727515854631    0.02021993852577963      5.786151653929441     0.6677920278039161
                 417000      2.460605044414867    0.02020775710875512      4.678529453393286     0.4547058249468662
                 418000      2.405125673440828     0.0201997730328853      2.406907974051603    -0.2103302684371121
                 419000      2.582404292624503    0.02018695591776549      5.519596059786286     0.6189967669920674
                 420000      2.493991478618038    0.02017408490325105       5.72248392453547     0.6544572566223958
                 421000      2.550890677229936      0.020161194138201      5.901593132913534     0.6846374492624144
                 422000      2.573514574188023    0.02014842583222132      5.716171235007135     0.6520808174064878
                 423000      2.576051714810055    0.02013568972080696      5.755143811557136     0.6582433171526157
                 424000      2.608606043620692    0.02012288523925623      6.141229092238608     0.7225380742970632
                 425000      2.489855414293568    0.02011029790082445      5.644816537841305     0.6376251521532985
                 426000      1.939214064129283    0.02010825484890532     0.5384249538969154      -1.71232129594376
                 427000      2.061786957956712    0.02010690457668969     0.3506503255318731      -2.14124707049816
                 428000      1.748416758517212    0.02010574031241181     0.3012442105755946     -2.293173212615556
                 429000      2.098116643175227    0.02010447576655851     0.3279800045244615     -2.208204731264205
                 430000      2.120893342891108    0.02010325288726316     0.3169854464514101     -2.242362341470431
                 431000      1.975276975307152    0.02010116812398458     0.5508703384723574     -1.689822451122848
                 432000      1.898422535328209    0.02009914752315855     0.5334148502427195     -1.722122986736393
                 433000      1.897340501019489    0.02009703018832456      0.560449294430312     -1.672789015348148
                 434000       1.81876005402653    0.02009569685669149     0.3470466839214584      -2.15213482909637
                 435000      1.569919766761092    0.02009491221546159     0.2019378047499926      -2.69367342907543
                 436000      2.030299153133718    0.02009330523892101     0.4209764036766454     -1.959136370473116
                 437000      2.010773548753807    0.02009147904086473     0.4809130457733558     -1.826117568591933
                 438000      1.857523317585899    0.02008967443743675     0.4752068944848536     -1.838143591174183
                 439000      2.511671025944177    0.02007702119105552       6.31775462528895     0.7485952387608031
                 440000      2.542196123027194    0.02006442018641452      6.269425041387508     0.7402881948164077
                 441000       2.50384349838018    0.02005186433715472      6.295074173852099       0.74374502201022
                 442000      2.683221347035625    0.02004383593599708       10.3244521880684      1.238092190243013
                 443000      2.285101037845505     0.0200418161971731     0.5451362628069342     -1.703243153581105
                 444000      2.314097764589919    0.02003943800273148      0.647576813789951     -1.531160191283298
                 445000      1.925194241568491    0.02003720509786457     0.6063038139068389     -1.597127837368856
                 446000      2.059457081055401    0.02003565895579386       0.41353362324231     -1.979847382501086
                 447000      1.967475891616973    0.02003338673616295     0.6181197074634973     -1.578017482538847
                 448000      2.426198554435106    0.02002379105687948        3.3670311097051     0.1166079369463737
                 449000      2.725758406006285    0.02001145287869844      6.959610607188907     0.8420837169070909
                 450000      2.690611308951114    0.02000345846292474      10.33028243650057      1.236640243670795
                 451000      2.666953782906955    0.01999424267460975      9.766891025345791      1.180098002590401
                 452000      2.626187255867254    0.01998209240796243      7.232720133479586     0.8791071247497005
                 453000      2.651684738957583    0.01997139457005331      8.846569642103145      1.079986188837401
                 454000      2.652283271558449     0.0199608615335092      8.960657914415002      1.092272522970427
                 455000       1.98824405809966    0.01995879842767848     0.5784996710176321     -1.647991793195196
                 456000      2.011938044147005    0.01995687409274152     0.5380984626921946     -1.720484631592542
                 457000      1.933525851290838    0.01995461678044783     0.6365210720658836     -1.552621783473295
                 458000      2.173788611449718    0.01995347813904527     0.3130512068254259     -2.262329593014668
                 459000      2.426762247825616    0.01994411860246494      3.400164378656255     0.1224135078727466
                 460000       1.83423588632539    0.01994257694536004     0.4289628957656165     -1.947872424917046
                 461000      2.629535440520499    0.01993080391426367      7.633151082095426     0.9304226539804311
                 462000      2.312144939464262    0.01992848369593531     0.6610634172144384     -1.516100014789808
                 463000      2.551300120424977    0.01991646699817407       6.14420769833786     0.7127121150168798
                 464000      2.444727910730069    0.01990601708923445      4.177662097644884     0.3264292733808186
                 465000      2.588556088680697    0.01989419112763752      5.800674174017511     0.6540573714595002
                 466000      2.580114443290363    0.01988236040094523      5.926002327395774      0.674838206294526
                 467000      2.721071281886041    0.01987073322619516      7.533668867861978      0.914285551428073
                 468000       2.62054117388458    0.01985895963960271      7.094769403802933      0.853668519167972
                 469000       2.54762798343174    0.01984717059266518      6.275638689778537     0.7303921584089831
                 470000      2.534612534363301     0.0198354084375979      6.401295282323622     0.7496244410451476
                 471000      2.558056495186735    0.01982369478273325      6.340295391531881     0.7394587252829777
                 472000       2.30002173117889    0.01982152847212255     0.6388670990274868     -1.555634747607159
                 473000      2.203407473969197    0.01982023854496901     0.3726188097662754     -2.094840337448456
                 474000      2.415411078491001    0.01981201520390317      2.993899705923225   -0.01147919300688497
                 475000      2.636506153710235    0.01980100548138841      8.105671348511299     0.9839521392364087
                 476000      2.581890208738978    0.01978947253997483      6.052455839847489     0.6912696578005799
                 477000      2.662477099415976    0.01978029310054985      9.577486794040345      1.149756800627689
                 478000      2.466158782522034    0.01976946576245183      4.959726400783533     0.4911446300406174
                 479000      2.490336866075142    0.01975813529710419      5.801737963061527     0.6473782795596161
                 480000      2.557082439095113    0.01974668778448021      6.410466211896679     0.7465732081985915
                 481000      2.628420889065069    0.01973559446068338      7.713746102949699     0.9310832140364796
                 482000      2.553725194143652    0.01972421975788979      6.486325065161541     0.7571988723274751
                 483000      2.443199994129782    0.01971442528548726      4.167127076411983     0.3142329014278891
                 484000      2.522503137420885    0.01970312197138795      6.516048012407215     0.7607005957701386
                 485000      2.595399319805151     0.0196919238045558      6.095846035919825     0.6934715917965685
                 486000      2.560080004182924    0.01968069620027663      6.557142650799943     0.7658486413493736
                 487000      2.583231370783339     0.0196695389969877      6.258969586540137     0.7187422018198004
                 488000      2.421494907168587    0.01966116252151945      3.314450889774489    0.08259264786401056
                 489000      2.513391116292308    0.01965004321244596      6.486766143531185     0.7534990987602012
                 490000       2.30937762586397    0.01964782959133067     0.6966219885697025     -1.477890039362196
                 491000      2.339290406871737    0.01964515440388543     0.8530197690883426     -1.275486405344055
                 492000      2.583415696138127    0.01963410786647788      6.317960061379084     0.7263200698521242
                 493000      2.214296339863798    0.01963280454286776     0.4027048740011128     -2.026694001788333
                 494000      1.988630819692241    0.01963084311951118     0.6165629073014947     -1.600837526460066
                 495000      2.672771986569801     0.0196226992006001      10.01770056948908      1.186696041625747
                 496000      1.852347914067823    0.01962114159902861     0.4872761955315464     -1.836661104347781
                 497000       2.00839106624858     0.0196192654511891     0.5920247949338051      -1.64203930920413
                 498000      2.004480976867989    0.01961727299974485     0.6309548137707166     -1.578455138094773
                 499000      2.099076766861757    0.01961612251581218     0.3567135899702497     -2.148814844962986
                 500000      2.668293001899867     0.0196078072458785      9.912960596737527      1.175426305708753
                 501000      2.303642339779619    0.01960555588190068     0.7222152113157413     -1.443963680682216
                 502000        2.6564661981345    0.01959644434063247      9.377745489871412      1.119342957601724
                 503000      2.525350620825042    0.01958553920201233      6.599918694980109     0.7675042659074885
                 504000      2.503798036689062    0.01957469454109869      6.347247634481492     0.7279143505435605
                 505000      2.288110239377743    0.01957263920107637      0.664814594275035     -1.528459013174291
                 506000      1.988415074885806    0.01957052639299996     0.6848282604342784     -1.498907070068385
                 507000      2.143608131838499     0.0195694965691086     0.3246702217849773      -2.24531781978025
                 508000      1.761057473644166    0.01956846323694784      0.325885726159986     -2.241633802687379
                 509000      1.678561312997546    0.01956748013680605     0.3097322002188637     -2.292522775752866
                 510000      1.914165762827473    0.01956548787058297     0.6444842000789267     -1.559882342894917
                 511000       1.69807942702934    0.01956446767447164     0.3219501786334374     -2.253987985131124
                 512000      2.040863772871127    0.01956288005441804     0.5084700742659803     -1.797059582634896
                 513000      1.957588985360095    0.01956070016063057      0.709620536622185     -1.463847010003529
                 514000      2.483595643246719    0.01955009781715834      5.790341641383789     0.6348270228964625
                 515000      2.662177250769135    0.01954188654268327      9.918586329499858      1.172626031498913
                 516000      2.731579300718347    0.01953124195853913      6.101225280050968     0.6861603895822944
                 517000       2.61035701753415    0.01952055319415353      6.772093149187581     0.7899335774503639
                 518000      2.583750768593165    0.01950991562571417      6.413585687352358     0.7349967718699835
                 519000      2.298580113099997    0.01950764330615762     0.7574346869066284     -1.401356176253421
                 520000      2.695456384112593    0.01949982115401876      10.13346731930293      1.191904273673043
                 521000      2.272072430186269    0.01949793947431555     0.6239484281091312     -1.595723331508663
                 522000      2.701779957644634    0.01948950602708156      9.738325034100958      1.151600741149092
                 523000      2.539601430278362    0.01947895249302159      6.783132956225465     0.7894290442490027
                 524000      2.543295060314239     0.0194684371267942       6.87014190972469      0.801634745560929
                 525000      2.646371527574233    0.01945917198376438      9.032490281284639      1.074802072045371
                 526000      2.738868452874498    0.01944924747039613      5.218143510536522     0.5256055059396169
                 527000      2.660627710429499     0.0194410887210254      9.893917697866907      1.164964433792685
                 528000      2.691136457169371    0.01943378455962311      10.45423247946619      1.219675379758313
                 529000      2.724367693176521    0.01942344399585972      7.164776904155281     0.8413131515514175
                 530000      2.652209253513299    0.01941475800294199      9.499585446674628      1.122937096908366
                 531000      2.381928560587854    0.01941060474775885      1.540169669586244    -0.6966324236089859
                 532000      2.572408599979872    0.01940030978618319      6.626195679283248     0.7619753075592077
                 533000      2.522239635088171    0.01939004156553548      6.807814048812507     0.7884861279573796
                 534000      2.341304380361267    0.01938746956567414     0.9139884675740603     -1.219654928653262
                 535000        2.6371665251193    0.01937812084579787      8.793638003528399      1.043828581840417
                 536000      2.250587586993547    0.01937666090444305     0.5049951797193171       -1.8134816614191
                 537000      2.103193335480249    0.01937554256190894     0.3833926384741196     -2.089028633375715
                 538000      2.410300058705248    0.01936879945798426      2.843629144717396   -0.08559996192445792
                 539000      2.650260468897446     0.0193604083914524      9.655610505681043      1.136424759959752
                 540000      2.210100815328738    0.01935916925114044     0.4291090738598307     -1.977222532824962
                 541000      2.603077407607904    0.01934903879479108      6.623645609460931     0.7589440959966139
                 542000      2.425131713680488    0.01934127855573219      3.529664199058118     0.1290997736893172
                 543000      2.191983069301496    0.01934009293603102     0.4125404129835396     -2.017585373966485
                 544000      1.611998076256724    0.01933940004505957      0.238000920380123     -2.567680832307931
                 545000       1.95466178984597    0.01933733245199411     0.7380235333723366      -1.43608657762097
                 546000      2.124243950905288     0.0193362272488109     0.3840926063579265     -2.089235759341144
                 547000      1.664558369561406    0.01933525601014709     0.3364063454073254     -2.221849884863754
                 548000      2.704912466759573    0.01932715162807119      9.829750296780142       1.15257989682952
                 549000      2.372309841225037    0.01932344943982312      1.401027684999744    -0.7958191788960978
                 550000      2.460681931699545    0.01931413230597613      5.007610188888048     0.4774513026481728
                 551000      2.607255440458955    0.01930413862923654       6.96810659889355     0.8073184852303288
                 552000      2.483313292888068    0.01929434970809983      5.915736948172207     0.6430838089734965
                 553000      2.501396088671098    0.01928441810510077      6.675906746527891     0.7634578927742831
                 554000      2.684163603827138    0.01927824687080203      11.04568292853117      1.266672459313884
                 555000      2.554656452031118    0.01926837088744946      7.085528947969175     0.8221749030390256
                 556000      2.642198760680323    0.01925982371164802      9.365715081100438      1.100732380769988
                 557000      2.703177348162329    0.01925210202921816       10.0621869224905      1.172060217841013
                 558000      2.640257112035877     0.0192434864726376      9.291601667174342       1.09193902182218
                 559000      2.641956973364612    0.01923506051994087      9.470367321433644      1.110557814669873
                 560000       2.65924514349763    0.01922787746184344      10.46671253287523      1.210216601245802
                 561000      2.649086932661885    0.01922009033071533      10.03018988908781      1.167211075045181
                 562000      2.677061468851223    0.01921394712818128      11.15789065460813      1.273438795672487
                 563000      2.510450627646249    0.01920425711559704      6.881275348624599     0.7895914222109076
                 564000      2.706507720894288    0.01919613715072208      9.750330071063834      1.137665644382826
                 565000       2.47208495594642    0.01918691892248685      5.517256755806118     0.5677649507300021
                 566000      2.544290900467528    0.01917731123001525      7.077753704676345     0.8163398952885973
                 567000      2.524166238377699    0.01916773514349296       7.13649278444649     0.8241052909861579
                 568000      2.589890363766312    0.01915822613763347      6.511065620133838     0.7318907570450159
                 569000      2.037298046874608    0.01915677808061782     0.5518522266275478     -1.736162936380674
                 570000      2.701981282730185    0.01914935579025453       10.2716274457953      1.187309990026777
                 571000       2.69864233536262    0.01914241403995384      10.64010874555548       1.22219264554722
                 572000      2.629857282394857    0.01913348833374811      8.710874749047044      1.021667769721285
                 573000       2.65750665973326    0.01912637085664152       10.5232652039295      1.210312033453473
                 574000      2.707050526319905    0.01911843705542079      9.849953310931962      1.143775313262443
                 575000      1.823689116500335     0.0191173467440325     0.4204921008268808     -2.010078017782948
                 576000      1.772645712901502    0.01911645583337676     0.3417022935446571     -2.217610443868714
