#! FIELDS time e sigma_e height logweight
#! SET action OPES_METAD_kernels
#! SET biasfactor       3.469395073212715
#! SET epsilon    0.007640039155174105
#! SET kernel_cutoff       3.122291642622147
#! SET compression_threshold                       1
                   1000      2.626954455113551    0.06206017502565676    0.03010226110527593     -3.469395073212715
                   2000      1.849077287426489     0.0613590197611887    0.03044624246170084     -3.469395073212715
                   3000      2.447357639805296    0.06028531973812739    0.05056627062335234     -2.979726455319927
                   4000      2.667989636671404    0.05386562800599169     0.8259932967662903    -0.2990206078452389
                   5000      2.399429615328549    0.05180093544673452     0.2641272965697996     -1.478260462375098
                   6000       2.66648115777906    0.05030692631031596      2.053616626097784     0.5434006520262255
                   7000        2.7456474221235    0.04779955594256761      1.091690302251531    -0.1396009815701239
                   8000      2.426188071924106    0.04667325794445668     0.4425623609896032      -1.06634709226126
                   9000      2.576390295929361    0.04528000901585603     0.7193216302863108    -0.6109256204744169
                  10000      2.565741602740536    0.04382442465571645      1.134293850640394    -0.1881429604352736
                  11000      1.590971448460121    0.04374102770578349     0.0427093667169241     -3.469395073212715
                  12000      1.980861187996313    0.04364367849246626     0.0504812078386921     -3.304440247009705
                  13000      2.036543863679482    0.04345337196916661     0.1022852150156676     -2.602646250007768
                  14000      1.726130094018125    0.04334757941075083    0.05671948075982036      -3.19473125007642
                  15000      2.073335721355186    0.04293903328685877      0.243284584425204     -1.748086674696254
                  16000      2.611210660025297     0.0427733627468295       2.95083648376542     0.7436596648641536
                  17000      2.400384136821699     0.0419587123462084     0.8299442824575161    -0.5440551768288642
                  18000      2.674257331758209    0.04132276011158365      2.944105476862636     0.7068739062029568
                  19000      2.672190601802953    0.04088177747944471      3.641759771934688     0.9088068817957573
                  20000      2.448869728355762    0.04036717760881686     0.8189509507267151     -0.596058629029909
                  21000       2.52815148022789    0.03973615046963448        1.2197786019204    -0.2134138292498609
                  22000      2.488422655289869    0.03915082351260003      1.241933458525615    -0.2102536991922128
                  23000      2.535588987341642    0.03849303258389856      2.096255311021123     0.2962852585814698
                  24000       2.65357273563717    0.03813072564764538      3.832548471952092     0.8902058216416945
                  25000      2.570193344699054     0.0375668062082694      2.659635152730967     0.5099652374132343
                  26000      2.724158780847376    0.03705276057890827      2.241573425553821      0.325176337702711
                  27000      2.729192312359518    0.03657354273580407      2.434060155614914     0.3945412496877631
                  28000      2.344440121252848    0.03643631488322967     0.4142932529867324     -1.379959838649745
                  29000      2.489527918669175    0.03603165781454117      1.849310653687996     0.1048663235620953
                  30000      2.417278669435404    0.03572624864031083      1.241374877298768    -0.3022393501753083
                  31000      1.829395085845017     0.0357006334665526    0.08142308458262258     -3.027272581230611
                  32000      1.971796800356689       0.03565983765778     0.1316014397309488     -2.548296822245418
                  33000      1.517332118049163    0.03564034410106824    0.06222175506361673     -3.297916885277478
                  34000      1.590801882306063    0.03560949028255456    0.09957108847947298     -2.828615811760295
                  35000      1.655375626517211    0.03557918202653292    0.09816700348146831     -2.843669003460903
                  36000      1.990055767659805    0.03550212102208653     0.2601553654745205     -1.871228387341307
                  37000      1.954100270971151    0.03541305865371559     0.3071350982797954     -1.707731490231412
                  38000      1.920392920701578    0.03532633445282316      0.302296163548763     -1.726063926074095
                  39000      1.898250649124023    0.03522507102584053     0.3622488521323719     -1.548010354594969
                  40000      1.745858605965309     0.0351888966066581     0.1240080502427237     -2.621022760861822
                  41000      2.013999230805355    0.03506270440203767     0.4723581284393127      -1.28722438371392
                  42000         2.159369735503    0.03503550340567351    0.09466655298420118     -2.895377162213115
                  43000      1.982757522901713    0.03484272989575678     0.8015162369368097    -0.7647501070413205
                  44000       2.38957008975071     0.0345489695669712      1.565476673972132    -0.1037764752298561
                  45000      1.740513528665946     0.0344889399737531     0.2336555009508663     -2.007613336613713
                  46000      2.058036308929274    0.03436172274693833     0.5377987754082911       -1.1776721403991
                  47000      1.770790350219111    0.03428256747866384     0.3231246643445173     -1.689424646518981
                  48000      2.541946120991802    0.03402640957426113      3.432322671231104     0.6660296086926012
                  49000      2.622366229980986    0.03385515121564665      4.196183294369682     0.8619219759726823
                  50000      2.527852570405852     0.0336187024868938      3.747615751962204     0.7418578098238153
                  51000      2.294438281049809    0.03356814811741014     0.2574091311244828     -1.937855427554577
                  52000      2.466120422534128    0.03329996895068526      2.518536552114227     0.3348899018964469
                  53000      2.224102016593937    0.03328160338401798    0.09604874242085411     -2.932239251640138
                  54000       2.64859256929625     0.0331742722650943      4.906191762766579     0.9979281139800087
                  55000      2.474226853198613    0.03292475384414818      3.123952377283778     0.5389791968334885
                  56000      2.156322945941126    0.03289758579684304     0.1644348018326743     -2.406186415961836
                  57000      2.304084501207591     0.0328273847570893       0.45128442790184     -1.398738971763322
                  58000      1.872603838956405    0.03277119234571121     0.3582136042613305     -1.631420525455053
                  59000      2.521784687575478    0.03258835654100928      4.292303576280715     0.8464340540287852
                  60000      2.189369535494035    0.03255766202176098     0.2037652547101422     -2.202118488815086
                  61000      1.572164314928069    0.03253290481144333     0.1638369796573248     -2.420975901346944
                  62000       2.45852091424939    0.03231043723223594      3.220321985486253     0.5505270999846005
