#! FIELDS time e sigma_e height
#! SET action OPES_METAD_state
#! SET biasfactor       1.927441707340398
#! SET epsilon     0.01821196306674905
#! SET kernel_cutoff       2.830433390657354
#! SET compression_threshold                       1
#! SET zed      0.1422691676889664
#! SET sum_weights       504.2477404321869
#! SET sum_weights2       848.4667250760594
#! SET counter  379
                      0      2.653642396824853    0.03069951937913667      384.7909304617856
                      0      2.570167939169316    0.02984132564286832      170.0973151103163
                      0      2.514698041475666     0.0287359651464817      154.7380302755718
                      0      2.367028912617268    0.03266235898114218      27.79485911642344
                      0      2.148232016798668    0.03248878891261645       1.13761431295563
                      0      1.877829669717516    0.02577405456207508      4.307174883678313
                      0      1.941411449904703    0.02722363607074491      3.790788859666701
                      0      2.698951829669038    0.02713930235739904      279.4490646514544
                      0      2.422414584662369    0.02989126583469479      27.15240012423663
                      0      2.294447502856098    0.02763787972966252      1.819064639666756
                      0      2.468872296551396      0.025738754976081      71.86293517859389
                      0      2.237458383487804    0.02903977832813559     0.8728289848123663
                      0      1.913312606020688    0.02386972646720286      2.644154463887202
                      0      2.776790672800678     0.0233211113189324      5.128478727623236
                      0      2.732559319454405    0.02570374072980667      66.02807822837347
                      0      1.782614880884638    0.02251889597039458      1.422711244267937
                      0      2.009212707132097    0.02433332950792191      8.360420240886111
                      0      2.815998269695859     0.0230035114191605     0.5423810396049377
                      0      2.192742701333637    0.02433315085781009      1.113925371370797
                      0      2.097740624506525    0.02359792605082914      1.844345206580958
                      0      1.624322731898209    0.02240747868895631     0.3896556345327869
                      0      1.752200493743124    0.02240263971085366     0.4179890347709205
                      0       2.06568373837886    0.02348542106067891        2.5465028083443
                      0      1.715352758426848    0.02227558384205037      1.476392390693207
                      0      1.834674555334772    0.02115776097273992      1.803680492948131
                      0      2.614033720169413    0.02310033470459995      55.18471048588272
                      0      1.677574627618403     0.0210118399866304     0.4515532993161511
                      0      1.976359985639753    0.02209305527771578      1.748572908657952
