#! FIELDS time e sigma_e height logweight
#! SET action OPES_METAD_kernels
#! SET biasfactor       5.011348439085033
#! SET epsilon    0.001910020759284688
#! SET kernel_cutoff       3.538542402811424
#! SET compression_threshold                       1
                   1000      2.700742039001891    0.06321896844457647   0.006322704301097473     -5.011348439085033
                   2000      2.425027953010627    0.06305404047490903   0.006339242349656035     -5.011348439085033
                   3000      2.552122578235162     0.0582416171288454     0.2758281005226847     -1.317721823577478
                   4000      2.299786250017328    0.05780248074907178    0.02592895076132439     -3.689708012456896
                   5000      2.234467980603323    0.05474023077777083     0.2489249147443974     -1.482349617932514
                   6000      2.376305219620706     0.0520933652384926     0.2896352229778311     -1.380439967803852
                   7000      2.695561931533327    0.05070631743380781     0.1668457391387152     -1.958979666358062
                   8000      2.628210758840888    0.04803832083832112     0.9720608176339497    -0.2506824259251797
                   9000      2.676676829900922    0.04704538241044662        1.7627028826075     0.3236165165922105
                  10000      2.510125872499129    0.04583356524072137     0.4520465608756302     -1.063297967667188
                  11000      2.499799313875742    0.04427048242324851     0.9613620182457664    -0.3434306492585089
                  12000       2.30748950473222    0.04349022846331677      0.391168290477827     -1.260425683555986
                  13000      2.177458575064799    0.04299566643612999     0.2474796911953224     -1.729671988278983
                  14000      2.697727371739954    0.04254581487072558      2.221008051981117     0.4541981003362166
                  15000      2.716845819615912    0.04215496362678482      2.747453719931537     0.6576824390323892
                  16000      2.591072837266629    0.04121437696203186      1.238506282332219    -0.1616513688807766
                  17000       2.56283827617539    0.04032917378409493      1.726382523602599     0.1487587525097928
                  18000      2.593149070418983    0.03971431830542801      2.640854997618875     0.5584699505135921
                  19000      2.572508029152679    0.03925627834036573      3.166564240470314     0.7284139912314029
                  20000      2.440015292927613    0.03896579224487932     0.4903991032982318       -1.1441961457879
                  21000      2.454756945813148    0.03851857022407962     0.8957794272754915      -0.55326516496497
                  22000      2.654489138951395    0.03799880553016632      2.871363045897546      0.597997009506234
                  23000      2.680995129032032     0.0376361431627271      3.564733663871403     0.8047096232764729
                  24000      1.792322041464321     0.0376311142357375    0.01062192421918424     -5.011348439085033
                  25000      1.933315335748159    0.03762608766756375     0.0106233432300231     -5.011348439085033
                  26000      1.603590325855524    0.03762106345631133    0.01062476195442085     -5.011348439085033
                  27000      1.890244855762826    0.03761246402088643    0.01823116734001638     -4.471631735170586
                  28000      1.995081095372783    0.03760533138062874     0.0151252709107767     -4.658587093609124
                  29000      1.926919403938627    0.03758502293103823    0.04341126526101242      -3.60477522081311
                  30000      1.819716172243483    0.03757197258031134    0.02785500216312277     -4.048828917733425
                  31000      2.060840782784596    0.03756004746538829    0.02547796495680098     -4.138344963886336
                  32000      1.905628123859883    0.03751828225383808     0.0908546179474134     -2.868010876249718
                  33000      1.794556190790959    0.03749208771610398    0.05677817031764752     -3.338817998265871
                  34000      1.687469891816456    0.03748559328317495    0.01396948843806873     -4.741267607166907
                  35000      1.872052350184874    0.03742116339739652     0.1433502712814565     -2.414572345816271
                  36000        2.0062471014577    0.03739599473341135    0.05518267561454264     -3.369887178748156
                  37000       1.93028687919528    0.03729492734257772     0.2326974879889669     -1.933503244792803
                  38000      2.320459473597162    0.03708281992072186     0.5368554307278089     -1.103217212014485
                  39000      2.482080775649921    0.03661286657315316      1.912282920385173      0.154352936717412
                  40000      2.346027801235469    0.03636103280608404     0.7539981149578648    -0.7832122993416135
                  41000      2.612555913600906    0.03642504399314823      5.003084875956265      1.110966695006306
                  42000      2.440932945715814    0.03605222213204762      1.599450523772203   -0.03971591249181041
                  43000      2.446351533881095    0.03565043463308341      2.236795032037933     0.2844608282770337
                  44000      2.058567333179514    0.03563128732555884     0.0633444968339055     -3.280287698097934
                  45000      2.701445914403291    0.03542874859792033      4.538720329513236     0.9858241421984735
                  46000      2.649840282053004    0.03537435814948012      5.607729280041061      1.195788524072339
                  47000      2.615639217372613    0.03523206213119318      5.685939288948094      1.205608297689311
                  48000       2.65639207097839    0.03515587534717755      6.537782146736033      1.343045179428809
                  49000      2.652022320907657    0.03506189281685683       7.02354897433021       1.41203894593288
                  50000      2.558756187025292    0.03472339868830471      3.299159087635769     0.6467368253385778
                  51000      2.614734636015774    0.03451769384091202      6.569999288529996      1.329641219504701
                  52000      2.738317689679325    0.03426236904356394      2.304186483615051     0.2744307558761539
                  53000      2.393189300988622    0.03415366335648805     0.8068191400054543    -0.7781304592658373
                  54000      2.705806431480708    0.03386603148194253      4.980060730495551      1.033510014464662
                  55000      2.736497526925253    0.03359703745631917      3.247141481439702     0.5978683950602066
                  56000      2.414665803630632    0.03345950074479057      1.237271856262949    -0.3710999478422063
                  57000       2.50583416016484    0.03329429324890448      1.604623759893231    -0.1160692422387667
                  58000      2.682501230375037    0.03311923324857122      6.689210839359209      1.306265522269942
                  59000      2.475968203536827    0.03296120540107665      1.698944179410286   -0.06900629903234914
                  60000      2.406773230490098     0.0328368611267348      1.290891595717569     -0.347459723895855
                  61000      2.696131768260421    0.03264979973219943      6.403810491594362      1.248387362208444
                  62000      1.487926320704866    0.03264850770881314    0.01227810181978104      -5.00848335639418
                  63000      2.465988013001142    0.03248865146523771      1.984115175920952    0.07171934000629954
                  64000      2.444303462569065    0.03232382889078966      2.157049531346387     0.1502014627850277
                  65000      2.452693620932063    0.03214892936932026      2.476114656786764     0.2827252478118892
                  66000      2.528448750071357     0.0319877999146774      2.277595874140959     0.1941304607019347
                  67000       2.55296694999922    0.03179649528918015      3.337345006635243     0.5701870931467994
                  68000       2.41373590402771    0.03166486359341295      1.857696140861195   -0.01979981402768709
                  69000      2.738418628969568    0.03148243221629734      3.443756807549567     0.5916480913147623
                  70000      2.501298124627975    0.03133421389413856      2.417292598269036     0.2330141868317879
                  71000      2.651789988453573     0.0312004986029057      6.667522644918895      1.243337886709566
                  72000       2.64443950237455    0.03107121064751813       6.87189086628228      1.269376429214322
                  73000      1.821713879224229    0.03106654394687296    0.06212325976683944     -3.436847886173478
                  74000      1.719894472470409    0.03106506248086755    0.01963758214085543      -4.58857085996593
                  75000      1.704395004836137    0.03106312153853933    0.02575195690129504       -4.3175679078696
                  76000       1.95813159912391    0.03105542311262373     0.1030938871863525     -2.930686291541074
                  77000       1.76663281280457    0.03105200275659183    0.04554888411879783     -3.747650408422285
                  78000      2.010996953251071    0.03104686179420418    0.06868096763746097     -3.337129982360459
                  79000      2.146277757063144     0.0310398417642672    0.09413401902075688     -3.022108742563597
                  80000      1.641318519265795    0.03103834803254531    0.01987789583795846     -4.577268015440873
                  81000      2.051767839055534    0.03103325939818097    0.06811298100858576     -3.345872516178768
                  82000      2.095349811536061    0.03102790367904586    0.07177186130726622     -3.293720427462784
                  83000      1.935967755534569    0.03101490940316487     0.1764242462183602     -2.394740219503821
                  84000      2.107259975616336     0.0310075756616505    0.09885663884435997     -2.974197582237656
                  85000      2.027788660955804    0.03099988402962921     0.1038530466108021     -2.925139491166874
                  86000      2.067801238408828    0.03099077087154811      0.123469102888031     -2.752419449141926
                  87000      1.831987189876777    0.03098362791976218    0.09660057705730631     -2.998056192971544
                  88000      2.212581177462787     0.0309717163904993     0.1625132293559989     -2.478266017808469
                  89000      2.064262183646609    0.03096021907402699     0.1570362583300237     -2.512919993011394
                  90000      1.771377597162171    0.03095478550915955    0.07361531528488016     -3.270719141177527
                  91000      1.891422686725377    0.03094007212817937     0.2025517619660012     -2.259052196304863
                  92000       1.86035130892798    0.03092657334440291     0.1858687178815485     -2.345443441421778
                  93000      1.528107250796146    0.03092536391070741    0.01635735982692273     -4.775845217090992
                  94000      2.015391175460985    0.03091341253297826     0.1645038833327776     -2.467975512109532
                  95000      2.016333057976953    0.03089832209521211     0.2091832947743376     -2.228187083793499
                  96000      1.803396433688389    0.03088820068341153     0.1394608535498194     -2.633941642965679
                  97000      1.746753604264749    0.03088202236042654    0.08470908948490763     -3.132702717473958
                  98000      2.141024366135164     0.0308700737875028     0.1655427921862571       -2.4630828879729
                  99000      2.099362242492586    0.03085552584784466      0.202807859046683     -2.260524963365746
                 100000       1.66036815796757    0.03085304009878926    0.03404323339397356     -4.045233263910607
                 101000      2.066178819176835    0.03083407927045923     0.2670350225807022     -1.986099472578804
                 102000      1.718288832720134    0.03082855224505762    0.07631328193049365     -3.238811561453964
                 103000      1.800517193029853    0.03081551870243189      0.182377295191671     -2.368003832365091
                 104000      1.688038826608769    0.03081029194396954    0.07233162927591315     -3.292989546819414
                 105000      1.600375259927041    0.03080842053349708    0.02577656914306524     -4.324845888105872
                 106000        1.7246157660497    0.03079946289631305     0.1248629974942298     -2.747385473621216
                 107000      1.570862141723203    0.03079743954581125    0.02792083950564975     -4.245294940613777
                 108000      1.611675867397649    0.03079406892877409    0.04662819586634948     -3.732572317350422
                 109000      1.878125421193047    0.03077428467567319     0.2815776403404049     -1.935012194155191
                 110000      1.708435239048053    0.03076391472376669     0.1456429973508697     -2.594599034319598
                 111000      2.658230180679722    0.03076033932951848      9.236916755008417      1.555089759318928
                 112000      1.707991709848638    0.03074844995890555     0.1768236273382435     -2.401107475997053
                 113000      2.166573410917181    0.03073379925644479     0.2193295184573687     -2.186161589782269
                 114000      1.923324612064687    0.03071234828172861     0.3257684001426314     -1.791248343438897
                 115000       2.28340935591486     0.0306901031971544     0.3394556803010097     -1.750816215567355
                 116000      1.876118342463113    0.03066434241416446     0.3970569656517753     -1.594919585837861
                 117000      2.636524537130927    0.03062549214275986      9.075664611257331      1.533084789350929
                 118000        2.2525558346055    0.03060812278904961     0.2787006910501708     -1.950696002815807
                 119000      1.781401626089995    0.03059532004909814     0.2042995167422189     -2.261665647125644
                 120000      1.977245137470364    0.03058185151791058      0.215601031296464     -2.208263473439758
                 121000      1.969971423804643    0.03056475819346167     0.2759937786356251      -1.96187386469026
                 122000      1.501546832430591    0.03056325639275188       0.02365522885672     -4.418717141420485
                 123000      2.000968142644612    0.03054482913557847     0.2991243219872519     -1.882045149404698
                 124000       1.99653033704194    0.03052252547424613     0.3657357719814503      -1.68172375183395
                 125000      1.527227836100477    0.03052034926685624    0.03453643542299605     -4.041691325011162
                 126000      1.717124515807883    0.03050696386523958     0.2167299579651089      -2.20549271495243
                 127000      1.954525935443573    0.03048285061072797     0.3991624653833973      -1.59556707535884
                 128000      2.070739567695566    0.03046486924553963     0.2953402324748022     -1.897397627281395
                 129000      2.677066645944189    0.03043954055831786       9.63610264559183      1.586914614302828
                 130000      2.679653596580387    0.03040981785113817      9.988346780309753      1.621840041190097
                 131000      2.463409205608393    0.03029654819183964      2.694420923510452     0.3078725333326977
                 132000      2.532073711529694    0.03018145799551404       2.85183067921527     0.3608443315917637
                 133000      2.545423545301181     0.0300554075456665      3.467326890979247     0.5520819828396311
                 134000      2.473698514068546    0.02994269258526299      2.966755378936721     0.3924096360684691
                 135000      1.546219157523358    0.02994040273187133     0.0441129471811262     -3.816137684766698
                 136000      2.673019593689442    0.02991828892222648      10.44146620075715       1.64991041409977
                 137000      2.688631293680396    0.02985736650213097      9.874192102592296       1.59201152620599
                 138000      2.709757205466564    0.02973820683390381      7.778050645628112      1.349393829341407
                 139000      2.499994942791343    0.02964178791306146      2.796882265955884     0.3233458777014173
                 140000      2.586923277716463    0.02951935697225084       4.48646309314524     0.7917663160103469
                 141000      2.100041599562308    0.02950922716197736      0.235571865041734     -2.155380815296074
                 142000      2.083462404160556    0.02949657259951185     0.2964046289435066     -1.926100257157341
                 143000      1.634938332272011    0.02949421769929102    0.05405523287501211      -3.62789925241671
                 144000      1.990027656469347    0.02947895877055946     0.3603706268625457     -1.731290073444284
                 145000      1.467448754387603    0.02947791431083547    0.02397513589152831     -4.441441236874513
                 146000      1.636949201863735    0.02947488657474452    0.06980081034477918     -3.372915623748302
                 147000      1.569557458103616     0.0294725344312526    0.05417415616370461     -3.626437076589406
                 148000      1.644872097303474    0.02946859611640615    0.09104368663567798     -3.107435219070601
                 149000      1.953484194305958    0.02945155933430138     0.4056765482017282     -1.613796821197177
                 150000      1.856893449757863    0.02943894520196504     0.2981765046327681     -1.922095768131115
                 151000      2.042449069174249    0.02942417491057227     0.3515711699898138     -1.757871063040276
                 152000      1.934925398723333    0.02940493027612093     0.4639866727216033     -1.481081655221381
                 153000      2.244387170270627    0.02939434710103542     0.2509053961658971     -2.096221500443254
                 154000      2.421552793924759    0.02932080330284784      2.102467977572271    0.02706459430451904
                 155000      2.512987108440873    0.02922487470975342      3.125947211102793     0.4204130028488724
                 156000      2.741876386693107    0.02911824663515417      3.910848063665384     0.6407746941455406
                 157000      2.586484158908021    0.02900463323195274       4.90120267108167     0.8625916397003547
                 158000      2.366831555244906    0.02897633628751413     0.7611998753398467     -1.000724362750566
                 159000       2.66939399261544     0.0289448740561073      10.81454906762242      1.651940927602056
                 160000        2.6110149562915    0.02883449888631671      6.714334992929443      1.171472778033777
                 161000      2.440605130735246    0.02875810212775033       2.67286249689638     0.2477249728018418
                 162000       2.64340657554393    0.02869407345803372      9.894101197674711      1.554284780438847
                 163000      2.497176155621018    0.02861304854332703      3.103350954663894     0.3920007751296306
                 164000      2.274006472515669    0.02860243379403968     0.3133377400668789     -1.901326378765066
                 165000      2.363712974995696    0.02857817713993109     0.7454409305312331      -1.03548055533906
                 166000      2.447835810644526    0.02850226710977698      2.907342609207678     0.3228785408570061
                 167000       1.92327821116991      0.028487027863365     0.4650357539281533      -1.51053672743703
                 168000      1.973883119537037    0.02847133745975235     0.4806639909899112     -1.478033500588872
                 169000      2.123109498208239    0.02846347750756417     0.2362463268793632     -2.188603048051601
                 170000      1.565632155634729    0.02846131603894021     0.0640829905014887     -3.493375037984464
                 171000      2.624785612654656    0.02837488124555361       8.45139651643686      1.385491424323156
                 172000       2.73840585437661    0.02828556893823178       4.15055383281939      0.671248959886432
                 173000      2.669904676897062    0.02824877940339432      11.11601652696211      1.655092686128971
                 174000      2.520227961889107    0.02817558957234037      3.158052263502056     0.3940668881100889
                 175000      2.486076274640185    0.02810044642330716      3.364367257405687     0.4546808099252727
                 176000      2.536724364015763    0.02802399048161378      3.546105442101688     0.5045663267369869
                 177000      2.668373925770736    0.02798779854392888      11.28605930070631      1.660992360584215
                 178000      2.583970957790571    0.02789925070636543      5.204828869496027     0.8838420932695966
                 179000      2.554274759490692    0.02782012367961383      4.169641512951427     0.6592451339700104
                 180000      2.481929115195402    0.02774965432760767      3.500476967124996     0.4817780567619923
                 181000      2.734359418987545    0.02766914076947269      4.617658980894566     0.7558610408893942
                 182000      2.406228712090928    0.02762825395655066      1.758971269498421    -0.2107764868454901
                 183000      2.527172172322962    0.02755581157795983      3.923936950296189     0.5889643715606783
                 184000      2.314438842278721    0.02754455227390603     0.4409101702197205     -1.597453905711326
                 185000      2.145936095664734    0.02753928714263834      0.202522540432171     -2.375635041546365
                 186000      1.958953566691954    0.02752607770452265     0.5222728975035367     -1.428775762274046
                 187000      2.054543893783937    0.02751734095758223     0.3409854514525861     -1.855443642976747
                 188000      1.922898027637753    0.02750453307674313     0.5076489157227905      -1.45795891309247
                 189000      1.893149500243028    0.02749250865946009     0.4763729113051808     -1.521985311401666
                 190000      1.586572464126655    0.02749061761476176    0.07259742899251712       -3.4033255645136
                 191000      1.804233421984174    0.02748604993600386     0.1769156883623313     -2.512747958140266
                 192000      1.950468195866834     0.0274710975235514     0.6004928811549165     -1.291214601775165
                 193000      2.168790088723717    0.02746602616126118     0.1974035493874309     -2.403899905076577
                 194000      1.915337195153715    0.02745091731262795     0.6092992191035116      -1.27739078060025
                 195000      1.923395869567757    0.02743407690297153     0.6853243185861917      -1.16042173394607
                 196000      2.494083824220464    0.02736609526968778      3.749634294616769     0.5366185998365099
                 197000      2.508354241190256    0.02729617112092557      4.049413138342334     0.6109738446576645
                 198000      2.114561890216344    0.02728909723142248     0.2871685502911588     -2.035543260973889
                 199000      2.032642507586536    0.02728002110103078     0.3715005648200466     -1.778394850197446
                 200000      1.710310253585382    0.02727588806333849     0.1665638440235229      -2.58071806689406
                 201000      2.584052996480301     0.0271993094343208      5.276049383165692     0.8720246170879061
                 202000      2.110647367333392    0.02719140564980581     0.3288276820285159     -1.903665035865622
                 203000      2.510486715212802    0.02712226478031957      4.263912585964442     0.6561975931381895
                 204000      1.826517723558222    0.02711721768415312     0.2112942655188355      -2.34867919095804
                 205000      2.254492603097659     0.0271103331715801     0.2903651121581891     -2.031045749612577
                 206000       2.00029223199263     0.0270991093942877       0.48161363377434     -1.525456774612015
                 207000      1.450823291532402     0.0270985617312303    0.02266282527898876     -4.581893258215276
                 208000      2.104016055340216    0.02708973481452691     0.3761667711584455     -1.772912388839176
                 209000      1.814558787230158    0.02708449833720288     0.2206058271948879      -2.30676077238161
                 210000      1.845348615645476    0.02707717210208943     0.3112617054196152     -1.962774771312176
                 211000      2.127224927078204    0.02706878883943608     0.3580147540898339     -1.823144282287451
                 212000       1.80145824441843    0.02706295388149332     0.2472402576944663     -2.193573496904429
                 213000      2.087238781244177    0.02705219354418814     0.4648143048617097     -1.562693765548224
                 214000      1.921562403703565    0.02703522896705712     0.7525191390636708      -1.08153261885221
                 215000      1.968691001384363    0.02701940635870591     0.7008048316732473     -1.153315045244407
                 216000        2.7091319482015    0.02694800199701416      7.591595978145225      1.226606438086047
                 217000      2.666185758284651    0.02690913582100746      10.76576307434589      1.574492301381371
                 218000      2.535710086637826     0.0268435802098342      4.420292694194971     0.6818880461172474
                 219000      1.836390779595114    0.02683662105334354     0.3180890596426046     -1.950001023886763
                 220000      1.957930183819735    0.02682070160941364     0.7555820102665561     -1.085437476956369
                 221000      2.525005281455155    0.02675594776319244      4.482843063866582     0.6926696903079825
                 222000      2.704967512103057     0.0266898832881216      8.022438901970117      1.272182506454264
                 223000      2.702103852394206    0.02662748949610767      8.536385620075187       1.33193724835186
                 224000      2.288334586802969    0.02662025551784065      0.352335815650095     -1.855842687024743
                 225000      2.483638449226325    0.02656369633732011      3.821284155027969     0.5257874543947539
                 226000      2.512557204445036    0.02650262897593365      4.526970108468744     0.6929522379756182
                 227000      2.775109084791448    0.02647984940782503      1.225928812719106    -0.6142617470232423
                 228000      2.543662846211772    0.02641928642167972      4.627080746261544     0.7116758883641938
                 229000       2.41618635650939    0.02638714270487633      1.863891279673145    -0.1988013012499248
                 230000      2.661957717565836    0.02634368824849655      10.27739779543994      1.506831244154935
                 231000      2.714485574070002    0.02628063629452586      7.394609531257053      1.175239136267186
                 232000      2.663205715158691    0.02623927572580987      10.54761992028527      1.528813034057728
                 233000      2.665310190334973    0.02620049302927174       10.8823688183168      1.558577606280539
                 234000       2.42399010260187    0.02616790789544016       2.09927419378011   -0.08821912875349319
                 235000       2.73706208254565    0.02611189565608494      4.737922328472742     0.7236451328247634
                 236000      2.781386534962264    0.02609474753665878      1.027412887953966    -0.8055666287377872
                 237000      2.676942498607541    0.02605832484880586      11.10070548779344      1.573001390613637
                 238000      2.426825013033499    0.02602511139781389      2.262763599112366   -0.01869576961431492
                 239000      2.533725564122413     0.0259718762064388      4.609008054783032     0.6906823673462692
                 240000      2.418337985104336    0.02594059278524161      2.149253639841141    -0.0734148938156472
                 241000       2.35513036764844    0.02593073273966482       0.59912053118894     -1.351208185121896
                 242000      2.393229567598997    0.02590789550378739       1.49491354371103    -0.4377284193897545
                 243000      2.729676754506068    0.02585113025099902      5.845385874426086     0.9236623718302293
                 244000      2.283243209803886     0.0258452934373909     0.3550180451131842     -1.877802709393146
                 245000      2.621187129839301    0.02578838455262569      7.242472400095418      1.135542257019952
                 246000      1.927565020851458    0.02577716730284712     0.7136857997728944     -1.182167920225819
                 247000      1.474493975492446    0.02577666338446611    0.03048086845689947      -4.33553105549068
                 248000      2.178929165255208    0.02577373194446899      0.179336605114528     -2.563479494161929
                 249000      1.547430386760964    0.02577278190612578    0.05761784974050491     -3.698948459998988
                 250000      2.118060366675013     0.0257668126690716     0.3708193133615972     -1.837297589974003
                 251000      2.455496033018926    0.02572748747018649      3.086642235138862     0.2802992542624987
                 252000      2.223580183846497    0.02572386407274913     0.2246133410266473      -2.34030027741877
                 253000      2.362812900154789    0.02571135008875621     0.8126428010173625     -1.054875655242426
                 254000      2.508044099872798    0.02566127006030348      4.704475672063906     0.6991526177113669
                 255000      1.910012082099417    0.02565019434908323     0.7240172248626388     -1.172733509304407
                 256000      1.833460335296998    0.02564531782943326     0.3092536553283613     -2.023576995831613
                 257000       1.84589933799635    0.02563962677834229     0.3627144206986939     -1.864344960684525
                 258000      1.717424158898777    0.02563709261718203     0.1591753141317017     -2.688053408646648
                 259000      1.650550751836476    0.02563578682668106    0.08157416404474473     -3.356597948248516
                 260000      1.865292471879767    0.02562836613262234     0.4780137730661924     -1.588760505077384
                 261000      2.553525537654527     0.0255786999078121      4.807971829642878     0.7176907462356494
                 262000       2.08479558306625    0.02557185428668248     0.4454875611532166     -1.661438211046423
                 263000      1.784675477848005    0.02556836229628368     0.2236681148836887      -2.35058077863737
                 264000      1.754712972771504    0.02556565411169281      0.172900337466685     -2.608134682290408
                 265000      2.592792472243775    0.02551374196381518      5.616402126539159     0.8705639132178696
                 266000      2.493618079179761      0.025466035323765      4.667360220036921     0.6835947025071699
                 267000        2.5751351424277    0.02541661166374428      5.202490938927929     0.7901959381531843
                 268000      2.686209989553237    0.02538472235176855      11.07557705977641      1.544545367919572
                 269000      2.563304951579043    0.02533643172044346        5.2070243009871     0.7879073278259942
                 270000      2.694994206845766    0.02529989786106839      10.57228162191735      1.494691431249732
                 271000      1.705301046526223     0.0252974394849933     0.1707231796409626     -2.631353244450706
                 272000      1.783016209522034     0.0252939708522656     0.2422795556293148     -2.281441532114081
                 273000      1.802064488824255    0.02528940964728414     0.3206774578565797     -2.001278310330111
                 274000      1.624358291227276    0.02528827254679435    0.07857605831724152     -3.407692037163605
                 275000      2.072863107497038    0.02528199523750206     0.4459961763698455     -1.671696970684404
                 276000      1.548112589346703    0.02528103693899506    0.06624892107343354     -3.578626075560656
                 277000      1.749000056139146    0.02527812401071822     0.2034780279779227     -2.456602454686999
                 278000      2.726762091667405    0.02522811753190868      6.794789105128643      1.049770595705281
                 279000       2.24276280002647    0.02522398228354016     0.2949924867000749     -2.087354734124748
                 280000      2.406783201174721    0.02519919043916938      2.034867357797501    -0.1571020573238099
                 281000      2.409342917172933    0.02517270739113992      2.219829421173584   -0.07115383902766045
                 282000      2.279594058485706    0.02516737528449535     0.3872186600602717     -1.817561770468323
                 283000      2.494600968953201    0.02512364160214737      4.702814559697016     0.6776259090794968
                 284000      2.630320789285538    0.02507821068564108      8.620475039117752      1.281794998828346
                 285000      2.692824778325992    0.02504588347286359      10.96982540002805      1.521513277412226
                 286000      1.967870208933938    0.02503719597534936     0.6734600601256298     -1.269308590932305
                 287000      2.023651194091192    0.02503197983449963     0.3966400647172798       -1.7989164089762
                 288000      1.825936040320549    0.02502689613076838     0.3866522849682906      -1.82462294871898
                 289000       1.52708306436325    0.02502606362109222     0.0618744584630378     -3.657074545826771
                 290000      2.404057434134518    0.02500194039045149      2.106595932546825    -0.1303177821435274
                 291000       2.57011715507297    0.02495788694224192      5.294230601183337     0.7894629817582314
                 292000      2.685206514865864    0.02493173465777721      11.71232598015411      1.582438703867573
                 293000      2.635320358402298    0.02489010775975331      9.326103079036361      1.352943134779604
                 294000      2.230521627360148    0.02488656810440606     0.2805602791932485     -2.150983015878276
                 295000      2.419881664056916     0.0248603951978268      2.468257785627634    0.02244397248527083
                 296000      2.594477440028074    0.02481595735382539      6.144887263624825     0.9327627225318159
                 297000      2.615513754257478    0.02477135001605576      7.616394675116624      1.145646299839329
                 298000      2.713782993587972    0.02472849748515565      8.468195089566926      1.249929152152571
                 299000      2.538221219644999    0.02468883571494682      4.942772996035925     0.7099330928249494
                 300000      2.429303896612615    0.02466240009088129      2.673034549889106    0.09414962064802658
                 301000      2.558590360840197    0.02462224344236013      5.262267346046653     0.7698676653970038
                 302000      2.570807019661221    0.02458130601440118      5.679744279259056     0.8445478841806764
                 303000      2.077312059860552    0.02457631372915905     0.4331289671002241     -1.729281189495916
                 304000      1.833118444568996    0.02457184702592795      0.386573201721907     -1.843177236937469
                 305000       1.75027749113563    0.02456951084062346     0.1996253852294999     -2.504151027376742
                 306000      1.682424696878121    0.02456797992849735     0.1302192965030363     -2.931435949622033
                 307000      2.217120494977415    0.02456509063086074     0.2479301363407261     -2.287626487985691
                 308000      1.621056628369247    0.02456412283896479    0.08210371730046467     -3.392829590828385
                 309000      1.575634910261984    0.02456321275515277    0.07719458969364226     -3.454520561087963
                 310000      2.056937232513059    0.02455817265714324     0.4389472506447292     -1.716675896033181
                 311000      1.434029256484024    0.02455790029097369    0.02303869547666791     -4.663891020330132
                 312000      1.405417598992489    0.02455766857198511    0.01959662740095028     -4.825718190231593
                 313000      2.058979659491012     0.0245518860924477     0.5066463842687794     -1.573497870015951
                 314000      2.202910417559957    0.02454902935980554     0.2458371038773983     -2.296758387789515
                 315000      1.704311782169995    0.02454666554693752     0.2028949532393615      -2.48883544574401
                 316000      2.046220619329121    0.02454089913072213      0.506271568039273     -1.574685542151338
                 317000      1.922025551977836    0.02453220508300897     0.7798978379315082     -1.142950159564814
                 318000      2.736316238439206    0.02449141288179887      6.014099930634652      0.898084700033147
                 319000      2.468699893613188    0.02445884749095039      3.833367554479685     0.4463911227304196
                 320000      2.739397484691435    0.02441922834006182      5.786276480388297      0.856515296241479
                 321000      2.463949988276181    0.02438720070857621      3.837730853534088     0.4445951396994768
                 322000      2.517559197349521     0.0243490186105373      5.469077294659176     0.7972569005248042
                 323000      2.463333484057304    0.02431679058741598      3.983076992041747     0.4788771543659424
                 324000      2.188650910639899    0.02431421997853109     0.2335919827873937     -2.357462547603936
                 325000      2.285633325060719     0.0243096651250225     0.4197709334809033     -1.771516662144934
                 326000      2.335576724371566     0.0243036972603718     0.5560395375057163      -1.49063194945475
                 327000      2.369335886100109    0.02429258599587158      1.078224300819676    -0.8288578393752775
                 328000      2.500339733196431    0.02425568518923815      5.307758885160507     0.7634761591157865
                 329000      2.550721576026499     0.0242175172507906      6.025514120211456     0.8887344693151736
                 330000        2.4693698763373    0.02418443410555472      4.398664764384999     0.5726656774381998
                 331000      2.314068259571625    0.02417899931847373     0.5204423615194486     -1.561936236383391
                 332000      2.472946615605069    0.02414506190451387      4.696183057811381     0.6364853843772529
                 333000      2.476210958002688     0.0241104197295941      4.984984374755253     0.6947298077181314
                 334000      2.344890414124423    0.02410290752313103     0.7444420660318263     -1.207132330716111
                 335000      2.557881353918717     0.0240658695246718      6.209641606410433     0.9125532541631656
                 336000      2.436646609842136    0.02403770240759276      3.587507717979761     0.3627367015866927
                 337000      2.467822795275541    0.02400422040380679      4.902319597983072     0.6735935832722599
                 338000      2.733089386087358    0.02396766330298877      6.620034953982099      0.972461647234236
                 339000      2.627840217404437    0.02393370003128879      8.980917054225042      1.276044945639554
                 340000      2.569369196422338    0.02389790624384261      6.496189221033692      0.950662019306541
                 341000      1.454617572154052    0.02389758946104688    0.03157308652405235     -4.376017181303735
                 342000      2.692815265661621    0.02387314561028938      11.22253131634715      1.496333132521515
                 343000      2.764395398344251    0.02385116096969062      2.746730377433057    0.08789958255359515
                 344000      2.692700699791818    0.02382747266077586      11.38434173199397      1.508733545184844
                 345000      2.605989224305819     0.0237923926583607      7.578894109516503      1.100388624325754
                 346000      2.441244350653713    0.02376526568243808      3.841612904645574     0.4197728330139071
                 347000      2.341546292859987    0.02375876032598599     0.7151713953831059     -1.261626295113421
                 348000      1.660196191478806    0.02375769269109438     0.1125311330509729     -3.110963538795465
                 349000      1.893852254625743    0.02375194024011396     0.6293734846594428     -1.389710763960925
                 350000       2.32391528749724     0.0237460996511376     0.6402493922993455     -1.372823773507606
                 351000      2.731779589528517    0.02371170122278528      7.024365111456935      1.021008922100905
                 352000      2.522012084771649    0.02367907396411001      5.734143697645333     0.8166855685596107
                 353000      2.385294739187074    0.02366592665025131      1.577356682645687    -0.4745577822687219
                 354000      2.312383144907524    0.02366047915616058     0.6091355405245368     -1.426252925735176
                 355000      2.519964250509244     0.0236278403082241      5.969817054471146     0.8547974114108146
                 356000      2.688236663043863    0.02360758843210699      11.87082511641556      1.541307360820535
                 357000      2.508840980623997    0.02357550037903506      5.949466448470994     0.8491650340685878
                 358000      2.458368300029779    0.02354698669313627      4.621225431580225     0.5953132113244586
                 359000      2.485591693659186    0.02351590358515248      5.667969335001138     0.7981632899579008
                 360000      2.431114465078481    0.02349171862792553      3.612295629573494     0.3466468767190666
                 361000      2.412334254516522    0.02347133726899994      2.865494783126733     0.1141764582466564
                 362000      2.511102875519026    0.02343987948849848      6.259350944001105     0.8941707578674628
                 363000      2.688096156346463    0.02342027275225131      11.89741296613871      1.535578420684504
                 364000      2.197964315413916    0.02341824244079387     0.2387836857429826     -2.373026469551777
                 365000      2.610239258773304    0.02338659361958966      7.634740984190302      1.090527387019292
                 366000      2.615148855830829     0.0233554507526284      8.099064394537372      1.148234379753768
                 367000      2.555739985574224    0.02332490671688211      6.336015252288774     0.9014272469788608
                 368000      2.472091534680163    0.02329626036102873      5.380241948281999     0.7366816309035829
                 369000      2.354415137060325    0.02328912068147874     0.9130863757332436     -1.037283030598329
                 370000      2.733867363186634    0.02325866057674699      6.803640118330311     0.9697907788488637
                 371000       2.68725220601299    0.02323982789711768      12.01617196416149      1.537776370459015
                 372000      2.360803658837384    0.02323199447913669      1.032836383086988    -0.9165053736693727
                 373000      2.522100452090816    0.02320245799804822      6.338814031434137     0.8966053486927824
                 374000      2.549933105209955    0.02317299213789757      6.478069040610568     0.9170653847319808
                 375000      2.541323829463586    0.02314357868242867       6.66196838000204     0.9437877945428693
                 376000      2.729366358869487    0.02311405795665085      7.598039954108444      1.073986753009234
                 377000      2.559727853600624    0.02308500469143635      6.783821133053519     0.9593792291029248
                 378000      2.362458263334474    0.02307710675469625      1.091925271839524    -0.8675610430892182
                 379000      2.621411660386756    0.02304848351018776      8.367995870404627      1.167669827565103
                 380000      2.346556837015517    0.02304152312122759     0.9639450161068227    -0.9937676441191204
                 381000      2.487596942121733    0.02301399160638376      5.939955331283245      0.823459412821558
                 382000      2.383920983199352    0.02300265641565466      1.668466019200198    -0.4468302037046235
                 383000      2.708863550917008    0.02297813963808373      10.30184648658393       1.37252190093513
                 384000      2.408771489032413    0.02296161713480364      2.662695273805225    0.01881831006989918
                 385000      2.326438395210663    0.02295582497252664     0.8138170180880009     -1.166792578234279
                 386000      2.570583697846874    0.02292789751677264      6.882350354498629     0.9669700539682519
                 387000      2.323391231159856    0.02292210896944629      0.821254898280541     -1.159164405015231
                 388000      2.451809198954487    0.02289852699266446      4.557874230275583      0.553584360065421
                 389000      2.690276241608474    0.02287990827904945      11.85209322729428      1.508419091133671
                 390000      2.719331758494273    0.02285378655769269      9.307731066358091      1.265617607354408
                 391000      2.615961658133622    0.02282649529527854      8.031006667240169      1.116887256800876
                 392000      2.710889115580068    0.02280320958901111      10.49306205284509      1.383271017174329
                 393000      2.671390430702626    0.02278530237409864      12.09072478344427      1.524209744990985
                 394000      2.590671001510753    0.02275847882954719      7.268542738797921      1.014149032414722
                 395000      2.722510613628338    0.02273280965873134      9.206062836698321      1.249326949150372
                 396000      1.375878406543374     0.0227326783799282     0.0189884082999858     -4.934467672193345
                 397000      2.472380689658737    0.02270827556788871      5.513539705121913     0.7355916899180532
                 398000      2.163630037198444    0.02270683307156162     0.2126914875827253     -2.519591245007155
                 399000      2.314940104804427    0.02270188690462132     0.7569930350721178     -1.250297743922064
                 400000       2.46670341916406    0.02267779816852713      5.451023439998854     0.7228452076093025
                 401000      2.261195416588822     0.0226752681957258     0.3801070681363155     -1.940372046169583
                 402000      2.589915731321306     0.0226491444562824      7.570773151773201      1.050072712533698
                 403000      2.499052086433376    0.02262394949485078      6.383075344123948     0.8783145051967737
                 404000      2.557564980728448    0.02259832939945856      7.098207677756926     0.9833737333724005
                 405000      2.474284011481145    0.02257408407310444      5.927806183123374       0.80211215594256
                 406000      2.590111226871242    0.02254864525270107      7.774401619065631      1.072166917361826
                 407000       2.43945777434323    0.02252833537343881      4.291292731219008     0.4770173280987504
                 408000      2.504355464556035    0.02250370873460596      6.616085604496437     0.9088394627026498
                 409000      2.474294359651334    0.02247974318187043      6.165836748107043     0.8372938914153468
                 410000      2.550982402305324    0.02245505269749477      7.180371288194171     0.9885221842901328
                 411000      2.700386809607381    0.02243684255673636      11.70137487334845      1.476066147947071
                 412000      2.683169725396556    0.02242152877549592      12.55894666671384       1.54611033452924
                 413000      2.628685679135122     0.0223975845265853      8.919024273451457       1.20279511141427
                 414000      2.665477074516291     0.0223805232545789      12.12388832895044      1.509024269253201
                 415000      2.636624858910214    0.02235774947785705       9.76713089703861       1.29185118987487
                 416000      2.747242857457738    0.02233623686587463      5.335617786896842     0.6862704458756501
                 417000      2.637188944185365    0.02231412795188629      10.04807488253153      1.318256518264595
                 418000      2.309776205401151    0.02231010773380666      0.698295794110252     -1.348417217031957
                 419000      2.716904726276751    0.02228885765536722      10.47213234444853      1.358460001126065
                 420000      2.316542219037568    0.02228425094816818     0.8142025918743807     -1.196010428345567
                 421000      1.671583241117259    0.02228354295860156     0.1196636735037576     -3.113566332097624
                 422000      1.441547665282643    0.02228336265739211    0.03030454300254406     -4.486961875007822
                 423000      1.771490865443015    0.02228215542997393     0.2052100563483378     -2.574279568365648
                 424000      1.500442361790437    0.02228190794243913    0.04163896664585263     -4.169288367995399
                 425000      1.700952668340585    0.02228090631526321     0.1699240125365411     -2.763018396506072
                 426000      1.933907861172615     0.0222772283774135     0.6437536895723651     -1.431218650124845
                 427000      2.676293046494407    0.02226276712152864      12.88088921807879      1.564315842006664
                 428000      1.870995240586327     0.0222602950932259     0.4311350398093823     -1.832873880332607
                 429000      1.786691902811629     0.0222588252918176     0.2535354625369204      -2.36385756399319
                 430000      1.798860682468421    0.02225711407451824     0.2960802168917103     -2.208807729387786
                 431000      1.585551348990905    0.02225669906537523    0.07079962102577086     -3.639603148376058
                 432000      1.893130044156889    0.02225342573081125      0.577095827046638     -1.541595548224636
                 433000      1.621420352242583    0.02225291996816488    0.08643383710566106      -3.44024737436909
                 434000      2.020311032879818    0.02225082621244862     0.3643182897943896     -2.001692792073494
                 435000      1.664937210070823    0.02225008139387145     0.1276922591559891     -3.050131030661873
                 436000       1.59768221991988    0.02224960043782934    0.08222859143853493       -3.4902727213001
                 437000       1.98269794657444    0.02224685151090161      0.482345396952925     -1.721238899122434
                 438000      2.515430443612449     0.0222242594379134      6.563094674185666     0.8883021383249868
                 439000      2.251690576300248     0.0222222308389459     0.3554682426512864     -2.027570750488235
                 440000      2.432757070062943    0.02220522905577627      3.852024928680124     0.3545822075081164
                 441000      2.339746882360487    0.02219963384594003      1.029957449653929    -0.9647512765333913
                 442000      2.344476857626667    0.02219371672327669      1.095387732853658    -0.9034269493653002
                 443000      2.479005875957206    0.02217185226824477      6.199460637577838     0.8289413006537183
                 444000      2.350140030362613    0.02216566178473224      1.159418688730845    -0.8478814881695503
                 445000      2.487747985274846    0.02214356203613159       6.55073120720673     0.8827789171294818
                 446000      2.366206554236812    0.02213673312316851      1.301329578030708    -0.7337197070974506
                 447000      2.767047173048599    0.02212424030811942      2.623915762151388   -0.03300294054591021
                 448000      2.356058237529613      0.022117524946386      1.283716158168443    -0.7482151637309297
                 449000      2.248561048298952    0.02211556987227656     0.3515965043067901     -2.043333738113107
                 450000      2.616741683684079    0.02209335806905546      8.852045967616695      1.181581076351472
                 451000      2.528070425553775     0.0220715092996362      6.745872066156518      0.908873814701864
                 452000      2.687182805557768    0.02205715147384082      12.73309574410759      1.543496884897214
                 453000      2.747760581410406    0.02203738498562832      5.374276826404151     0.6800197874954286
                 454000      2.465967723728772    0.02201704661006995      5.780884583276454     0.7520291500742631
                 455000      2.453892163660095    0.02199773165587958      5.243463901713161      0.653577109150379
                 456000      2.636405116556888    0.02197711597189881      9.870874768027047      1.285245645172337
                 457000      2.687338024937034    0.02196259288751779      12.65622170919799      1.533145049632909
                 458000      2.767599450279394    0.02195060841562974      2.678319672422791   -0.02036009485143034
                 459000      2.632948149043639    0.02193012016145512      9.826251279181397      1.278573985817042
                 460000      2.659418571968782    0.02191401815533246      12.11614975888378      1.487321221753245
                 461000      2.681272019471675    0.02190080739714901      13.14159348434724       1.56796121681161
                 462000      2.644553320373021    0.02188232930190034      11.10467670060117      1.398701211669324
                 463000      2.721349604897881    0.02186122897843467      8.414589866638142      1.120337227456023
                 464000      2.676718781469761    0.02184441317207842      11.86588665680891      1.463268252421858
                 465000      2.066520533622934    0.02184257849199709     0.3678607646611954     -2.010534124801046
                 466000      1.791754250077131     0.0218413411561837     0.2463031487249825     -2.411732194813318
                 467000      1.985655019893563    0.02183931964871881     0.4065716392733027     -1.910627694593114
                 468000      1.603525370021952    0.02183892947332965    0.07690739619346927      -3.57580365706226
                 469000      1.858814977206508    0.02183723734206876     0.3390554261295385      -2.09231960073211
                 470000      1.945136552440698    0.02183451688437326     0.5527122053792588     -1.603770338470138
                 471000      1.698943413248696     0.0218337651213545     0.1489930907547344       -2.9147422767794
                 472000      1.966643727659332    0.02183122853845108     0.5144814629303813     -1.675598869362025
                 473000      1.802103335081018     0.0218298436577105     0.2768596899645015      -2.29531098904573
                 474000      2.480735321572979    0.02181110392545025      5.613588882469958     0.7132648767649417
                 475000      2.554890216996732    0.02179210337860751      5.847694946672978     0.7532506689978741
                 476000      2.787116267612451    0.02178764631844003     0.9392869447518674     -1.075635696683071
                 477000      2.688000975694379    0.02177137496386112       11.9861860819326      1.470006296537887
                 478000      2.020544214492658    0.02176970913600445     0.3410065214350539     -2.089678725274917
                 479000      1.816741627417237     0.0217681944237005     0.3095713788190321     -2.186461216366913
                 480000      1.909366364599124    0.02176547049402858      0.565952996231142     -1.583264020205843
                 481000      2.098180221260444     0.0217638402849674     0.3339846234244768     -2.110754996838077
                 482000      1.947083195961927    0.02176096648355375     0.5988978906466539     -1.526890887380128
                 483000       1.85414290924736    0.02175925668531005     0.3509984843973662     -2.061278673982072
                 484000      1.614322495368772    0.02175882741171913    0.08671830281532721     -3.459415341354196
                 485000      1.588261000910842    0.02175841322501085    0.08366225850660582     -3.495311381616516
                 486000      1.728033700907107    0.02175761454812278     0.1621248761058679     -2.833769172324268
                 487000      1.923858973262004    0.02175461706553613     0.6266040014500032     -1.481959062852675
                 488000      2.138217973528996    0.02175356455708388     0.2145190407910849     -2.553923706730437
                 489000      2.209097965591267    0.02175251207357134     0.2145617762542944     -2.553772894614206
                 490000      2.123147685864695    0.02175118480278324     0.2716040824178385     -2.318086184896908
                 491000      2.059977093745033    0.02174929817523542     0.3890268246185352     -1.958870052866204
                 492000      1.714765949351651     0.0217484498458649     0.1726470431184461     -2.771308060424397
                 493000      1.666378336463745    0.02174784741238434     0.1222429443435128     -3.116574646404983
                 494000      1.893774676421408    0.02174521805933517     0.5480404472818078     -1.616356874050384
                 495000      1.761955636756431     0.0217442047558882     0.2068379337334857     -2.590817009385471
                 496000      1.750745605724714    0.02174324153375436     0.1965308620798368     -2.641977388130321
                 497000      1.851157717790878    0.02174147676658899     0.3639348083174708     -2.025903279704415
                 498000      2.784056186049847    0.02173616732002457      1.152383801323587    -0.8735343246389548
                 499000      2.396125643787747    0.02172840118670558      1.757796113183369    -0.4516635310107824
                 500000      2.432387464235251    0.02171504390213144      3.418167293181202     0.2127652537579843
                 501000      2.696070227726267    0.02169790172756875      11.41451693776844      1.417756959955203
                 502000      2.732599539106198    0.02167827472741313      7.008522030753613     0.9290928737384337
                 503000      2.433405848228472    0.02166481227121069      3.532006293757404     0.2432108925246717
                 504000      2.537115118505694    0.02164666755839078      5.792433859306326     0.7370595159052558
                 505000      2.686212586887447    0.02163118286053847      12.10439225288166      1.473359745198144
                 506000       2.36761917142533    0.02162600855408796      1.164742426819502    -0.8679479024381253
                 507000       2.65228137885327    0.02160802965575088      10.71098268686776      1.349990061103541
                 508000      2.531056295889048    0.02158933141972248      6.524488059258338     0.8534172064773919
                 509000      2.476909603422613    0.02157107963284332      6.203352454279241     0.8020988137934189
                 510000      2.421282683683257    0.02155873864750362      3.286697928769318     0.1663200695142047
                 511000      2.466639462930325    0.02154090081771798      5.988735681089292     0.7654892475684052
                 512000       1.74580943828086    0.02153991510112899     0.2145293927632808     -2.563745352755654
                 513000      2.313152915822217    0.02153632644718436     0.8110656580755247     -1.234009719407024
                 514000      2.157826725060701     0.0215353729002373     0.2076436916957074     -2.596579416729937
                 515000      2.268646736999319    0.02153358746488276     0.3933863025984125     -1.957693830030877
                 516000      2.184361805718076    0.02153263763555394     0.2069454417019783     -2.600074835683652
                 517000       2.08837628757789     0.0215307445346427     0.4179939834738136     -1.897150910342697
                 518000      2.208446593858587    0.02152961519054257     0.2468140281511174     -2.424035272588288
                 519000      2.205675668081194    0.02152845246041641     0.2542889392552781     -2.394253234086356
                 520000      2.141760459926862    0.02152727805269851     0.2569484569875026     -2.383903455300147
                 521000      2.153593738258239    0.02152613722383603     0.2495494126311343       -2.4131750173868
                 522000      2.027553323935408    0.02152440253802422     0.3827009751936613     -1.985658607307661
                 523000      1.895979564414955    0.02152162009737984     0.6234560171836991     -1.497763604583324
                 524000      1.787772996199772    0.02152022140278635     0.3074286489245125     -2.204863793425806
                 525000       1.98026727870695    0.02151784535060124     0.5297279571367991     -1.660853647689196
                 526000      1.893427157288206    0.02151502030230025     0.6343355129971443     -1.480770516508358
                 527000       1.91099065087809     0.0215117787749443     0.7328810415661323     -1.336515807186279
                 528000      1.895931113072872    0.02150868136758623     0.6992899058831645     -1.383577803026633
                 529000      2.005125443702027    0.02150671356549094      0.437254439456273     -1.853219428975647
                 530000      1.602983794967538    0.02150625817875694    0.09912765138669308     -3.337347442835462
                 531000      1.968160453001867    0.02150349959384638     0.6204177294055376     -1.503491139237282
                 532000       2.60104544637337    0.02148451898562041      7.882806239905181      1.037672028661434
                 533000      2.176836183507629    0.02148341282979081     0.2445827474011674     -2.435265013278578
                 534000      2.661212989772118    0.02147085258753531      13.09137759294443      1.544305574011708
                 535000      2.687386987695159    0.02146017448242519      13.81167777768634      1.597368755634533
                 536000      2.680852288166302    0.02145063281531382      14.24903630575885      1.628098861357946
                 537000      2.696155869828071    0.02143849063111918      13.41401795276597      1.567143647871396
                 538000      2.722276881985231    0.02142019096168443      9.648695505464786      1.236812143301379
                 539000      2.623783690041879    0.02140176414016642      9.234452200445887       1.19207008699183
                 540000      2.432045464408991    0.02138859366299873      3.917490745351717     0.3339645441643299
                 541000      2.661506266675638    0.02137681843072067      13.57047974814742      1.575859348571271
                 542000      2.631221124512756    0.02135910741385386      10.10519715525402      1.280183524584527
                 543000      2.628633940054351    0.02134141489172114      10.03464354212856      1.272348443938927
                 544000      2.664372164870425    0.02133090574200168      14.10237838757165      1.612155895779714
                 545000      2.600734830404102    0.02131282626786416      8.141581626777562      1.061948965644531
                 546000      2.249890018890568    0.02131141257875695     0.3420188113825183     -2.107991370567436
                 547000      2.446157852354326    0.02129687113461625      4.799436723841195     0.5327141664428375
                 548000       2.33312611185234    0.02129268236134261        1.0635939551427    -0.9743274026674971
                 549000      2.540563109270471    0.02127598095245814      6.321866766160642     0.8072487583348801
                 550000      2.304786807699142    0.02127313006885121     0.7122514818937441     -1.376224010006891
                 551000      2.436947678209633    0.02125943152718736      4.436801411526478     0.4523897852755155
                 552000      2.442623109933693    0.02124492001907305      4.894246641958346     0.5498336071979659
                 553000      2.504669910718624    0.02122835836339556      6.394274267961675     0.8163963285386919
                 554000      2.425975074026195    0.02121585273439054      3.946557752244811     0.3332478543522956
                 555000      2.233060483969103    0.02121456728134587     0.3185029788860663      -2.18377993175455
                 556000      2.371510726177088    0.02120947475555734      1.345058448682947    -0.7434590895728123
                 557000      2.487385058237587    0.02119294643177471      6.520050792345786     0.8342060147567665
                 558000      2.439306740317599    0.02117871553681693      4.882328698482693     0.5442744293708606
                 559000      2.361487717719626    0.02117389522301456      1.280096648027319    -0.7946399153401432
                 560000      2.498476251773785    0.02115741439604256       6.64263056017952     0.8511538980341424
                 561000      2.615171619607886    0.02114029076059542      9.316249538447861      1.188596309845454
                 562000      2.463917528449874    0.02112439130470292      6.222346391615331     0.7842308656225829
                 563000       2.70974261603074    0.02110956284551356      11.69678588705422      1.414695684571692
                 564000      2.747815819647139    0.02109501802148022      5.300620815590345     0.6225162863702179
                 565000      2.635205281410192    0.02107933724910812      10.94849876517223      1.347151068953734
                 566000      2.740277414875636    0.02106336232326522      6.602748983660573     0.8406766612072387
                 567000      2.505696319080338    0.02104746359498666      6.598796536653682     0.8393227858209731
                 568000      2.620715975730174    0.02103110198925325      9.883926251978444      1.242567653684711
                 569000       2.67163485432983     0.0210221897643679      14.52006912960079      1.626765743457101
                 570000      2.454024726427266    0.02100745456627461      5.743074245777287     0.6985274417036498
                 571000       2.33593076612518    0.02100336876349467      1.141730398276734    -0.9171167152587836
                 572000      2.201532464846183    0.02100238387709243     0.2611184777720366     -2.392489649818725
