#! FIELDS time e sigma_e height
#! SET action OPES_METAD_state
#! SET biasfactor       4.240371756148875
#! SET epsilon    0.003891431002318289
#! SET kernel_cutoff        3.33135957893421
#! SET compression_threshold                       1
#! SET zed      0.1275905670036352
#! SET sum_weights       322.5380917503509
#! SET sum_weights2        957.961419505193
#! SET counter  232
                      0      2.543460697440942    0.03608892611904466      85.19166693471921
                      0      2.679878078579707     0.0337123199322241      291.9214202299478
                      0      2.346256902852678    0.03380877360336985      11.07728298522091
                      0      2.240557513575436    0.03731886339554675      1.618081447349415
                      0      2.159055809633768    0.03464472130980444      1.356078724367206
                      0      1.626768802872625    0.03098499022209992     0.1679868899829156
                      0      1.843633205386263      0.035006351018391      1.879507163602526
                      0      1.454481800360919    0.04691824930152198    0.01841786973144442
                      0      1.680785673546265    0.03688571022832384      1.125188762515032
                      0       2.45372786624456    0.03473399347112529      53.47840519028431
                      0      2.831734402339799     0.0441252887445591    0.07109914671487798
                      0      2.733602048987496    0.03202069899536873        74.997641486552
                      0      1.978961750704289    0.03294181261944199       3.65974074503383
                      0      2.085312425792751    0.03566904733810219     0.9765240750989659
                      0      1.892948378942406    0.03357266435348618       3.81022287750895
                      0      2.031971981373374    0.03146850087916189       5.13229841894091
                      0      1.790115963979248    0.03187721952662644     0.3338920889393753
                      0      1.368221617280902    0.03369450554727915    0.02831803386457503
                      0      1.586978526816927    0.03345776674763522    0.06118148620524808
                      0      2.289465378019578    0.03083473310229467      1.736531462430613
                      0      2.404494592572973      0.030423995966989      12.26696931180462
                      0      1.727374533647557    0.02816289804406195     0.5197457292285321
                      0      2.633238361690394    0.02995601423286446      70.19171911915505
                      0      2.500506895959009    0.02766057578738951      19.17963753417623
                      0      2.597087016928045    0.02791415121205117      25.54030140792483
                      0      1.927918291280163    0.02592429888704385     0.3532557446706088
                      0      1.514145852798061    0.02496392206999971    0.07966180841935923
