#! FIELDS time e sigma_e height
#! SET action OPES_METAD_state
#! SET biasfactor       2.698418390276557
#! SET epsilon     0.01374333274381851
#! SET kernel_cutoff       2.928208142815685
#! SET compression_threshold                       1
#! SET zed      0.1311904474284271
#! SET sum_weights       844.7343331214608
#! SET sum_weights2       1972.924783940223
#! SET counter  558
                      0      2.686154520544882    0.02854583969100923      734.9074078381532
                      0      1.943710445599379    0.02939071441882038      6.536876756502463
                      0      2.443985150314882    0.02893518517089693      141.0897996207261
                      0      2.505014404872429    0.02979986395142555      372.0215498858975
                      0      2.352367002779888    0.02822988593566228      13.60846395274682
                      0       2.64701514332448    0.02670226808716613       380.774165110689
                      0      2.728421812556432    0.02497737243409127      130.3955974617724
                      0      1.729086924395578    0.02773809908371895      2.128541512371853
                      0      1.859390010803782    0.03022408293802925      3.257062489396855
                      0      2.108485089752774    0.02361936188386029      3.121749084792064
                      0      2.136799106749126    0.02646393557012303      3.391286748603293
                      0      1.812965512200457    0.02756915635817243     0.9013513937687311
                      0      2.012049527722944    0.02457657341395507      4.273412939905819
                      0      2.559331890459974    0.02739243892198351      197.4029465644444
                      0      2.215224789335232    0.02612210557648998      3.155378201274017
                      0      2.057908205547627    0.02599704144477488      4.398003975622822
                      0      1.684323607613224    0.02566201370465464      2.435496947866098
                      0      2.250580208973759    0.02489406171472202      4.354850635861284
                      0      2.300642269428454    0.02459389385535573      5.523919278953841
                      0      2.385985975996352    0.02460514661487397      20.37779033278476
                      0      1.391839863406271    0.02449796834080948     0.1648591151650067
                      0       2.75764858525282    0.02301420854270461      38.32174201518976
                      0      1.777177164780705    0.02308296255737844      0.564722318206248
                      0      1.620181427433882    0.02127493462984242     0.4181849176552284
                      0      2.806101985571957    0.02308008599262157     0.3087938458468928
                      0      2.600319006443106      0.023324717370544        118.15753370509
                      0      1.905460574271787    0.02260139210946302      3.531737341747428
                      0      1.983385945186807     0.0214731658860965      1.993785364461982
                      0      1.651687055189093    0.01959442092332848     0.2926168917939281
                      0      2.174964344610537    0.01959067611682626     0.3520685160148321
