#! FIELDS time e sigma_e height logweight
#! SET action OPES_METAD_kernels
#! SET biasfactor       3.469395073212715
#! SET epsilon    0.007640039155174105
#! SET kernel_cutoff       3.122291642622147
#! SET compression_threshold                       1
                   1000      2.629599529349101    0.06206017502565676    0.03010226110527593     -3.469395073212715
                   2000      2.651930987050223    0.05465419579004897      1.054063586561754   -0.04066579777676604
                   3000      2.481787198316374    0.05429727107233513    0.03759127334748497     -3.380853940385832
                   4000      2.660474640090291    0.05105847700139018      1.863892346884969     0.4612939822983775
                   5000      2.656708214602765    0.04836557841278755       2.01904363004868     0.4870677574956999
                   6000      2.738364405788175    0.04669731783154417     0.8413208175166279    -0.4234400534793086
                   7000      2.482137358336907     0.0464902769370921    0.08779805101238046     -2.687817346244018
                   8000      2.513680225542641    0.04605092974605995     0.2000933661220035     -1.873567800554893
                   9000        2.3141807606693    0.04595912924287184    0.04064810677741878     -3.469395073212715
                  10000      2.258992501552331    0.04579501141050481    0.07445791210423564     -2.867690649634833
                  11000      2.649991967530394    0.04491696422631834      3.075231944119102     0.8338513109773089
                  12000      2.442366441322108    0.04459730614214033     0.2189502239188438     -1.815581968461988
                  13000      2.096217166610518    0.04453428900394209    0.04194861161241576     -3.469395073212715
                  14000      2.448280014278597     0.0438990991026383     0.5005897174496359     -1.004419204579145
                  15000      2.516244257933324    0.04317252226840622      0.648460177034371    -0.7622950128673109
                  16000      2.566325587915512    0.04207940963775775      1.494514076573075    0.04701509820355349
                  17000      2.402742112526387    0.04160307100895527     0.5105307242069194     -1.038475033998866
                  18000      2.228169312459167    0.04146429810587867     0.1381393894248205      -2.34900382715454
                  19000       2.51782469687324    0.04061614264306637      1.372343042720956   -0.07365944340235114
                  20000      2.559426297227966    0.03980652293983266      2.091629078069992     0.3276294551443626
                  21000       2.41237371966767    0.03930099620913814     0.8530696631037118    -0.5820087613089041
                  22000      2.679650144661828    0.03875736758382908      2.913277418506302     0.6322550147829604
                  23000      2.483736386396216    0.03818836865395885      1.454576977466132   -0.07709845725861018
                  24000      2.582359751007864    0.03762770129590271       2.40359274566123     0.4103605488688213
                  25000      2.474223538966778    0.03712292058213852      1.708624921331866     0.0555789295254466
                  26000        2.6820925383385    0.03670628295918116      3.020531953549594     0.6140363354183961
                  27000      2.513681516187277    0.03625184153151816      2.246701618598431     0.3056088120324802
                  28000      1.874767165255934    0.03623203644455966    0.05156076710510023     -3.469395073212715
                  29000      2.030886718911256    0.03620713040143671    0.06522808464060401     -3.234953647143947
                  30000      1.868613480612615    0.03616909430938676      0.100841162343037     -2.800348206522525
                  31000      2.627831200526282    0.03586743060663344      3.551848521623336     0.7529532743332803
                  32000      2.134519251181236     0.0358366407900071    0.09087234385773367     -2.913673278546744
                  33000      1.795666912637096    0.03581341548102109    0.06844577461661666     -3.197735463543997
