#! FIELDS time e sigma_e height
#! SET action OPES_METAD_state
#! SET biasfactor       3.469395073212715
#! SET epsilon    0.007640039155174105
#! SET kernel_cutoff       3.122291642622147
#! SET compression_threshold                       1
#! SET zed        0.14808299670742
#! SET sum_weights       140.3659561217333
#! SET sum_weights2       337.5150668139264
#! SET counter  105
                      0      2.678463401355929    0.03815963895204098      143.7478925848472
                      0      2.497108633724358    0.03680239650256752      30.43706601144002
                      0      2.569761283627423    0.03967051494224563      51.65662767145835
                      0       2.36901497737796    0.03545636726058779      3.903610401482932
                      0      2.220045980021875    0.03388247638287147     0.4591409923055774
                      0      2.307980908195008    0.03919735197141265     0.4878411219684393
                      0      2.763757760383504    0.03384423506328169      1.894037554023032
                      0       1.93593154929117    0.03478285310464573     0.1622547837283158
                      0      2.079944852453335    0.03329796477551974     0.7122989114572731
                      0      2.027217341791605    0.03637891034995236    0.07442736486884977
                      0      2.157240294780097    0.03371547684159834     0.3370194690724899
                      0      2.422885395051232    0.03407224447617634      12.39212544504516
                      0      2.621538911640787    0.03257020527055307       16.1521304469951
                      0      1.990430427300552    0.03162771415105047    0.08767097553251357
                      0      1.677006386983234    0.03159429619669007     0.1486118158948709
                      0      1.856388970543113    0.03160244135571359    0.05988372470724611
                      0      1.784448151677664    0.03159624654571652    0.06114640791042202
                      0      1.896736348971613    0.03158806637139443    0.08104526615128241
