#! FIELDS time e sigma_e height logweight
#! SET action OPES_METAD_kernels
#! SET biasfactor       2.698418390276557
#! SET epsilon     0.01374333274381851
#! SET kernel_cutoff       2.928208142815685
#! SET compression_threshold                       1
                   1000      2.670103734333073    0.06053155025577301    0.06672079877255445     -2.698418390276557
                   2000      2.436320328128398    0.05920511112449938    0.06821562036279934     -2.698418390276557
                   3000      2.629476002159443    0.05323609886817437     0.9797150436406752    -0.1401013672269791
                   4000      2.718132437535016    0.04978331705113447      0.816057068299308    -0.3899356231115618
                   5000      2.662747631749709    0.04787454438261934      1.732701945777142     0.3239213769293822
                   6000      2.525154049517932    0.04696870878645884     0.2932396612545451     -1.471628000545542
                   7000      2.541071672504395    0.04538457779069108     0.7577634153103839    -0.5565562701881063
                   8000      2.451205084066308    0.04445851994274409     0.4306903480208593     -1.142153841031979
                   9000      2.623132723698031    0.04331088123565686      1.799514269449862     0.2615761181414067
                  10000         2.463797105667    0.04237420662847025     0.7198605941865149    -0.6765024242327737
                  11000      2.479106591557099    0.04137585429868554      1.071207232270541    -0.3028608141041269
                  12000       2.55808959961792    0.04047126510282503       1.31170003033332    -0.1224283145962185
                  13000      1.827432173865147    0.04035108302931539      0.100089342857837     -2.698418390276557
                  14000      2.667823307440399    0.03972512650172898      2.061623336281665     0.3111330344240109
                  15000      2.524672203447252    0.03900796330907839       1.52039288724475   -0.01160996961472102
                  16000      2.719033048717693    0.03836355709278005      1.427941619168275   -0.09100260714225537
                  17000       2.47427218042971    0.03777736613590318      1.468719499492269   -0.07824348601846882
                  18000      2.657296135608679    0.03732679575898044      2.221093053759027     0.3233663327416365
                  19000      2.683633720423316     0.0368944417449952      2.281650069460008      0.338615243148187
                  20000      2.466702943666414    0.03643548382551168      1.457893074498782     -0.121809138256056
                  21000      2.695193814484128    0.03604097947459133      2.273909896354918      0.311812818707721
                  22000      2.562094580447048    0.03565425680570593      1.350969690496293    -0.2196533931398282
                  23000      2.339806998553747    0.03560491545336467     0.1134313431890073     -2.698418390276557
                  24000      2.675519007962878      0.035336679326282       2.80166718769763     0.5007916008161754
                  25000      2.608873104639325    0.03497475326603027      2.017798135648979     0.1622887887629618
                  26000        2.6740021049879    0.03470849136792648      2.845141581659311     0.4982526342264129
                  27000      2.545645915218723    0.03439759299996582      1.515554107820817    -0.1405768513936074
                  28000      2.599255149194449    0.03408668876309029      1.987827152078049       0.12160454582347
                  29000      2.701144179297368    0.03381292364092054      2.552128916232372     0.3634264033993069
                  30000      2.707618006272975    0.03357523658043801        2.8820325428404      0.477940015759086
                  31000      2.595615397827655     0.0333055956977455      2.140355124875848     0.1723526210885465
                  32000      2.464333718297433    0.03307898221443794      1.374482600747967    -0.2773690900005959
                  33000      2.625713957952375    0.03285532100307553      2.794243442629293     0.4253305359195433
                  34000      2.199788618577057    0.03282837769443835     0.1230250675680029     -2.698418390276557
                  35000      2.391610517062595    0.03273469205061667     0.4714170780411461     -1.357921188509401
                  36000      2.509542101658044    0.03250577184532306      1.885984711890217    0.02152318466179561
                  37000      2.136547960579811    0.03247792846198858     0.1358113885109794     -2.610272032837693
                  38000      2.388678801981153    0.03236540377724119     0.6306606585038714     -1.078241839334037
                  39000      2.616971827525895    0.03222391153442189      3.473605084811131     0.6235571929638616
                  40000      2.673128480649928    0.03215076557508428       4.12042382738364     0.7920477295726237
                  41000      2.659947070438561    0.03207339750677773      4.296824815262931     0.8315587210956913
                  42000      2.569183699920083    0.03186751944858124      2.412067081760624     0.2477268199012382
                  43000      2.360939450536933    0.03180027542367544     0.4541676845719587     -1.424158411207608
                  44000      2.288171440180922    0.03177479939036276      0.162544865200296     -2.452472280387939
                  45000      2.427391831376969    0.03162694405031569      1.240461963540537    -0.4248512836376663
                  46000      2.537121684634397    0.03143736825025708       2.48622537423713     0.2644183411379286
                  47000      2.651775144830493    0.03137605800893249      4.583226972837956     0.8741038853104769
                  48000      2.621416359448376    0.03125420404668133      4.127000088520698     0.7653601066254399
                  49000      2.734022059177721    0.03107918397974095      2.400059833045167     0.2176873749332025
                  50000      2.662484347567053      0.030997785448654       4.69307142925177     0.8856584596493461
                  51000      2.657706299029098    0.03091599127676841      4.850993944020264     0.9161126257274427
                  52000      2.709073802518237    0.03076374241853707      3.729530962023173     0.6482747184187102
                  53000      2.631116615004217    0.03063666220368215      4.311417159317461     0.7891194981418119
                  54000       2.66246873557543    0.03053416356034621      4.813242901574439     0.8958726681197782
                  55000      2.732949158937101    0.03038512111995222      2.515246201565429     0.2419791815601323
                  56000      2.697388587806945    0.03025844790631068      4.316188268293168     0.7778035203541156
                  57000       2.70963112946125    0.03012287469135938      3.987674076873018     0.6941484002357742
                  58000      2.644672527227708    0.03001237166386868      4.710788673849345      0.857120463914628
                  59000      2.697913461372314    0.02989389549196759       4.51415895455558     0.8105286246382184
                  60000      2.315573745517307    0.02987309655327996     0.2580867409700414     -2.051845812952594
                  61000      2.443121403949196    0.02979396506376272      1.156278140389481    -0.5548323566759472
                  62000      2.500253206954405    0.02969526242910733      1.596775944068261    -0.2353704819345844
                  63000      2.708467257604845    0.02957233261414215      4.077641001448174     0.6980132882959555
                  64000      2.679188539715939    0.02947216263922701      4.872880748149275     0.8727869078715896
                  65000       2.40617602435319    0.02941609901029283     0.8570041286523267    -0.8671149951955092
                  66000      2.537832526986871    0.02931837239458807      1.812488244292859    -0.1214295767069768
                  67000      2.669599399773077    0.02922352203420299       4.94905560676174     0.8798261437538814
                  68000      2.593152802420432    0.02910974047877058      2.708194837249515     0.2730105815286101
                  69000       2.58423210500044    0.02900025341271081      2.595805670094279     0.2268569446986997
                  70000      2.543946760450754    0.02890481638129298      2.041631389245096    -0.0165871353209638
                  71000      2.318723009298807     0.0288852572242391     0.3098112866268245     -1.902805147598656
                  72000      2.344988806421604    0.02885863276711767     0.4314757032176788     -1.572479462431977
                  73000      2.658356502248535    0.02876977321931509      4.929111235088724     0.8601394277144733
                  74000      2.683591020771195    0.02868322897595459       5.03020371241982     0.8774285162809166
                  75000      2.269705009433062    0.02866979922563093      0.225913605209166     -2.226102915926306
                  76000      2.024228912515784    0.02866133136116799     0.1409115764063242     -2.698418390276557
                  77000       1.72697932967569    0.02865281209247088     0.1419819517075405      -2.69114830067318
                  78000      1.898580013511465    0.02864396046054939     0.1478541225957803     -2.650931094888035
                  79000      2.121787529491996    0.02863298660249623      0.184595197108211     -2.429375106399574
                  80000      2.720916454728493    0.02853387113932407      4.348718126137919     0.7266283984470348
                  81000      2.542949637190797    0.02843985224472795       2.47627166130355     0.1602009139826001
                  82000      2.530360410398505    0.02834722644151006      2.501290027401289     0.1669912401615531
                  83000      2.355218586709958    0.02831534834751998     0.6149516289314719     -1.237152226565974
                  84000      2.205037834002947    0.02830482937696584       0.19093099492843     -2.407155322080298
                  85000      2.066796432778895    0.02829531033439221     0.1725961485444233     -2.508449298795032
                  86000      1.822534179895097    0.02828546742374734      0.178916016214987     -2.472835174462975
                  87000      1.988073846784305    0.02827633053161765     0.1660235169373116     -2.547945316868458
                  88000      1.777406604151419    0.02826590392118673     0.1904451319231507     -2.411079439679001
                  89000      2.078718211183055    0.02825293167481149     0.2391158872604865      -2.18395429454826
                  90000       2.06823856473166    0.02823658516745925     0.3050368582378428     -1.941048741735519
                  91000      1.935166835651542    0.02822682306587113     0.1791645259193342     -2.473522619884389
                  92000      2.059541446634326    0.02820676311356939     0.3803845644704333      -1.72135531254563
                  93000         1.803011000024    0.02819228347167078      0.270836477764122     -2.061536300787246
                  94000      2.716838919513905    0.02812503312903715      5.449621770693713     0.9378616826172677
                  95000      2.585619729800079    0.02803083630963141      3.766569647451278     0.5651253181478731
                  96000      2.692678976822585    0.02801223723047125      6.848568673640735      1.162336574109906
                  97000      2.690836295916905    0.02799403928208343      7.056756440112519      1.191632560697399
                  98000      2.519830283473527    0.02790903740073862      2.736392737042496     0.2412465290270034
                  99000      2.207260386497114    0.02789709846873402     0.2559732680496428     -2.128504137975295
                 100000      2.653713427262861    0.02785923699393594      6.727653299300606      1.139046408925538
                 101000      2.502800877539979     0.0277805615922692      2.522890661667664     0.1553973226881744
                 102000      2.389880006266293    0.02774169996558543     0.9703466462363907    -0.8015097711795141
                 103000      2.643864012316748    0.02769095216642879      6.407729464649894      1.084266151522176
                 104000      2.658676372073488    0.02766224754352868      7.219934400404756      1.202569883853223
                 105000      2.690093680616482    0.02762938160540535      7.265459520588002      1.207666741496285
                 106000      2.602116708072619    0.02754446145789161      4.270385802706151     0.6731610922360408
                 107000      2.685315524284362    0.02751449901429412      7.527189685727074      1.238890296835907
                 108000      2.356218832607432    0.02748730472895274     0.7556514896160356     -1.060795312024626
                 109000      2.657400055936794    0.02745018648888199      7.434517308990619      1.224162055827333
                 110000      2.013508820813598    0.02744040724545152      0.263488052619349     -2.116075171299704
                 111000      2.025707856418859     0.0274275431658002     0.3509666488279706     -1.829860906314078
                 112000      1.785469774988406    0.02741664729815516       0.29588365778234     -2.000983117649582
                 113000      2.607287738644159    0.02733556396848141       4.47735475745259     0.7128764177606036
                 114000      1.763615766879577    0.02732449901168307       0.30792884028395      -1.96444742349929
                 115000      1.920389069503868     0.0273163344804164      0.225333516776322     -2.277033383856302
                 116000      1.862510695834277    0.02730827737837694     0.2225999371778177     -2.289533827674852
                 117000      1.924493464816728    0.02729772659617919     0.2944887462759896     -2.010055627969348
                 118000      1.983112112386417    0.02728731310848824     0.2910538609318823     -2.022169629172917
                 119000      1.978272711895742    0.02727514617991399     0.3428628602188752     -1.858793407235837
                 120000      2.090113753721691    0.02726185629338278      0.376884236041452      -1.76467324729501
                 121000      1.929310457201394    0.02724882256286872     0.3701506748219943     -1.783179377738995
                 122000      2.156004720491755    0.02723998611018433     0.2477120199391634     -2.185147008312555
                 123000      1.912365930855411    0.02722549921413382     0.4153080001013169     -1.668925422067652
                 124000      2.011416003734564    0.02721026086886166     0.4392677570053967     -1.613396549224725
                 125000      1.979437951613474    0.02719432125180983     0.4620233055669428     -1.563476332446808
                 126000       2.00331445993769    0.02717550605246784     0.5532850025707871       -1.3839105422683
                 127000      2.010819816955946    0.02715431466798775     0.6315556148471587     -1.252377882056839
                 128000      1.687718187260832    0.02714841730593511     0.1663565458885707     -2.586647739177277
                 129000      1.844214097164213    0.02713745689287802       0.31524974486363     -1.947819728941445
                 130000      2.658926492958297    0.02711089983741734      7.815684217822406       1.26172380472804
                 131000      2.685677418200146    0.02708319464978873      7.938468468792112      1.276289218275644
                 132000      2.605495539930579    0.02700792535993541      4.716758805927199     0.7529076626155327
                 133000      2.629013536938063    0.02694562019425714      6.315462097759442      1.042477133693444
                 134000       2.67924483207917    0.02691685562069971      8.134773361963902      1.294556011811538
                 135000      2.652517969916068    0.02687789423820064      7.835189895273742      1.255584723318859
                 136000       2.75065555051036    0.02682169147975504      2.480265000508063     0.1032317910052822
                 137000      2.671687504339254    0.02679246278378662      8.375098476516897      1.319038882360622
                 138000      2.640127702002701    0.02674016925882073      7.277089499806834       1.17655332751759
                 139000      2.675607772947956    0.02670891546739693      8.521543318941479      1.333250325242331
                 140000      2.216381576933014     0.0267010900824872      0.283543718713084     -2.070029127665257
                 141000      2.654283121587154    0.02666323869450905      8.320745908375891      1.307693129828237
                 142000      2.482675257885883    0.02662192551057856      1.834211538148676     -0.205994708956366
                 143000      2.505228127210885    0.02657354172773914      2.298650065568863    0.01789350927357832
                 144000      2.408331595971182    0.02654869733425311      1.018873920603551    -0.7966658623294419
                 145000      2.448748807573812    0.02651409569562182      1.510154687410126    -0.4044559700297174
                 146000      2.517605482162621    0.02646176002946518      2.672950129451265     0.1645388906989182
                 147000      2.464962544734296    0.02642116266273123      1.889797519909565    -0.1837095661703071
                 148000      2.484020649572913     0.0263742769073018      2.329711377049975    0.02378900075544623
                 149000      2.399073378844108    0.02634934129634367      1.070033957106242    -0.7552109022048566
                 150000       2.74558890946598    0.02629710683644597      2.817035999657236     0.2107996329353241
                 151000       1.94245427577776    0.02628576072022148     0.4619898303633364     -1.597529587483064
                 152000      2.634610648748524    0.02623330327355614      7.024304157636701      1.122061316690689
                 153000       2.72165133039462    0.02617088106485978       5.02104543095044     0.7839409859323067
                 154000      2.605018736905471     0.0261093679455884      4.901780127754062     0.7575480433472914
                 155000      2.257719084434261    0.02610285888161879     0.2745823220024894     -2.124803883185386
                 156000       2.40511920398554    0.02607755856410302      1.180574118039418    -0.6672685820188682
                 157000      2.659726681966055     0.0260443808759105      8.429496150849049      1.297194479015199
                 158000      2.713449944725045    0.02598608707746023      5.900477222776048     0.9382499530271866
                 159000      2.669197955879794    0.02595369919612599      8.593534096994697      1.312979659433275
                 160000      2.678241561618446    0.02591909668188766      8.545655866028929      1.306058526403623
                 161000      2.708438746161117    0.02586443610746618      6.541443660555012      1.036682223934947
                 162000      2.406817390002641    0.02584082111853163      1.221584241331066    -0.6422405319642264
                 163000      2.676383123595997    0.02580661366545205      8.660032725465284      1.315004741966523
                 164000      2.759083401253882    0.02577260304002752      1.955974686687492    -0.1741439020181023
                 165000       2.62539413511328    0.02571854829714406      6.379276343737901      1.005922558163207
                 166000       2.62577475117011    0.02566564414069447      6.522995802519261      1.026142480820098
                 167000      2.523315603487317    0.02562548854736718      2.591214947594917     0.1013697977756439
                 168000       2.48042952209525    0.02559004515805597      2.199842280010337   -0.06375548048611021
                 169000      2.479643787059951    0.02555382212504865      2.289264386387607   -0.02532712551560267
                 170000      2.626703569707351    0.02550356514613976       6.67795588133025      1.043285624752705
                 171000      2.401774992613545    0.02548253145854136       1.20373803169204    -0.6709196440857487
                 172000      2.613892345480471    0.02543036024785018      5.814919576531903     0.9020261388939557
                 173000      2.575245282863453    0.02538671176762017      3.244137858562424     0.3167309479764436
                 174000      2.570349281063938    0.02534480567179534      3.076379040086822     0.2619825114011736
                 175000      2.441077712101848     0.0253180859020203      1.670801021476185    -0.3495223990801758
                 176000      2.738766589184032    0.02527339721402969      3.551643652153001      0.402818283729719
                 177000      2.515566261099243    0.02523623166511667      2.649460080941551     0.1082920403890775
                 178000      2.530075234026003     0.0251982225234698        2.7752880546097     0.1531834402987841
                 179000       2.63977641302562    0.02515677711901372      7.522263972005536      1.148649918735879
                 180000      2.031359837449701    0.02514804304779078     0.5069313950606436     -1.548944079934004
                 181000      1.656405008193361    0.02514488788255202     0.1776297538374561     -2.597743881032352
                 182000       1.91528774717955    0.02513705111523814     0.4534542587565036     -1.660862541692658
                 183000      1.727520308070563    0.02513284850828877     0.2384704905755778     -2.303678571735189
                 184000      1.679575904232403    0.02512889175701371     0.2243865702655045     -2.364711266462627
                 185000      2.144284443867518    0.02512398222456604     0.2801270500867708     -2.143033733554868
                 186000      1.914836334052823    0.02511536782985817     0.5028243269035498     -1.558379059877194
                 187000      2.789741967792194    0.02510409859956529     0.6699401542864183     -1.271880331142662
                 188000      2.091829267845624     0.0250973513215358     0.3909719564565724     -1.810701690877358
                 189000      2.628019896993592    0.02505488761891691      7.238234534179644      1.106101688595471
                 190000      2.523885620836947    0.02501728697185544       2.94573203215929     0.2055798565706699
                 191000      2.560234396323064    0.02497862708256611      3.126848723701493     0.2637016801505756
                 192000      2.711705573384674    0.02493308168107639      6.240004253272087     0.9528318050295495
                 193000      2.377526721917106    0.02491748429101167      1.009020603310144    -0.8697946641054798
                 194000      2.623707759711027    0.02487528506121799      6.995714297370892      1.064827898829513
                 195000      2.712459398756009    0.02483074095509347      6.241196909663611     0.9489098544098874
                 196000      2.314426641717539    0.02482398481429911      0.425570218885322     -1.736859564637468
                 197000      2.478199822239937    0.02479278372559155      2.442790475860664   0.009349093297048512
                 198000      2.788703783079367    0.02478148265031915     0.7400285033234755     -1.185314430792914
                 199000      2.537083902427418    0.02474553442375838      3.069067510135412     0.2356742560238066
                 200000       2.70079417933097    0.02470634757649515      7.299229046109261      1.100484367754175
                 201000      2.422592155907986    0.02468553838498018      1.512851801419894    -0.4741305006845843
                 202000       2.61915204611712    0.02464403102862176      6.652708276179896      1.005214191339532
                 203000      2.628595801733803    0.02460593612793091      7.388639351043205       1.10858675533609
                 204000      2.304259795160208    0.02459969893184245       0.41917402031588     -1.761079480234774
                 205000      2.528119565175007    0.02456543540529241      3.088665040410464     0.2347347996640257
                 206000       2.69882594967173    0.02452814022286244      7.436359954732172      1.111857952464908
                 207000      2.437617438951988    0.02450581213190908      1.759319602347986    -0.3305070982020984
                 208000      2.524290542679453    0.02447197210774803       3.15421525299689     0.2519236386971682
                 209000      2.517066340037198     0.0244380090264082      3.215669799290641      0.269830776727115
                 210000      2.517839805514637    0.02440364448447132      3.326815965652492     0.3024036031438905
                 211000      2.413849477876571     0.0243840561354762      1.552558012959885      -0.46051117900331
                 212000      2.588444600219617    0.02434542465197974      4.395477689508226     0.5785755848873194
                 213000      2.478788020948413    0.02431648678622328      2.623589266520711    0.06135335594016274
                 214000      2.461208474984211    0.02428980008697437       2.36120616030321   -0.04511547614994043
                 215000      2.477455118602724    0.02426019916935447      2.763731089256367     0.1110741617880528
                 216000      2.536480118813161    0.02422672455184101       3.41902264496085      0.322466515856844
                 217000      2.332735122352252    0.02421890111202031     0.5851092285531017     -1.443167929927939
                 218000      2.622988600491617    0.02418279754222566       6.97992828383143      1.034335615006385
                 219000      2.663147150594835    0.02415499767679875      8.492771111739728      1.229362083815153
                 220000      2.528367177050246    0.02412206998089972      3.516844710640845     0.3463468246488168
                 221000      2.717510322200189     0.0240843256741512      5.847775684194128      0.853278043732336
                 222000      2.303287234490199    0.02407802777488138      0.489351121862149     -1.627719854729406
                 223000      2.459805566782207    0.02405226145299141      2.465544914053905   -0.01170269524907884
                 224000      2.663309768174352    0.02402536415536272      8.560661790208375      1.231943048976057
                 225000      2.540950726357714    0.02399369121892642      3.500246368802251     0.3362797247968779
                 226000      2.673734676906075    0.02396695448207273      8.585021570977394      1.232350429734391
                 227000      2.659416132321439    0.02394071441121485      8.694621209425573      1.243940561874695
                 228000      2.670186164090404    0.02391508439023407      8.823395293967046      1.257571593568819
                 229000       2.15527092493149    0.02391138156086482     0.3028864199295687     -2.114387396168522
                 230000      1.977198824162711     0.0239053858309751     0.4997201637528584     -1.613947789824788
                 231000      1.950057195054975    0.02389925120423272     0.5125016624474558     -1.588948758317195
                 232000      2.482061064401229    0.02387209535595136      2.917510339034692     0.1490962852314187
                 233000      2.430098751563942    0.02385256907706645      1.880951218318557    -0.2906750164985958
                 234000      2.413137579102596    0.02383492050605045      1.670127526253057    -0.4102928222091756
                 235000      2.361297857201038    0.02382515390148567     0.8555593389091145     -1.079602479423878
                 236000      2.499219605063224    0.02379615095997031       3.33087322805454     0.2784137812684516
                 237000      2.666317438796681    0.02377170744211365      8.890559069961231      1.259141483437975
                 238000      2.682131105009999    0.02374545418450289      8.637319805833869       1.22913887421443
                 239000      2.356432030632842    0.02373610369824113     0.8468579230119171     -1.093569650252646
                 240000      2.680196982990695    0.02371080021034597      8.810433340546624      1.247522713282499
                 241000      2.261045084732125    0.02370714853791501     0.3197424759072702     -2.068807303462208
                 242000      2.514211740797322    0.02367797143741942      3.615239428956392     0.3553586639686128
                 243000      1.858279793723949     0.0236745425366533     0.3020622812329319      -2.12706629959156
                 244000      2.690266397155526    0.02364692595994246      8.360020204511013      1.192349407616749
                 245000      2.565616197631013    0.02361942492497226      3.364448035348153     0.2809888198398292
                 246000      2.726704190388188     0.0235868018535815       4.99685440106142     0.6751513445496778
                 247000      2.686346471215234    0.02356132117014486      8.707654610146987      1.229464350895087
                 248000      2.734767175317974    0.02353092024163669      4.283092109624018     0.5186459533122211
                 249000      2.705940803405135    0.02350000498534344      7.261697705985386      1.045269716369409
                 250000      2.678762328054085    0.02347644657011181      9.040666779091696      1.263386013136812
                 251000      2.423116232721411    0.02345987120702809      1.805114880157848    -0.3484289736319739
                 252000      2.704344679676926    0.02343003484332867      7.528227604477031       1.07833381363565
                 253000      2.463641070872844    0.02340837249695328      2.597532189214849    0.01331103145931239
                 254000       2.37173145527279    0.02339839928428781      1.027213128080115    -0.9148275145289377
                 255000      2.516994463474207     0.0233718471728674      3.592071836488658      0.335916772812776
                 256000      2.254944502997456     0.0233684396474845     0.3324536695046825     -2.044212951661411
                 257000      2.580324748199553    0.02334179717416423        3.6611248025129     0.3536714847121108
                 258000      2.694546799418485    0.02331563176547916      8.354401310007022      1.177567967612554
                 259000      2.705015077302959    0.02328692619295745      7.591238426504053      1.080542276916176
                 260000      2.772551691508788    0.02327539918370359      1.259079821614359     -0.716566434598007
                 261000      2.543102598303578    0.02325023972276189      3.478677523255667     0.2986230799212701
                 262000      2.312689960705915    0.02324488627165415     0.5529115161413253     -1.540816696925446
                 263000      2.474476653335868    0.02322294282016043       2.84276864191991    0.09557459366588617
                 264000      2.361122614542752    0.02321416157547164     0.9453186293833105     -1.005815291408228
                 265000      2.540361277929186    0.02318887809633601      3.597854887494682     0.3296660123849792
                 266000      2.721894483585753     0.0231590042160892      5.937670150351372     0.8293559195587173
                 267000      2.491948985789366    0.02313544089502325      3.276437553847671     0.2337778379625144
                 268000      2.556375409253643    0.02311113045334577      3.482743947363649     0.2937902507789633
                 269000      2.571507668674676    0.02308652484860105      3.593176118608787     0.3239410692863123
                 270000      2.772237326278193    0.02307483411406704      1.352820430283125    -0.6534103501404079
                 271000      2.752797601173331      0.023054324430689      2.740686961555194    0.05171740537177288
                 272000      2.626553944611115    0.02302590169070516      6.723487383306979     0.9478821563027656
                 273000       2.68796334163957     0.0230031416703373      8.737940966366876      1.208960813281549
                 274000      2.719845336704313    0.02297471375803581      6.272955855711205     0.8762973189975191
                 275000       2.55550595044605    0.02295102705409411       3.60158905550978     0.3203932774756134
                 276000      2.616703237370924    0.02292293716156625      6.025144398524531     0.8337349154741402
                 277000      2.326815821652353    0.02291704992733101     0.6728281299587139     -1.358728751295621
                 278000      2.688774236741363    0.02289482382720493      8.773891135266666      1.208346684057759
                 279000      2.489858834127447    0.02287307919921928      3.252365743193018     0.2149987284989494
                 280000      2.565438807753985    0.02284988898113533      3.653050622116816     0.3301643019130224
                 281000      2.690273584893293     0.0228278792027617      8.765411474635462      1.204451461278815
                 282000      2.529078828232164     0.0228044136056064      3.829285524403414      0.375287772834838
                 283000      2.656519679886957    0.02278223296969136      8.690692907602331      1.193889086546783
                 284000      2.654948504638816    0.02276007526625249      8.701428543139723      1.194150566525681
                 285000      2.515080290592965    0.02273726391811372      3.789208008283057     0.3618176271041246
                 286000      2.522036147969111    0.02271410433564616      3.939398870604663     0.3996696464450052
                 287000      2.683587254957726    0.02269394387296292      9.149940793477985      1.241500945541579
                 288000      2.265640676899856    0.02269083450095124     0.3754237680472738     -1.952083328657722
                 289000      2.633579496064725    0.02266547428337196      7.308329686722709      1.015512998380749
                 290000      2.440258809631444    0.02265076963688076      2.096478546197651    -0.2338916768924028
                 291000      2.373786048990142    0.02264253053253131      1.070506539854111    -0.9063826043075248
                 292000      2.037614868461604    0.02263876807798514      0.464474345848211     -1.741529675743174
                 293000      2.421468625520097    0.02262587057068455      1.796917022870022    -0.3891781637432565
                 294000      2.723857938794009    0.02260014512203786      5.861213413477174     0.7919684146643858
                 295000      2.588119517025207    0.02257729304499499      4.144161180375304      0.444300505530736
                 296000       2.46433727901359    0.02255947795774899       2.78601477442412    0.04642290240839183
                 297000       2.68861842099447    0.02253929661235331      8.980718214168318      1.215995598129084
                 298000        2.3197199930807    0.02253424112002665     0.6542839776094487     -1.403522387502497
                 299000      2.715649087159267    0.02250936238410223      6.875961952227248     0.9476183204889587
                 300000        2.2203767046924    0.02250694013936972     0.3072622522660812     -2.160574504077035
                 301000      1.505781114210753    0.02250551103511346     0.1794544179736657     -2.698418390276557
                 302000      1.984170127469885      0.022501441901532     0.5262037915030179      -1.62283187551349
                 303000      2.633968653787568    0.02247759847671196      7.527356883045623      1.036718596414074
                 304000      2.770204314210555    0.02246644511039725      1.602350769801855    -0.5108499124677325
                 305000      1.701841957585704    0.02246448860464975     0.2501970446990426      -2.36791527682564
                 306000      2.072198216066107    0.02246125797596773     0.4191790570004806     -1.852009711533361
                 307000      2.548745549869892    0.02244009653396311      3.862223569357494      0.367747892152037
                 308000      2.740113324486398     0.0224179278617812      4.275131519640094     0.4683312942448059
                 309000      2.364354443002242    0.02241040275757931      1.042645815029976     -0.943057766902802
                 310000      2.416995665319838    0.02239831046738525      1.798886894223503     -0.398190950248107
                 311000      2.047819987255211    0.02239458886066827      0.493783781055795     -1.691182749042668
                 312000      2.652035494365335    0.02237452787934429      8.805899563703191      1.189000503181111
                 313000      2.286425881091716    0.02237090670925859     0.4849591670204857     -1.710273838464457
                 314000       2.38155257691592     0.0223620337445329      1.274031022684749    -0.7447940560162968
                 315000      2.506325642038869    0.02234166154748983      3.788865859705615     0.3441753329516278
                 316000      2.463366905754973     0.0223247232319985      2.857523253029242    0.06130542143746551
                 317000      2.478195681465093    0.02230627482368528      3.264843846138402     0.1937353938722648
                 318000      2.711213062552318    0.02228356795219363      7.492402064996188      1.023394430548242
                 319000      2.398990238809259    0.02227320237062548      1.565329236080708    -0.5428641174182319
                 320000      2.461398068797491    0.02225625096660127      2.939502727413059    0.08651877596145938
                 321000      2.739307579762962    0.02223479223629156      4.441220387587396     0.4982429184485293
                 322000      1.844972186101105    0.02223250450272909     0.3132513835110525     -2.153538445981593
                 323000      2.668335885843695    0.02221546309385652      9.459194727105436      1.253431275402898
                 324000      2.496716624921715    0.02219616097887042      3.709105555339891     0.3163655401700469
                 325000      2.502810877374881    0.02217637800142459      3.910461267019273     0.3683384443028087
                 326000      2.525551880780807    0.02215597021420292      4.193790800919031     0.4373674842534825
                 327000      2.475701097442367    0.02213775863255498      3.453149218361391     0.2422267554206509
                 328000      2.416061881027379    0.02212614880793257      1.881942766405722    -0.3652798195019801
                 329000      2.751858286535171    0.02210909296269702      3.152648931101677     0.1498874379187324
                 330000      2.621168764040532    0.02208667345532106      6.511941688875114     0.8742675275949412
                 331000      2.554707551981061    0.02206760470673814      3.856441901029036     0.3495110915894442
                 332000      2.317316043546246    0.02206295759233901     0.6893814619991936     -1.372405002325828
                 333000      2.337085332663038    0.02205727733645137     0.8556693867007532     -1.156573184781857
                 334000      2.554538869414528    0.02203811960398757      3.943283193093332     0.3704427750489048
                 335000      2.698958335026459     0.0220190678596103      8.549750833043504      1.143466376831858
                 336000      2.725449538085027    0.02199716717767794       6.07822619580705     0.8012820274961341
                 337000      2.675867295038284    0.02198110556022366      9.500568028551305      1.247190273249845
                 338000      2.462460571154975    0.02196489240205616      3.125360308478796     0.1346503918399674
                 339000      2.694710259749971     0.0219471531299539      8.968550620339149      1.188016953163547
                 340000       2.42715741628766    0.02193502699394277      2.141064853205344    -0.2449564967411083
                 341000      2.723197306779272    0.02191361330145727      6.449265011236186     0.8567296659867281
                 342000      2.696010271050542      0.021896034695393      8.976506560881381      1.186571776292707
                 343000      2.315721099723193    0.02189134965577665     0.7422539268910106     -1.306316871145635
                 344000      2.542093954558982    0.02187285369017417      4.082562228235994     0.3976265366122422
                 345000      2.573939285672338    0.02185499373558078      3.862102832503328     0.3412966898581174
                 346000      2.528947895534754    0.02183623455478416      4.279044995611585     0.4429560161246097
                 347000      2.543757034602053    0.02181767910172177      4.228329053714199     0.4301829391385242
                 348000      2.441191365660971    0.02180447162647027      2.510577613786972   -0.09171664129737658
                 349000      2.423950557743315    0.02179269261384235      2.173573414129684    -0.2363973020258779
                 350000      2.466812079780413    0.02177675205016829      3.311688935463324     0.1839567304861159
                 351000      2.650708313273846    0.02175880601698834      8.575764116704724      1.134614086619135
                 352000      2.475618872763082    0.02174232654209916      3.553872163485894     0.2529540897301559
                 353000      2.536997968851769    0.02172399305761415      4.353933776459843      0.455152511258664
                 354000      2.520234184750176    0.02170559266036509      4.434880149651521     0.4727259830452151
                 355000      2.659794038162622      0.021689395646174      9.154945434000174      1.196773116849986
                 356000       2.76045717424705    0.02167708498903534      2.408351545364001    -0.1391463435253588
                 357000        2.7255367765033    0.02165714066508282       6.18773601125633       0.80355993111508
                 358000      2.713142010424465    0.02163803646171607      7.605054472874012       1.00892123957646
                 359000      2.627294848857936    0.02161840061984454      6.854182307216939     0.9040592921309497
                 360000      2.445718457804238    0.02160496865047746      2.790669442731266    0.00486026681252861
                 361000      2.757533344583853    0.02159161402712172      2.781334079371334   0.000891134859122883
                 362000      2.285978848554477    0.02158843965174338     0.5407940069098978     -1.636903428323666
                 363000      2.634978911978063    0.02156959726896306      7.533888748374394     0.9963515696701575
                 364000      2.560857103182077     0.0215529003522755      4.009764633995684     0.3648983772158793
                 365000      2.396077135582221    0.02154438435905792      1.610405362923691    -0.5477434406985389
                 366000      2.747860384773339    0.02152829637314668      3.796169579813069     0.3090161710172903
                 367000      2.761403647251091    0.02151593053129758      2.578184388002242   -0.07846552089407824
                 368000        2.6778120670483    0.02150132204670452      9.487746382943969      1.223770973166756
                 369000      2.155775671312973    0.02149956135835931     0.3028209360470807     -2.220925647539481
                 370000      1.667162151760132    0.02149810414067732      0.249649007023188     -2.414079129999048
                 371000      1.804916153738353    0.02149629524678395     0.3115451780896931     -2.192674873314574
                 372000      1.838472259909043    0.02149433949938823     0.3376815685774366     -2.112206873209983
                 373000      1.922423319022459     0.0214916099054076     0.4768695364021322     -1.767194274303536
                 374000      1.986678502821654    0.02148862890483877     0.5230792471983297     -1.674842957262257
                 375000      1.818919747273271    0.02148656568916502     0.3573971645097414      -2.05582428400516
                 376000      1.982274440697623    0.02148345243069191     0.5480072424110548      -1.62852835385379
                 377000      1.913964968851383    0.02148069538637278     0.4830463949674442     -1.754832493547603
                 378000      1.953277584884721    0.02147767166464963     0.5322334026899678     -1.658003852949277
                 379000      1.714718636581789      0.021476086150642     0.2734334174596268     -2.324101651160311
                 380000      2.167777644731812    0.02147421525084639     0.3240843483771804     -2.154243100044812
                 381000      2.234152012389984    0.02147218959121178     0.3518240599708135     -2.072210029745655
                 382000      2.528751724919008    0.02145487731461364      4.559284112091071      0.488773056178661
                 383000      2.516712744837638    0.02143770041324458      4.528139798710118     0.4811177260808555
                 384000      2.324535553080294    0.02143315257135533      0.829959725130759     -1.215783756674684
                 385000        2.3522534431078    0.02142761553518967      1.028776720550762     -1.001293580058227
                 386000       2.52464913882286    0.02141029550072583      4.694010559952623     0.5158146893764971
                 387000      2.074075466957848    0.02140772054905358     0.4588557578398372     -1.809612303318766
                 388000      1.848226157922217    0.02140557279038646     0.3804988659046002     -1.996965345554224
                 389000      2.378148117907738    0.02139849417363678      1.363821333202822    -0.7207334449342729
                 390000       2.53966039882111    0.02138135821679185      4.662199142372315     0.5076621245856834
                 391000      2.756553389892824    0.02136762159039018      3.168243065824199      0.120709400587933
                 392000      2.591587286183316    0.02135100547461019      4.433351874760806     0.4559102000008495
                 393000      2.089418913462748    0.02134859811678795       0.43477210265488     -1.866291773801286
                 394000      2.512811961185303    0.02133173289390608      4.637292083965828     0.4999818023394362
                 395000      2.735240701711065    0.02131403446853921      5.391520130933142     0.6498485619146223
                 396000      2.493278281314067     0.0212982446747571      4.121620139188166     0.3805264211923991
                 397000      2.515089144733688    0.02128139070565939       4.79141016006699     0.5303132175958248
                 398000      2.658662896948534    0.02126703634611376      9.222210301511604       1.18442846020792
                 399000      2.718587612582873    0.02124951292035153      7.204011534005044     0.9366274398585013
                 400000      2.629479721927217    0.02123208908830936      7.233267022151678     0.9398599156960038
                 401000      2.665098336677107    0.02121858892296562      9.538598706293453      1.215879659787312
                 402000      2.561204512731911    0.02120308954455558      4.229127845499057     0.4017981307739436
                 403000      2.584641089888753    0.02118765770916545      4.228343027272264     0.4008844633864542
                 404000      2.476692905877075     0.0211732533466939      3.758594952484333     0.2824393930500688
                 405000      2.506782368011028    0.02115726667063909      4.635264889322674     0.4913322092536025
                 406000      2.767451386061038    0.02114665322949888       2.43717347019454    -0.1520239550205813
                 407000      2.672576282880057     0.0211339113159563      9.726021044618822      1.231339235242302
                 408000      2.703831676765545     0.0211185937419297      8.574345073220716      1.104583924044594
                 409000      2.694774775404312    0.02110465309889623      9.257745661004265      1.180609549845601
                 410000      2.309805759653258    0.02110088147228495     0.7630352173233808     -1.315480839050717
                 411000      2.560404119121057    0.02108579247427387      4.317621173340946     0.4169595052826272
                 412000      2.541357860057127    0.02107000436057773      4.812388998218994      0.524699506593429
                 413000      2.480277839681149    0.02105583016476621      3.903997216775154     0.3148338826396046
                 414000      2.673742630822369    0.02104334900642968      9.785514272707436      1.233143143008687
                 415000      2.676590110490676    0.02103102870629381      9.865965267360137      1.240745324797449
                 416000      2.506782200183729    0.02101569643844483      4.691783695008023      0.496737874670228
                 417000      2.688184032232234    0.02100293876035739      9.687972973533993      1.221203023242032
                 418000      2.485882585710971     0.0209886736491253      4.130570465723639     0.3680539046862207
                 419000      2.394710493916965     0.0209816418506628      1.591367922143366    -0.5861027296658661
                 420000      2.479064919655144    0.02096768837007961      4.009137639632135     0.3372142072519982
                 421000      2.485373189624221    0.02095335125252759      4.246433822654573     0.3940335658167782
                 422000      2.584737982980675    0.02093913904346045      4.207871509314973     0.3842324670825956
                 423000      2.586649266781945    0.02092477113997948      4.331031554874186     0.4123948649592588
                 424000      2.314912389366112    0.02092095773034737     0.8225754998692796     -1.248908150865144
                 425000      2.436842311171516    0.02091069474471825       2.59193608266378    -0.1016787051369463
                 426000      2.233425059342856    0.02090891772726775     0.3708431785724209     -2.046144813743442
                 427000      2.645755285207754    0.02089426413151127      8.500020557183349      1.085198697599309
                 428000      2.470991435713275    0.02088087796284093      3.896055146650593     0.3044537883016798
                 429000      2.449175049237501    0.02086921831523528      3.149648316125711    0.09122150414787863
                 430000       2.51769340885819    0.02085420824812057      4.999302324875315     0.5525095677723587
                 431000      2.522510658139133    0.02083914890825058      5.102644918037041     0.5722478311714194
                 432000      2.478799357256366    0.02082534234103076      4.240164220649185      0.386428064419757
                 433000      2.620039812025012     0.0208096493088182      6.411502770652793     0.7991659110453625
                 434000      2.619121926796655    0.02079402745612004      6.411045767705319     0.7983436456330094
                 435000      2.722677403768743    0.02077848215708203       6.75833262569936     0.8503495839578449
                 436000      2.618936171610581    0.02076299616467574      6.462918902655168     0.8049088678472417
                 437000      2.568170407574033    0.02074938110903432      4.317896519140783     0.4009402247471131
                 438000      2.522557182706229    0.02073472649483304      5.158135802248559     0.5780405764646632
                 439000      1.768847372073785     0.0207333375579412     0.3045456364037827       -2.2515359772007
                 440000      1.843342782023871    0.02073154342253957     0.3963725451396176     -1.988088924394665
                 441000      2.115660622272469    0.02072991928640852     0.3578680203090817     -2.090357548253617
                 442000      2.008486326698785    0.02072741183272187     0.5617374846580206      -1.63960814222808
                 443000      2.240104611460342    0.02072555818850883     0.4105222177228749     -1.953302156453524
                 444000      2.155028505048256    0.02072395129038468     0.3544476472455724     -2.100249088132994
                 445000      1.747023924351849     0.0207225821200364     0.3008449320224276     -2.264280855889569
                 446000       1.67864722511772    0.02072125965715346     0.2904324234568357     -2.299568703656397
                 447000      2.048616664815674     0.0207189080196732     0.5263593102710292     -1.705069048048857
                 448000      2.005951369805412    0.02071623337741961     0.6026522300627943     -1.569841929686978
                 449000      1.821126159809033    0.02071437927019493     0.4116904030526574     -1.951000113388045
                 450000       2.04021463161544    0.02071180074364445     0.5805557849961994     -1.607410324429689
                 451000      1.613504111467394    0.02071088719491367     0.1996884993937153     -2.674681678403904
                 452000      1.834901106774489    0.02070882879846171     0.4593349756225305      -1.84175998158561
                 453000      1.631042128932771    0.02070776431853331     0.2334487518102522     -2.518628548717551
                 454000      1.907508116136812    0.02070556346901252     0.4927792571055468     -1.771636091004255
                 455000      1.722130743961281    0.02070414502857933     0.3132585105520821     -2.224737156083083
                 456000      1.718913688219531    0.02070261824819651     0.3379486556985237     -2.148945685784684
                 457000      2.287898166412421    0.02069976835130988     0.6467973950408917     -1.499944231515544
                 458000      1.624338563734983    0.02069862540878568     0.2515190247952749     -2.444513916522445
                 459000      1.911112860175659    0.02069622256382963     0.5412056614423605     -1.678349285276467
                 460000      2.684303218925653    0.02068570260395029      10.18539680229185      1.256053212346577
                 461000      2.498708447955017    0.02067148007333449      5.004857469683174      0.544819348586469
                 462000      2.635064393756521     0.0206572905185913      8.127338572104408       1.02895725768595
                 463000      2.584929390571075     0.0206436831003988      4.605611475700408     0.4603402533191319
                 464000      2.705861291463643    0.02063057513962731      8.879855718598447      1.116214952238144
                 465000       2.67900921283644    0.02062039837115219       10.3213488769996      1.266150692476462
                 466000      2.692784893405845    0.02060928606890349      9.948470423645125      1.228816005133079
                 467000      2.783059674244496    0.02060355599742252      1.446189879022832    -0.6999484516802582
                 468000      2.636815993909117    0.02058984792356878      8.399239550374388      1.058594744887756
                 469000      2.502969543368874    0.02057589605922128      5.185556838448425     0.5756529642890299
                 470000      2.647341437730804    0.02056356203047752      9.296251948271829      1.158787416479786
                 471000      2.326772283143287    0.02055973250157682     0.9428903697028376     -1.129815392393421
                 472000      2.690036611373912    0.02054937329570967       10.2685138622526      1.257568188471415
                 473000      2.630579169193952    0.02053540965378819      7.983422227193022      1.005173304096757
                 474000      2.671263226512429    0.02052582979329378      10.61460639364957      1.289570534983031
                 475000      2.486365168463853     0.0205126540111514      4.768580109331709     0.4887459919146703
                 476000       2.58909305086101    0.02049951234548746      4.781522742276091     0.4908155967162503
                 477000       2.50806898063425    0.02048582099959051      5.355433749214936     0.6035001255987361
                 478000      2.246714607543772    0.02048395143135446     0.4566446288919699     -1.858552647570729
                 479000      2.770605813792541    0.02047603682877332      2.244513057727869    -0.2666006981186673
                 480000      2.509591396645138    0.02046240990553385      5.387685913053567     0.6083609406172271
                 481000      2.563315776398645    0.02044972821766719      4.569797674724153     0.4430939615255854
                 482000      2.445708768518758    0.02043962712977461      3.147200844432713    0.06964439772877265
                 483000      2.728320606881463    0.02042561957194096      6.416104449042724     0.7812565619594261
                 484000      2.418721187207724     0.0204179642467534      2.199029481364401    -0.2899133303449819
                 485000       2.50440000415405    0.02040459392373032      5.354343366302484     0.5993235813251804
                 486000      2.693844545463652    0.02039389119428625      9.964080010278817      1.219877469826455
                 487000      2.653886698873852     0.0203826646869633      9.694925192206096      1.191942779665526
                 488000      2.431301634685331    0.02037401083935664      2.628410914741087     -0.113705003384363
                 489000      2.305446037468291    0.02037085716770343     0.8227535346779586      -1.27533784795477
                 490000      2.331050485848566    0.02036714705954963     0.9809386049634299     -1.099666803289286
                 491000      2.677313895580961    0.02035771654167018      10.56146773269045      1.276327727486572
                 492000      2.409791599124548    0.02035067032057173      2.051258496216518    -0.3627772059063021
                 493000       2.54195025771393    0.02033779372006632      5.138357555327341     0.5548698391460611
                 494000      2.472014983311645    0.02032586315152485      4.385998853124024     0.3959669482997848
                 495000      1.792727712254832    0.02032435319690585     0.3871302055197596     -2.031518924491997
                 496000      2.241864775208804    0.02032252481636471     0.4719953310793945     -1.833400879683152
                 497000      2.113085417959344    0.02032100495749879     0.3900527911727065     -2.024162671202685
