#! FIELDS time e sigma_e height
#! SET action OPES_METAD_state
#! SET biasfactor       2.698418390276557
#! SET epsilon     0.01374333274381851
#! SET kernel_cutoff       2.928208142815685
#! SET compression_threshold                       1
#! SET zed      0.1372909406605314
#! SET sum_weights       685.2586455744637
#! SET sum_weights2       1573.006704953648
#! SET counter  498
                      0       2.67142103107903     0.0292654572150785      578.9990906929946
                      0      2.472631057084915    0.02844803963646441      141.1760334407603
                      0      2.524165489351648    0.02804067477850907      221.4454151440167
                      0      1.805258289336923    0.02923602803852063      2.503933577714288
                      0      2.366100111740999     0.0264462543542429      12.83342890354317
                      0      2.623986082666861    0.02763906803134534       237.814584876729
                      0      2.229686592545439    0.02740624388890461      3.222564717762714
                      0      2.415012049927453    0.02673724339790616      41.07595866628312
                      0      2.151754205451294    0.02724548437747085      2.132485007244527
                      0      2.319215098200028     0.0248732980425355      11.97912883338171
                      0      2.709528334497841    0.02613444352082829      269.5408411743251
                      0      2.274761431653676    0.02652750144612175      3.200666409642158
                      0       2.01859304998411    0.02794742643405313      5.095825892902855
                      0      1.721257048498972      0.023163178315122      1.305093025993351
                      0      1.921719776936344     0.0279802550143436      5.556970514879067
                      0      2.070514110317851    0.02908889707446759      4.197939659833232
                      0      1.982062733273658    0.02459825630904609      3.358973988520273
                      0      1.759894933651148    0.02494957845471715     0.9133194087101604
                      0      1.845506164847083    0.02427745188009188      2.727051302029617
                      0      1.686722028578981    0.02544524668072818     0.9313725843099534
                      0      2.751898737986248    0.02670422695020337      61.57359812407664
                      0      2.572516206515533    0.02552191616572834      99.03690503121943
                      0      1.662690156101113    0.02368520401791694     0.4272787608606441
                      0      1.505781114210753    0.02250551103511346     0.1794544179736657
                      0      1.953277584884721    0.02147767166464963     0.5322334026899678
                      0      2.114317611602416    0.02055796853462051     0.7479208114817882
                      0      1.623464290602685    0.02185189446300656     0.6846562759992424
