#! FIELDS time e sigma_e height logweight
#! SET action OPES_METAD_kernels
#! SET biasfactor       1.927441707340398
#! SET epsilon     0.01821196306674905
#! SET kernel_cutoff       2.830433390657354
#! SET compression_threshold                       1
                   1000      2.486829329923808    0.05785834540142751     0.1509064987297364     -1.927441707340398
                   2000      2.647267545555339    0.05551583589899564     0.1701723352477482     -1.848619869320091
                   3000      2.655976753069632    0.05141150937978051      1.202099492684969    0.02958710837171008
                   4000      2.447042200486297     0.0490320299074118     0.5273201230348977    -0.8418182768531186
                   5000      2.671954769511948    0.04694907786256811      1.442042598335092     0.1207795819736189
                   6000      2.611360439490011    0.04512995900129015      1.292523870951267   -0.02820146079061328
                   7000      2.684432742212079    0.04371380575544955      1.531970493893675     0.1098742224365922
                   8000      2.668814992270973    0.04259432143973384      1.805585287351091     0.2482611807758414
                   9000      2.677611929875805    0.04159944069756328       1.87565523781025     0.2627002187254807
                  10000        2.6680624099012    0.04072975260493025      1.996983092498209     0.3042518733412666
                  11000      2.481076832337826     0.0402436666786611     0.5545802633743724    -0.9889356539064573
                  12000       2.67915241249949    0.03951182492990636      2.024849014412405     0.2877505671929175
                  13000      2.509525846316932    0.03907159340662665       0.63746844559455    -0.8791993708886738
                  14000      2.731008697512993    0.03843974818559069       1.35858662438613    -0.1388076164028858
                  15000      2.667599135868658    0.03789053357655685      2.172771568444425     0.3163603180434421
                  16000      2.550302271728006    0.03752908645530067     0.7057314349120211     -0.817748808758156
                  17000      2.528131331167419    0.03711245013641386     0.9448596444627103    -0.5371109526097242
                  18000      2.449464504315643    0.03674656824570988     0.8459826224611779    -0.6575561824055676
                  19000      2.482644598070245    0.03633259219738989      1.162601086763257    -0.3509695560517095
                  20000      2.462503947050837    0.03593069586272771      1.264984053836742    -0.2776930776682207
                  21000      2.660754632087105     0.0355782537787984      2.331120182965622     0.3237389573498543
                  22000      2.654853713698146    0.03524056157552221      2.378881470945126     0.3344835814818276
                  23000      2.688734026515844      0.034913615051603      2.391158390025352     0.3303102375445646
                  24000       2.62256107923382    0.03457472338137108      1.940714191275723     0.1118343599191609
                  25000      2.362295874155567    0.03447065942363876     0.3278986727297624     -1.669286694441963
                  26000      2.487623865238281    0.03417529863587387      1.406601745354739    -0.2216647554961005
                  27000      2.007520736572925    0.03409747126695089     0.2560659193307371     -1.927441707340398
                  28000      2.555144092771503    0.03383866585439939       1.20553628800506    -0.3858159331450889
                  29000      1.870549990841021    0.03376427051747834     0.2585928910356703     -1.927441707340398
                  30000      1.854641117376808    0.03365003804970546     0.4228274114797533     -1.439121569263984
                  31000       2.34090705619753    0.03353280330444831     0.4443860392046294     -1.392882036021055
                  32000      2.403812163204589    0.03332883519148808     0.9356299746445148    -0.6544568251643258
                  33000      2.543834572142311    0.03307541135180934      1.588184133722536    -0.1329631060291833
                  34000      2.724940734492936    0.03283691674666275      2.208643361468303     0.1895872942740808
                  35000      2.731327614578791    0.03260674440689414       2.20366332259201     0.1802957105775702
                  36000      2.705353743075186    0.03243848911466617      2.921576631628156     0.4571245040789776
                  37000      2.692860225072534     0.0322907335183162      3.151454149315544     0.5282997198888257
                  38000      2.699502984508015    0.03213800962357873      3.183640080756023     0.5337200894719704
                  39000      2.629476270627492    0.03193528273670432      2.469228666779576     0.2732726994720393
                  40000      2.640627636296901    0.03175343490286288      2.814144478350467      0.398314643253467
                  41000        2.5262581912986    0.03157582217975905      1.530101975620494    -0.2166184714616833
                  42000      2.577853539564358    0.03140000732424648      1.614846910716169    -0.1682962759963112
                  43000      2.716688670455315    0.03123556956085719       2.86349521432335     0.3992559148393911
                  44000      2.575030559262163    0.03106722953075169      1.736819064372163    -0.1061356951756384
                  45000      2.661647351271066    0.03092640348506863      3.164585390272725     0.4892877872184143
                  46000      2.534748597974851    0.03076895305400771      1.735112549150596     -0.116766117238838
                  47000      2.631734452063117     0.0306155422410535      2.765518589006037      0.344391406346994
                  48000      2.359392499339982    0.03053711699586108     0.6619887640061649     -1.087908363798564
                  49000      2.573365628966198    0.03038731618445419      1.893628764699112   -0.04182430206390712
                  50000      2.623323234554015    0.03024253812942437      2.703169575566806       0.30932991980364
                  51000      2.724862922637761    0.03010038633768085      2.660520866856516     0.2887153628214008
                  52000      2.480190892748685     0.0299740317143533      1.555934354397096    -0.2519369287623395
                  53000      2.149117827349299    0.02994107215014622     0.2916128147663053     -1.927441707340398
                  54000      2.416810331922333    0.02983973119508553      1.124550043054939    -0.5811208012132898
                  55000      2.540692311341157    0.02970795006474263      1.989188346378887   -0.01520318389038088
                  56000      2.475947771371639    0.02958483034930214      1.746264214076025    -0.1496040491308682
                  57000      2.634159606988258     0.0294702610947185      3.077163163612357     0.4130452159488979
                  58000      2.513584907164992    0.02934773589924281      2.028388823940852  -0.007887365213280576
                  59000      2.550488343906862    0.02922665175963243      2.179054087661037    0.05962734015474378
                  60000      2.690226485983516    0.02912703048749962      3.326482994188162      0.479237651505823
                  61000      2.548884813002952    0.02901091424684259      2.276918838967116    0.09615069290292226
                  62000      2.536301864931423    0.02889726138401868      2.394900856231208     0.1427441004678421
                  63000      2.720667324602185    0.02879100604128115      2.918795239190862     0.3368894277373576
                  64000      2.711375239463957    0.02869301384058227      3.205753014162239     0.4272561233160598
                  65000      2.519915663558185    0.02858667126792626      2.378351503744762     0.1250036095987899
                  66000      2.639461850825608    0.02848944222886803      3.111033770220479     0.3901440812677504
                  67000      2.289119846915026    0.02845999844525377     0.3847421165681587     -1.701027020414009
                  68000       2.46214046239458    0.02836676510839491      1.771756453931179    -0.1771549435968395
                  69000      2.679088145459017    0.02828638103277043      3.593255900699155     0.5270946186149391
                  70000      2.658916779519426    0.02820551161637433      3.586653042327114     0.5223923114644073
                  71000        2.6726144912914     0.0281291861880726      3.733091577004936     0.5596998608459338
                  72000      2.002176401903021    0.02810143357817107      0.407768327158104     -1.655580061611823
                  73000      2.104920677265315    0.02807738817011979      0.350622447139277     -1.807425284893052
                  74000      1.623807346146321    0.02805595242650446     0.3112066984607804     -1.927441707340398
                  75000      2.067157518333038    0.02802867812601249     0.4055835849551462      -1.66354465595695
                  76000      1.551678685088091    0.02800717734569888     0.3150012885354253     -1.917062300696044
                  77000      2.023692669665401      0.027970056040202     0.5784187825285856     -1.310667186841227
                  78000       1.99063402249208    0.02792869538116427     0.6610831431008876      -1.17856555688841
                  79000      1.834492486021027    0.02789472383618558     0.5310826238441922     -1.398744670477255
                  80000      1.931429553767995    0.02786923714040927     0.3883462049264579     -1.712679149639245
                  81000      2.129929548414217     0.0278352477585567     0.5377267324237895     -1.388446219813653
                  82000      2.584605862334622    0.02774677311799749      2.725242090061776     0.2313322517314799
                  83000      2.690967081361973    0.02770160755769936      4.383562561470829     0.7050076478421278
                  84000      2.673641853745397    0.02766011650156903      4.544428879507667     0.7395490365801047
                  85000      2.526070567168536    0.02757515100439603      2.903517086092787      0.288493269503125
                  86000       2.51128354770504    0.02749155823142326      2.881708052693614     0.2779176141226662
                  87000      2.701394519783572    0.02743821694788409      4.329920066017842       0.68314133983095
                  88000      2.770603844262119    0.02737353076775074       1.48491087146137    -0.3894132948746961
                  89000      2.472694759603018    0.02729482118589828      2.330497023680695    0.05843398153686056
                  90000        2.4833693220409     0.0272158159828601      2.657136650162538       0.18670280775057
                  91000      2.604006966002554    0.02713876620366818      3.003627490066741     0.3064393522860677
                  92000      2.469803317464875    0.02706270926301669      2.565503805806809     0.1459670509482686
                  93000      2.695276190232426    0.02701764397123238      4.542271088502432     0.7155726975061946
                  94000      2.728339135977371    0.02694960285225453       3.64009200623959     0.4916329563274668
                  95000      2.647895879986828    0.02689466233012253      4.268062915026115     0.6487433527405841
                  96000      2.408963262756926    0.02684374524730222       1.29587763788791    -0.5451235418252885
                  97000      2.589042918874975    0.02677214711242207      2.846457546697379     0.2390927530981605
                  98000      1.875336399788231    0.02674410828339641     0.6370973261209582     -1.258863211048853
                  99000      2.602362025831742    0.02667501593743448       3.19868067753156     0.3521212689527387
                 100000      2.694534559626119    0.02663031255107033      4.609614018146617     0.7158497007581925
                 101000      1.946164799899415    0.02660635153326428     0.5621205888819334     -1.389233476632905
                 102000      1.916522008669653    0.02657891656233369     0.6588724148065599     -1.231451638617021
                 103000      2.126926972976207    0.02655159723444467      0.659549095117646     -1.231453523511673
                 104000      2.339705675680716    0.02652158448627227     0.7401349040990003     -1.117308458408942
                 105000      2.538256575458408    0.02645498974681754      2.966622786705427     0.2685244235256609
                 106000      1.981981755517277    0.02642422477731576     0.7832103999816337     -1.064417276632239
                 107000      2.623700815655847     0.0263631040429132      3.640543274642978     0.4697538180678208
                 108000      1.992439243419193    0.02632818974299962     0.9412977447703724    -0.8842001200158973
                 109000      2.572830507935618    0.02626440787371635        2.9246317946142      0.247038738197215
                 110000      2.033694171404336    0.02623430629627376     0.8083349805010263     -1.040055333898816
                 111000        2.2202877787369    0.02622054593081588     0.3392930138443516     -1.908692460254805
                 112000      2.667647836509942    0.02618253650465545      4.772636071762836     0.7336468685239491
                 113000      2.703529778100734    0.02613987074730124       4.63045831673938     0.7017730530247822
                 114000      2.589113875771899    0.02607918215160879       3.24748151505724     0.3446725926204065
                 115000      2.729057157355359      0.026022831036416       3.78190258605174     0.4948569199125589
                 116000      2.484884221432058    0.02596378168426522       2.76035622337639      0.177717730353762
                 117000      2.467680257185326    0.02590612205526216      2.623113957063683     0.1244968965987354
