#! FIELDS time e sigma_e height
#! SET action OPES_METAD_state
#! SET biasfactor       4.240371756148875
#! SET epsilon    0.003891431002318289
#! SET kernel_cutoff        3.33135957893421
#! SET compression_threshold                       1
#! SET zed      0.1549426577977722
#! SET sum_weights       94.73524031440202
#! SET sum_weights2       234.5851859532157
#! SET counter  84
                      0      2.684826700258263    0.04169366845206677      76.23962462671092
                      0      2.531744267042239    0.04175865350821759      29.63989016613016
                      0      2.221410802655563    0.03936309882203434     0.4849970956477186
                      0      2.330935437920467    0.03977578769791225      1.744053601781273
                      0      2.459859422795373     0.0392309295250817      13.21225803188148
                      0      2.157552978254904    0.03594745351116953     0.1541239648072755
                      0      1.935745949808826    0.03853766771060362       1.86992437171021
                      0       2.04512111705702    0.03604869070181668      0.306915185876704
                      0      1.890380417896115    0.03729467438072005     0.5699135428380444
                      0      1.760814398758886    0.03844431026057638    0.08943232856965078
                      0      1.677139134500174    0.03286315529596215    0.07830237820564749
                      0      1.578167554385936    0.03675662289813895    0.02475922670148331
                      0      2.083966557660594    0.03610431381322549     0.1330691146799373
                      0      1.811836756659467    0.03638446038799716     0.5100742017027546
                      0      1.716422139487841    0.03521879988623455    0.07820926665828347
                      0      2.413645675358434    0.03462863076448217       9.71699514543541
                      0      2.741177694379346    0.03303147036442768      4.719456699396713
                      0      2.623987363352349    0.03333144818466312      16.79410368200773
                      0      2.585930827506755    0.03228892569959073      6.516314300660268
