#! FIELDS time e sigma_e height logweight
#! SET action OPES_METAD_kernels
#! SET biasfactor       4.240371756148875
#! SET epsilon    0.003891431002318289
#! SET kernel_cutoff        3.33135957893421
#! SET compression_threshold                       1
                   1000      2.626058146648978    0.06284082615044533    0.01375115918422312     -4.240371756148875
                   2000      2.464037370102033    0.06108267191684099    0.07768160226484856     -2.537253167016211
                   3000      2.719340694515708    0.05798096899261476      0.178744541549384     -1.756027360997023
                   4000      2.597662257025196     0.0532436080057295     0.5133904285238611    -0.7861854563191412
                   5000      2.546984743730861    0.05031107379409311       1.42336029327211      0.176901125407211
                   6000      2.650016794922762    0.04770404386169178      0.968124692977119    -0.2617227758889992
                   7000      1.922724090270188     0.0476305650989373    0.01814243022034069     -4.240371756148875
                   8000      2.126858822605744    0.04755748556243859    0.01817030891022058     -4.240371756148875
                   9000      2.000043062513679    0.04740514683040565    0.03868258622127778     -3.487979505150832
                  10000      1.663272920384171    0.04733328789020769    0.01825637394273718     -4.240371756148875
                  11000      1.908759675652119    0.04691877062490492     0.1132008963364812      -2.42451793537294
                  12000       1.77666960535726    0.04679552807562056    0.03317504504686208      -3.65451425871291
                  13000      2.368145667580613    0.04638599118846527      0.118295632346899     -2.391915491440725
                  14000      2.033472116421243    0.04581455380156206     0.1793659545592938     -1.988069874270419
                  15000      1.934827533218016    0.04461589969303609     0.5038552015773959    -0.9817206220123257
                  16000      1.839752704640367    0.04376693614707947     0.3715055597370291     -1.305657361685271
                  17000      2.220460968921374    0.04367200825861179     0.0362601274739608     -3.634673766745607
                  18000      2.258561691888083    0.04328270690202429     0.1637193077454146     -2.136193241343149
                  19000      2.181500241366102    0.04267410569654195     0.2922153080353204      -1.57101664204758
                  20000      1.472052880599002    0.04262662345674308    0.02027217108903257     -4.240371756148875
                  21000      1.607215816737318    0.04246104787030247    0.07363537364610806     -2.954387175768908
                  22000      2.445071979267749    0.04141498479780628       1.04919424578549    -0.3226793106290218
                  23000      2.504387476805401    0.04269668673382492      3.125141341218187     0.7992562723016571
                  24000      2.692390941950236    0.04163427182887432       1.37184010641522   -0.04926791008758654
                  25000      2.665090362289078    0.04116441576317336      2.961689137374713     0.7089893859583647
                  26000        2.2985358113642     0.0408866188145821     0.3035988998563389     -1.575589578181036
                  27000      2.667207800545111    0.04125461014558712      4.623779527099195      1.156630755526661
                  28000      2.742586169333152    0.04037967634973894      2.132171894512995      0.361123164515199
                  29000      2.270219476663923    0.04005625151108288      0.546195131804044     -1.008838791054962
                  30000      2.463622682409587    0.03930419431872523      2.411796855172578     0.4573587293783984
                  31000      2.659859344593902    0.03916185202655435      5.077794750190047      1.198235611202818
                  32000      2.682179312335871    0.03902977061558394      5.945493247227866      1.352613636938501
                  33000       2.57389844207299    0.03848255459309369      2.015985093715627     0.2569684051177809
                  34000      2.677453202745709    0.03833656654490819      6.739718845356963      1.460077828281428
                  35000      2.556500775415764    0.03784514797978517      2.280211872053091     0.3634265836736113
                  36000       2.41568153144781    0.03756340758911969       1.13847450998816    -0.3386249709600842
                  37000      2.482724340030654    0.03709889658891288      2.537692155553007     0.4504977332373845
                  38000      2.396682564670126     0.0368355090205169      1.198795205810441    -0.3065652059512993
                  39000       2.74155682100693    0.03639604969647161      2.886235520765777     0.5600687467580161
                  40000      2.632241872244182    0.03600608000503499      5.055189206030049      1.109758532256293
                  41000      2.375449082435665    0.03581846508888617      1.011334398453703    -0.5046103717388882
                  42000      2.708165418669665     0.0354889987305216      5.582705956462449      1.194551788599741
                  43000      2.505169383351364    0.03515771372374019      2.661933116645535     0.4445520779888031
                  44000      2.606549172298975    0.03480673722672825      3.704481961461823      0.765009831794089
                  45000      2.634594421976531    0.03451770155621426      5.639635977259226      1.176947239204025
                  46000      2.514248639673903    0.03423243335490393      2.836976306416106     0.4815677803217616
                  47000       2.37829701991059    0.03409786754123638      1.043486548588646    -0.5225421585509581
                  48000       2.72700566801395    0.03380252281592178      4.188984893048926      0.858649312625905
                  49000      2.573437186073212    0.03353444795840731      3.300053981320549     0.6121674718539042
                  50000      2.745686256087704    0.03327503375700052       3.45180670954285     0.6493605944380839
                  51000      2.620966430571464    0.03303687675693973      5.379634914927857      1.085900365006486
                  52000      2.582045173830084    0.03279180437401286      4.192521039869187     0.8291362884569998
                  53000      2.313432677423894    0.03274500729942353     0.4446922057170341     -1.415966969312616
                  54000      2.473178887124314     0.0325449764216944      2.676171341477106     0.3726656294875886
                  55000      2.522710756168892    0.03233110726897195      3.357493430170422     0.5928799705426968
                  56000       2.44750346740075    0.03215579608160955      2.417324731202227     0.2589096003860837
                  57000      2.167832795051393    0.03214098382231415     0.1514412569699208     -2.511770063852142
                  58000      2.216179029708492    0.03211597666154343     0.2597950921987093     -1.972853006206615
                  59000       2.52357395427023    0.03191254261202221      3.676705210263014     0.6706715834629007
                  60000      2.273795356224186    0.03187161589323396      0.455726162950633     -1.418491902132259
                  61000      2.412344315684309    0.03174847206400405      1.625996698179204    -0.1503789815263105
                  62000      2.661019784168758    0.03159158584115142      6.224541460736293      1.187046030776526
                  63000        2.7505643852885    0.03142062507740117      3.033628419970062     0.4628793660915793
                  64000      2.458669090304016    0.03125536767675149      3.018760797802726     0.4526929801905513
                  65000      2.539629464397553     0.0310817436807528      3.781421240589224     0.6723759932269547
                  66000      2.337040894486327    0.03103468476017353     0.6399913726521864      -1.10553970291676
