#! FIELDS time e sigma_e height logweight
#! SET action OPES_METAD_kernels
#! SET biasfactor       3.469395073212715
#! SET epsilon    0.007640039155174105
#! SET kernel_cutoff       3.122291642622147
#! SET compression_threshold                       1
                   1000      2.536556346356471    0.06206017502565676    0.03010226110527593     -3.469395073212715
                   2000      2.241736637434301     0.0613590197611887    0.03044624246170084     -3.469395073212715
                   3000      2.719896985701532    0.06040535684994087    0.04450520180152753     -3.105415973870675
                   4000      2.425429679132726    0.05602852206946732      0.313687027474352     -1.227843196404691
                   5000      2.641575651045077    0.05242683223393716     0.4028439127167462     -1.044132141841363
                   6000       2.76246338058155    0.04952788932560937     0.4971307265190206    -0.8907108868366983
                   7000      1.970181115396292    0.04925634289585923    0.03792712741202092     -3.469395073212715
                   8000      1.841129258613711    0.04890783947721723    0.05058426266502443     -3.188521627672057
                   9000      1.611312894156441    0.04864837917866081    0.03840110656103612     -3.469395073212715
                  10000      1.663398915931721    0.04725683199298171     0.2702926149897061     -1.546997473896465
                  11000         2.098719796962     0.0468280471899599    0.07842321690215011     -2.793497501384405
                  12000      1.982800374239658    0.04532069022187236     0.4136571580468137     -1.163298665114419
                  13000      2.480583812705385     0.0442119677099584      1.194381880133203    -0.1277202506770649
                  14000      2.179521436546764    0.04352375963126102     0.2440546163559138     -1.731400816032311
                  15000      2.581001434561749    0.04242453287997377      1.130361722280492    -0.2240800719387718
                  16000      2.263714426805587    0.04177412979725201     0.3308546632481805     -1.468143402536688
                  17000      2.670525054817149    0.04109723555696247      1.458519232599787 -0.0009820075697477475
                  18000      2.673626946506247    0.04226654537998403      3.002805500916505     0.7491983401941276
                  19000      2.455637369258694    0.04126147506716227      1.746119958645378     0.1829808552134343
                  20000      2.686633325995077    0.04155507305459297      3.859834264148365     0.9832992926088759
                  21000      2.562985842561066    0.04070909190238797      1.443791708139688   -0.02062032283047735
                  22000      2.608240880912974    0.03995518357936172      2.786594385466259     0.6182340531090854
                  23000      2.038736243144954    0.03973610986019282     0.3350928275662682      -1.50543190799736
                  24000      2.730760992647105    0.03905358486049109      2.747861856127208     0.5814132140556383
                  25000       2.72069258126418    0.03859306863301576      3.684057299257514     0.8627428008478587
                  26000      2.376419048029893     0.0383556014625178     0.5222781705639563     -1.096998922706973
                  27000      2.564898459326362    0.03777021118191325      2.376469240934851     0.4027920397246169
                  28000      2.516397473281016    0.03725100926997957      2.038350653464359     0.2354754543699048
                  29000      2.375998348264094    0.03698895429255374     0.7609282056020774    -0.7569414945308612
                  30000      2.667478134403908    0.03666047958025827      4.000982254103082     0.8938946564438711
                  31000      1.875916230503769     0.0366191008334678      0.119373614331602     -2.619271665193307
                  32000      2.514271408608101    0.03617665416742308       2.34592863282151     0.3467507650383467
