#! FIELDS time e sigma_e height logweight
#! SET action OPES_METAD_kernels
#! SET biasfactor       4.240371756148875
#! SET epsilon    0.003891431002318289
#! SET kernel_cutoff        3.33135957893421
#! SET compression_threshold                       1
                   1000      2.666263087211493    0.06284082615044533    0.01375115918422312     -4.240371756148875
                   2000      2.471179298028396    0.06224328966119166    0.02429551601323882     -3.680757301161971
                   3000       2.70966085114354    0.05510534983174621     0.7092367047344362     -0.428663708637961
                   4000      2.466813939402434    0.05364303813213135     0.1445896309480067     -2.045848546459749
                   5000      1.879035676625888    0.05347705507464678    0.01615897140290634     -4.240371756148875
                   6000      2.022535871275728    0.05327448555935293    0.02008427473652199     -4.026705162138285
                   7000      1.369781758942412    0.05311249968312694    0.01626988390338155     -4.240371756148875
                   8000      2.071684242776699    0.05178557132040461     0.1570660271544237     -1.998322004614555
                   9000      1.931098248719522    0.05048240148506691     0.1770291633846353     -1.904160567215775
                  10000      2.521018266193195    0.04791741061369515     0.6338468912298495    -0.6808134956750157
                  11000      2.336933298656977    0.04773526664942239    0.03279304179744352     -3.646213021170657
                  12000      2.543138510277939    0.04783502638813078      2.173239754272193     0.5496326070501141
                  13000      2.654574203111007    0.04583015302144142      1.235512806128922     -0.057916213282626
                  14000      2.404352476175254    0.04515650010069228     0.3035745821762875     -1.476338284316063
                  15000      2.784471351707304    0.04412338950449227     0.5835540681623963    -0.8459727158612607
                  16000      2.622487938936441    0.04347956655683724      2.572942447925595     0.6229966965435514
                  17000      2.248112276758463    0.04342325954792894    0.03579848431933141     -3.653199054313733
                  18000      2.613822507472445    0.04371176287416904      4.126459131514946      1.100692363072202
                  19000      2.708385245486554    0.04248640701037951      2.157261573006942     0.4236792545957753
                  20000      2.539184563628827    0.04144909465160199      2.724022035515224     0.6322309548317639
                  21000      2.705678501485829    0.04053884485820883      2.690342830861906     0.5975847164285696
                  22000      2.173079954562065      0.040497876447033    0.06132654426753032      -3.18463753034914
                  23000      2.352510536822006    0.04036286209293891     0.2106999939444188     -1.953754442066669
                  24000      2.348969392215485    0.04014640261084235      0.355915330568239     -1.434874136477151
                  25000      2.533134982050782    0.03943832876287888      3.287400509541138     0.7704907262366597
                  26000      2.100799104956356     0.0393475343867916     0.1706871049676311     -2.189834441964324
                  27000      1.807497775575634    0.03932547814517072    0.04065913764330065     -3.625003634518841
                  28000       1.57094249370385    0.03931353332070508    0.02198057845916777     -4.240371756148875
                  29000      1.656416926874034    0.03929980166604922    0.02532281656731096      -4.09917453908243
                  30000      1.712993791185383    0.03927803796405953    0.04033766253750622     -3.634148722154776
                  31000      2.123388179063387    0.03911313551357566     0.3278322634969467     -1.543139398190421
                  32000      1.833523086328674    0.03904962526990898     0.1226778612137448     -2.527704655894139
                  33000      2.447167890402871    0.03859892926278514      1.130355379628028    -0.3185879469151137
                  34000      2.625308721565913    0.03835830318400801      4.883625899359267      1.138514408953207
                  35000       2.23351140444477     0.0383100396820118     0.1162810927980522     -2.600377373044226
                  36000      2.462774437796906    0.03778726244240356      1.954130671489797     0.2075729364202199
                  37000      2.628425698476369    0.03761904461483893      5.618842578319922      1.259291561434286
                  38000      2.759356179074041    0.03725379835400568      1.428870175397462    -0.1197066085061539
                  39000      2.277577721510904    0.03719214301336692     0.1989179327696266     -2.093109970028647
                  40000      2.735292286509273    0.03671564799355195      2.671108641102592     0.4913520854305266
                  41000        2.3606884133076    0.03656336535304822     0.5754450155608202     -1.047909367150645
                  42000      2.689017284726785    0.03619410361525278      4.660962446301887      1.033773620139721
                  43000      2.521768156849261    0.03577542856034153      3.430617444967511     0.7156570005608676
                  44000      2.462367519194722    0.03542202995239486      2.328615524223807     0.3182632747606599
                  45000      2.505895975179407    0.03505941310814516      3.897851283631272     0.8231250258789128
                  46000      2.647545527575942    0.03481401509875438      5.489634005910172      1.158537063915156
                  47000      2.713127021814715    0.03448928100293938       4.28074819778972     0.9004318248558321
                  48000      2.678941713061548    0.03425680818395936      5.747402867478658      1.188288839378069
                  49000      2.450210793201022    0.03400065091581093      2.318302640352619     0.2728704041691194
                  50000      2.566756039223638    0.03371023928086251       3.90925516378753     0.7868039258704657
                  51000      2.720439361729875    0.03344486347944713      4.709752410593286     0.9651889942914877
                  52000      2.683060238828541    0.03325936878886977      6.249729956188334      1.242530189081893
                  53000      2.670229630635077     0.0330878228994008      6.620128943624233      1.294935611885895
                  54000      2.668303024741982     0.0329298042320269      7.021502178668207      1.349010769886476
                  55000       2.50528725721471     0.0327052048930276       3.30382080772921     0.5882692932945177
                  56000      2.657652795875332    0.03253874160179566      6.961378797980046      1.328464424357525
                  57000      2.525611205739885    0.03232346664647506      3.690907977188827     0.6873214178425744
                  58000      2.499814594344697    0.03211780152557614      3.623889290058478     0.6626137174726467
                  59000      2.528743795952209    0.03191098206113763      4.343452140051946     0.8372751094678629
                  60000      2.215071678092966    0.03190062465435496     0.1195136480953395     -2.756043675110995
                  61000      2.381844004784118    0.03185526702813985     0.5518873150889435     -1.227553216951633
