#! FIELDS time e sigma_e height logweight
#! SET action OPES_METAD_kernels
#! SET biasfactor       2.698418390276557
#! SET epsilon     0.01374333274381851
#! SET kernel_cutoff       2.928208142815685
#! SET compression_threshold                       1
                   1000      2.643797567173745    0.06053155025577301    0.06672079877255445     -2.698418390276557
                   2000      2.551039429480848    0.05476378624706728     0.5276292097715356    -0.7306769178157433
                   3000      2.640706521993032    0.05069089067378198     0.8184676044623366    -0.3689198010046773
                   4000      2.442604940300313    0.04913188681780174     0.2728188742354555     -1.498783480509006
                   5000      2.672222627302692    0.04715824476832896      1.369199483686102    0.07339054468369652
                   6000      2.014698054290571    0.04682526435071888    0.08625073323145466     -2.698418390276557
                   7000      1.904996824596033    0.04643516242594983     0.1058997245384178     -2.501550206605745
                   8000      2.513631732458818    0.04471407084002837       1.09906068679272    -0.1996004323348903
                   9000      2.742823334188292    0.04331962901788235      1.015460183898844    -0.3103968109885408
                  10000      2.308004777003933    0.04309022257221549     0.1037954594430782     -2.596381497850787
                  11000      2.582016977783751    0.04239344601016302      1.930003668011461     0.3101711162748861
                  12000      2.468245908299502    0.04135513134239889      1.261680315454476    -0.1397036368849571
                  13000      2.542302627634206    0.04076170586143161      2.211279331233843     0.4069697275694551
                  14000      2.603586519429176    0.04009809315573789      2.242809764689185     0.4047136577856954
                  15000      2.518086126882008    0.03945761657992429      2.327143220582385     0.4255239653666903
                  16000      2.286205133200572    0.03928906903699432     0.2129986826787379     -1.969867521486429
                  17000       2.70205060788276    0.03864739023990353      1.328868216121311    -0.1555376977339283
                  18000      2.642856917765371    0.03806311348144689       2.12469502710703     0.2985293762786529
                  19000      2.358358331469656    0.03790542665025767     0.2583752819884653     -1.812592446587954
                  20000      2.665463279076759    0.03743832514267623      2.515879238564957     0.4509726942451751
                  21000      2.699080458589922    0.03696385218001058      2.397064697971583     0.3898408510850883
                  22000      2.585742888833665    0.03654116897633935      2.616084469788963     0.4657737026540062
                  23000      2.722848640737231    0.03610007841155165      2.142128762455077     0.2537505585893289
                  24000      2.667977896907374    0.03576488165604415       2.99329690112258     0.5789973128554434
                  25000      2.634508000530242    0.03543545581193223      3.042913459878611     0.5861837647128169
                  26000      2.678788867595137    0.03515230218679218      3.378487245875985     0.6827735988760171
                  27000      2.664144333461469     0.0349052578219677      3.696542632459115     0.7656908687082324
                  28000      2.524759862837792      0.034579686527244      1.954310731039947     0.1189594168736357
                  29000      2.722075267761764    0.03425919678314655      2.520879510698574     0.3642183384719808
                  30000      2.408656283099852    0.03415322414996379     0.4658195491195647     -1.327444522742439
                  31000      2.315794102544602    0.03407597336815927     0.3339630935316513     -1.662476810103333
                  32000      2.379197508892841    0.03396660593875473     0.4971466715042853     -1.267836881263271
                  33000       2.19246516159319    0.03393792558011379     0.1211084266623918     -2.680880471006453
                  34000      2.665268175130548    0.03378250319933705      4.212460708471133     0.8636454176810511
                  35000      2.672924694044167    0.03362888871735936      4.425000378233277     0.9083112825362359
                  36000      1.610313283822278    0.03360467577058643     0.1201830784375909     -2.698418390276557
