#! FIELDS time e sigma_e height logweight
#! SET action OPES_METAD_kernels
#! SET biasfactor       5.011348439085033
#! SET epsilon    0.001910020759284688
#! SET kernel_cutoff       3.538542402811424
#! SET compression_threshold                       1
                   1000      2.633230334268159    0.06321896844457647   0.006322704301097473     -5.011348439085033
                   2000      2.428558087286065    0.06284923451123217    0.01440203497520104     -4.193991571536757
                   3000      2.685259158128448     0.0560089360680775     0.5502794023259803    -0.6661624370901009
                   4000      2.430112019087924    0.05477166202870456     0.1032943358867319     -2.361344354330239
                   5000        2.6960384994966    0.05169091284966897      1.707408463164216      0.385914139249709
                   6000      2.555598961264466    0.05094510162718816     0.1436129120508542     -2.104229657578186
                   7000      1.889531614219971    0.05090325377297827   0.007852441918116747     -5.011348439085033
                   8000      1.614840811173365    0.05086152651998733   0.007858884131965466     -5.011348439085033
                   9000      1.859439714590324    0.05065556568110122    0.03979391933509237     -3.393336611338008
                  10000      2.020284520570904    0.05060118338462962    0.01049008511762567     -4.727694341592668
                  11000      1.969319013817219    0.05024772396281692     0.0714139579574803     -2.816641249722668
                  12000      2.150919327593048    0.05019382048382648    0.01079046349632496     -4.707545185567461
                  13000      1.724364453205326    0.05007818148535986    0.02346210840836579     -3.933127715598592
                  14000      2.292842856926628    0.04982706338815088    0.05250631776699612     -3.132608062478903
                  15000      2.575265745266941    0.04731714361342584       1.38360475647997    0.08722034769873063
                  16000       2.67168876105951    0.04895241522667459      4.504785205059123      1.301644356916597
                  17000      2.358294702595413    0.04865434262018371     0.1600263763468016     -2.042020120250242
                  18000      2.504204732583031     0.0473387290601196     0.9043757442665812    -0.3375261641922898
                  19000       2.44434732957849    0.04624185027090909     0.8482013370847834    -0.4250965697130109
                  20000      2.298374370823436     0.0459100787843318      0.241290391667012     -1.689414014080365
                  21000      2.462463495425604    0.04443685575333291      1.757607090241085     0.2636779235481422
                  22000      2.188449675529505    0.04436646256734944    0.06070668220381511     -3.103562227030468
                  23000      2.442916869465326     0.0430260223879381      2.566463095360543      0.609989265791513
                  24000       2.62701746333185    0.04193964239939841      3.247081338237644     0.8196434798149275
                  25000      2.395007153155978    0.04112383855371575      1.602310420798027    0.09369000527000954
                  26000      2.551423527672389    0.04037076203325732      1.686489530736957     0.1264104165048764
                  27000      1.923253814979175    0.04032125390670977    0.08149221548492373     -2.904713618885443
                  28000      2.713367658031339    0.03954247352418628      2.575599366680723     0.5291130818697449
                  29000      2.196949021405487    0.03949098692018262    0.09744527799214209     -2.746736405489234
                  30000      2.099470965924679    0.03947241478326481    0.03487087432929015     -3.774845838839428
                  31000      2.378620814850607    0.03887646336073863      1.695332844642468    0.09392354036406265
                  32000      1.907126616465522    0.03880887691694412     0.1418416128504565     -2.388739801608068
                  33000      2.058208428697591    0.03878468885731451    0.05013754222398657     -3.429304216276745
                  34000      1.732046039297621    0.03876585987575411    0.03904374489072368     -3.679877200624324
                  35000       1.98381880789897    0.03869275510297336     0.1559247556614885     -2.297073909950297
                  36000      1.641235139738205    0.03867883201772765    0.02912169817069521     -3.975323829171206
                  37000      1.530346384969492    0.03867267132633756    0.01286052034258869     -4.792804477810598
                  38000      2.671245971183925    0.03831122075238975      4.688262542008603      1.096460314788231
                  39000      2.406235796777279    0.03773156392035053      2.789271393062996     0.5619328334972007
                  40000      2.159563213271864    0.03768485991554577     0.1287685084881895     -2.514825136702617
                  41000      2.137769086303927     0.0376202560812736     0.1809941953484613     -2.176092249449551
                  42000      2.208185510000404     0.0375345238171032     0.2452174431854956     -1.874693356494725
                  43000       2.20392876896447    0.03739470466910401     0.4186700596616215     -1.343487570581136
                  44000      2.065328005212568    0.03735251452856751     0.1210884330110256     -2.585178478517088
                  45000      2.535596034264529    0.03691187459235711      1.901754752372949     0.1569657555666974
                  46000      2.558180520147131    0.03645072246478119      2.564641826092319     0.4434355466653858
                  47000      2.600786064406328    0.03601792688726729      3.275117158902912     0.6760258635374694
                  48000      2.494561959416742    0.03562644901251044      2.427239850849281     0.3654984974971042
                  49000      2.377770171086665    0.03526296739236093      2.356470452972951     0.3256536974567549
                  50000      2.514910910947573    0.03490337831148319      3.017840052827728     0.5627804232610145
                  51000      2.571624599946655    0.03457245464367793      3.564067563447918     0.7196151608399075
                  52000      2.714510953966746    0.03425253202083622      3.021009360602277     0.5450069282801938
                  53000      2.645145414386321    0.03397499713994705      4.117971621229877     0.8466410308195141
                  54000      2.245153146763835    0.03392293006361818     0.2962885522889342     -1.786674834127448
                  55000      1.883653865104428     0.0338975139892617     0.1417593330690606     -2.524627380959545
                  56000      2.743966093784844    0.03363792734671775      2.232838647547778     0.2245833703192463
                  57000      2.482272727671918    0.03337013627549637      2.774598732682937      0.433822950213296
                  58000      2.647936034113214     0.0331460789137693      4.483710597716019     0.9070308262984785
                  59000       2.51859167121807    0.03289622474944247      3.412656550869938     0.6265043748795803
                  60000      2.653492005689331    0.03270294387894084      4.871369013373185     0.9764955476735009
                  61000      2.488752162733035     0.0324720399235372      3.372482780469035     0.6016840500108777
                  62000      2.582343507295589    0.03225076663055339      3.586904254161596     0.6564867579654202
                  63000       2.40931599837169    0.03206037837578371      2.337883800316051     0.2225225483550839
                  64000      2.662598906210561    0.03189180958223148      5.017575605073048     0.9809515315443987
                  65000      2.690061361458187    0.03170895470815048      4.628659423744851      0.894521846542463
                  66000       2.02206652731276    0.03169787753022719     0.1036279376599061     -2.905043155441732
                  67000      2.665723398673222    0.03155912659316577      5.620610081435982      1.083958472314393
                  68000      2.669860058978911    0.03143197888907074      5.939385258143552       1.13508688451959
                  69000      2.715748361281881    0.03124953928515392      4.029121206178986     0.7412083601730786
                  70000      2.520769004374347    0.03107938485622951      3.127543758048242      0.482448125454251
                  71000      2.672232770641215    0.03095356727438783      5.953065585493068      1.122050000863671
                  72000      2.649242232030296    0.03082162664382712      5.872622702977786      1.104173376953574
                  73000       2.73016030621541    0.03066018759814576      3.703174179568681      0.637810768109737
                  74000       2.29174453384196    0.03064250244086075     0.2314889191272062     -2.135179820475528
                  75000      2.262593234336054    0.03062325784564516     0.2533092000017758     -2.045729183706706
                  76000      1.821163613858036    0.03061900150224834    0.05472975781980598     -3.578071480691527
                  77000      1.831903852037046    0.03061240202112731    0.08525275116138109     -3.135074232216915
                  78000      1.774700265464043    0.03060891249668152    0.04488396146361778      -3.77672809136683
                  79000       2.43508273471195    0.03047708347977596      2.447902365264596     0.2178619580434249
                  80000      2.035076753312745    0.03046737142472635     0.1294638013007894     -2.722042204147261
                  81000      2.082331527373498    0.03045703545228809     0.1381396516468181     -2.657517682482378
                  82000        2.0487498005863    0.03044294906303734     0.1898549831978884     -2.339984897313308
                  83000      1.934054723306798    0.03043070499639857     0.1648252134089169     -2.481762109996559
                  84000      1.969323963340992    0.03041698256031753     0.1855789513665038     -2.363618346583777
                  85000      1.764393427995534    0.03041288754211364    0.05454060676512131     -3.588287887824308
                  86000      1.622638110263752     0.0304107867894655    0.02789880149922103      -4.25871873624053
                  87000      2.114588974658458    0.03039797608791778      0.173488796532508     -2.431610787061379
                  88000      1.883284017627819    0.03038461193849254     0.1815280869920029     -2.386753156181654
                  89000      1.986606302152814    0.03036803335445585      0.227022738883172     -2.163659136679026
                  90000      2.078784225014568    0.03035125213849381      0.230483271740489     -2.149083781918107
                  91000       1.83784679488697    0.03034061220025081     0.1448398574310346     -2.613983988919732
                  92000      1.965723489227663    0.03032061785599798     0.2775114264021001     -1.964409794238791
                  93000      1.601102425075914    0.03031807950819651    0.03421013791574753     -4.057833592768069
                  94000      1.890464050290119    0.03029996096959385     0.2514550217410423     -2.063689283271801
                  95000      1.840948187447818    0.03028486031652532     0.2089522104739198     -2.249346345281888
                  96000      1.862467759601625    0.03026405467358925     0.2918014345258707      -1.91606559511621
                  97000      1.676084254423735    0.03026127113652553    0.03785531742905245     -3.958459669657676
                  98000      1.642935914399806    0.03025716858377424     0.0559502984768744     -3.567902937375202
                  99000      1.760705075311526    0.03025107724536762    0.08342722844735961     -3.168593309678537
                 100000      1.982523154363418     0.0302264994172902     0.3492087895009283     -1.737710843380548
                 101000       2.00914174333493    0.03020120626570869     0.3613387327531286     -1.704402138784412
                 102000      1.948990969652494      0.030172125843768     0.4204848458848613     -1.553772887902473
                 103000      2.034345185942873    0.03014515005877009     0.3901882777112465      -1.62944640538298
                 104000       2.16201177216888    0.03012300139495623     0.3185614994053891     -1.832995248202803
                 105000      1.497627675226512    0.03012172067516368    0.01774993657371155     -4.720471369971762
                 106000      1.650074304910962    0.03011628685396583    0.07590750023070121     -3.267518227504473
                 107000      1.705121504642829    0.03011087472182952    0.07566396330404983     -3.270911447342313
                 108000      1.485249462984135    0.03010910216489213    0.02463372569737853     -4.393155850323359
                 109000      1.678201297615911    0.03010178698302204     0.1027509171437345     -2.965207523695324
                 110000      1.875292273090554    0.03007431575750287     0.4023710079285924     -1.601053762508749
                 111000        1.9147384295159    0.03004121451488562     0.4931166285282769     -1.398783870115089
                 112000      1.948114511826883     0.0300022047390275     0.5924312160813726     -1.216594195673218
                 113000      2.567066463263794    0.02986353722760307      3.888727998974551     0.6603757948801466
                 114000      2.293739357344445    0.02984013578067753     0.3571259666658438     -1.728156948241252
                 115000      2.409924125774463    0.02971892358213631       2.72918508287399     0.3014424985292751
                 116000      2.438071246544209    0.02959425510398983      3.091043543944113     0.4217444463294918
                 117000      2.122273341859747    0.02957570500243526     0.2959486802276589     -1.924960532157636
                 118000      2.202070643555907    0.02955083106092441     0.4039513128216113     -1.614693615977345
                 119000      2.794176022780549    0.02952105677374466     0.4913965850141891     -1.419744532984277
                 120000      2.476577909372299    0.02939518429455398      3.825843534735105     0.6282652741227563
                 121000      2.448239847910505     0.0292724362863463      3.852048462710454     0.6309068449840464
                 122000      2.525343482413046    0.02915341817647684      4.349829749091922     0.7483643115233891
                 123000      2.553027077272762    0.02903759838679335      4.442138311295369     0.7653827862897377
                 124000      2.714240013044583    0.02894318074485128      5.781408428531893      1.025637386952379
                 125000      2.648201538390559    0.02891557085142926      7.792671822566305      1.323219453742968
                 126000      2.516885316430241    0.02880595053986573      4.805649410450205     0.8360296058944802
                 127000      2.250815304508304    0.02878762861335471     0.3711185844553383     -1.725632462201163
                 128000      2.525491720267028    0.02868374629768317      5.178297619308257        0.9064624263609
                 129000      1.848435709066199    0.02866555928686273     0.3810776360963825     -1.703400340242619
                 130000      2.494979105968961    0.02856493155441815      5.280737099088653     0.9219009238917871
                 131000      2.347178216320382    0.02851828111605855      1.110442611562255    -0.6390405529150812
                 132000      2.524506334157299    0.02842986169663609      5.982470666131328       1.04192913624001
                 133000       2.54711856108106     0.0283371153411753      5.651171773207111     0.9816907964650866
                 134000       2.45146758645907    0.02823953778983923      3.925934586328886     0.6139829171106742
                 135000      2.650959830187551    0.02819418252290623       7.75465668284193      1.293064626148535
                 136000      2.414605717501053    0.02810639968294073      3.209066033136601     0.4076326743081497
                 137000      2.559654738959996    0.02801493216334817      5.320330575026103     0.9099285369377091
                 138000       2.47390813486482    0.02792340919543077      5.007166501326056     0.8459910005762284
                 139000      2.518666871232442    0.02784865984703256      6.550103944602172       1.11192120152572
                 140000      2.374190245133189    0.02778736375853008       2.03781072996029   -0.05788712591359919
                 141000      2.562812180203649    0.02770251723760827      5.530205622343068     0.9374037197530342
                 142000      2.731781029389586      0.027619338786714       3.76601477405588     0.5501889990542722
                 143000      2.681649074633304    0.02756448162825346      7.511947921059019      1.238678293325792
                 144000      2.510251900934093    0.02749422317705351      6.701911817545814       1.12202418569033
                 145000      2.738986934231436    0.02741744737285845       3.52252826344473     0.4760140024032011
                 146000      2.306388569005384    0.02740364774606062     0.4228342025405679     -1.644443561210367
                 147000      2.692914372930023    0.02734319437355436       7.26589942688326      1.197315193172639
                 148000      2.701051172857356    0.02728011411093952      7.142341016763618       1.17785404980577
                 149000      1.992580483017502    0.02726734889689006      0.412313562449482     -1.674625732122165
                 150000      1.540315115686466    0.02726653827340167    0.02517222500831563     -4.470698390615995
                 151000       2.05517285215426    0.02725677994110555      0.312510323871853     -1.952160040842978
                 152000      2.015940770262389    0.02724350446892703     0.4314062791854646     -1.630234427405494
                 153000       1.79772677672114    0.02723917803359024     0.1364915053478853     -2.781181154551626
                 154000      1.965457144058681    0.02722230266847832     0.5577726917964322     -1.374111735816771
                 155000      1.700364359551488    0.02721930160469826    0.09459848857892247     -3.148532002778968
                 156000      2.220456422358357    0.02720778569288235     0.3742919048647175     -1.773560682873916
                 157000      1.588737465447144    0.02720633770466599    0.04551745329389136     -3.880554049913219
                 158000      2.503290918608764    0.02714516019334113      7.204194627348561      1.181517650027691
                 159000      2.633879782014165    0.02708268865024328      7.132132375892071      1.169160427019005
                 160000      2.679921835705807    0.02706088926746611      9.347964302248229      1.438903520695304
                 161000      2.565239498785307    0.02698647763425069      5.643472600120687     0.9314909352447873
                 162000       2.55593181702846    0.02691731707915129      6.484250524442223      1.067801515308109
                 163000      2.757071898881725    0.02686223708555927      2.619379854542568     0.1593145052998676
                 164000      2.682573021776746    0.02683531822550652      9.372103850029562      1.433111903401992
                 165000      2.676716657265729    0.02681676201913157      9.940535100432536      1.491303430519428
                 166000      2.639918678478308    0.02676686300684175      8.420473835956106      1.323486207010006
                 167000      2.562561620806837    0.02669734865053423      6.101266559399516     0.9987160790902939
                 168000       2.56185787206635     0.0266301585915562      6.480385105548063      1.056479731424828
                 169000      2.737293932756047    0.02656384658196856      4.589967707430517     0.7090795666576925
                 170000      2.694281825384476    0.02652809784281857      9.396179107815708       1.42416303375824
                 171000      2.642095158902872    0.02648433962780432      8.984225162015358      1.377679318324002
                 172000      2.585887717476651    0.02641835109246271       5.50074096464836     0.8845971275964332
                 173000      2.534040959315094    0.02635799418757629      7.277985071375056      1.162281099470237
                 174000      2.428261526568009    0.02630694920634185      3.134098116922238     0.3178300211314684
                 175000        2.5078911974344    0.02624645817495123      7.008113806987802      1.120255084127408
                 176000      2.649196739532481     0.0262145566637704      9.892404120472074       1.46373749419858
                 177000      2.569738162059386    0.02615330805705907      6.586307865744984      1.054624051769716
                 178000      2.639433421602234    0.02611166135047582      9.277682859442281      1.395649271110213
                 179000      2.693362699241654    0.02607534409560078      9.801942194289197      1.449226184088954
                 180000      2.534528166325702    0.02601909781990747      7.614231439568557      1.194505291777473
                 181000      2.720344845160084    0.02596030669313382      6.723579372027693      1.067844800986479
                 182000      2.655410962072614    0.02593807547849045      10.98884885738959      1.558248441024108
                 183000      2.514000201465928    0.02588184175973446      7.399527849825734      1.160613264343829
                 184000       2.54319168633885    0.02582802449134363      7.850054467287556      1.217636031067664
                 185000      2.500190760235629    0.02577185158964342      6.979271713170134      1.097882882691887
                 186000        2.3584580558387    0.02575177571560317      1.240053222253823    -0.6306866777924295
                 187000      2.377868863915488    0.02572369749692523      1.840441642299894    -0.2369263477755308
                 188000      2.361205971731192    0.02569999995222763      1.515034228457648    -0.4324155404323081
                 189000      2.407225737739604    0.02566313509697123      2.642565625327466     0.1224612408869964
                 190000      2.757310318450997    0.02562655228521205      2.642681913111195     0.1210787280693445
                 191000      1.650662024050572    0.02562522055063149    0.07657660386756761     -3.420231199374546
                 192000      1.691010472400364    0.02562361250203744    0.09260919641941223     -3.230197101368113
                 193000      1.511225331432241    0.02562310278871117    0.02921035633782366     -4.384082128502721
                 194000      2.627206776138703    0.02557230300162164      7.849304891169131      1.207590268550808
                 195000      2.630871608108645    0.02552666659244015      8.742682400809738      1.313596145678875
                 196000      2.610467873010849    0.02547390770906842      6.799714086785399      1.060190704229831
                 197000      2.717430829962792    0.02542152071126685      6.363473415792832     0.9918258880005711
                 198000      2.598557501821058    0.02537013749066824      5.829038573878629     0.9020803074160699
                 199000      2.469425734408575    0.02532491624598895      4.196842673421328      0.571776678904212
                 200000      2.283877095786873    0.02532075400706762     0.2657215115637342     -2.188026653922309
                 201000      2.416466963187734    0.02528706774948804      2.679535632834319     0.1215920548588933
                 202000      2.390686652046287    0.02525704673745983      2.320973285419052   -0.02325274944300916
                 203000      2.672815820187978    0.02522810132221186       10.5217109268277      1.487054772547253
                 204000      2.442264909885174    0.02519052903984559      3.267284701841489     0.3160828034553422
                 205000      2.270048563235895    0.02518633074787408      0.279271450585061     -2.143614174509519
                 206000      2.538769939039694     0.0251382100063034      7.268058420092249      1.113533625871944
                 207000       2.53984737765045    0.02509114044421214      7.521501485002405      1.145936034846891
                 208000      2.245043376264074    0.02508681950874672     0.2967223051598966     -2.086960550206879
                 209000      2.475760814040699    0.02504221943490032      4.781452609387116     0.6909630091753892
                 210000      2.251631637343225    0.02503756452509113     0.3240402749024965     -2.000854749755994
                 211000      2.583571659233649    0.02499059735704894      5.958548723995936     0.9089820349229835
                 212000      2.624183401326488    0.02494560381907942      7.729290843186084      1.167370162349616
                 213000      2.697227316816357     0.0249035364569661      8.465256258485935      1.256635545384341
                 214000      2.709085749448341    0.02485867029384461      7.453666057850662      1.127568034309999
                 215000      2.412576982513152    0.02482873771208057      2.727168393598069     0.1209210512472254
                 216000       2.77421068908378    0.02481280403294455      1.279407556917474    -0.6365876260058966
                 217000      2.545314473533294    0.02476885151723675      7.435412826580696      1.121496417456986
                 218000      2.446357564352287      0.024734182563332      3.490336915479562      0.363839903079963
                 219000      2.238746972765102     0.0247299244255381     0.3236379996507069     -2.014460209523248
                 220000      2.644117476664566    0.02469466743796983      9.492102624745575      1.362702915128403
                 221000      2.210355203803192    0.02469079334395465     0.2986969891330759      -2.09623976089734
                 222000      1.778444751110231    0.02468980662415167    0.07480669224626052     -3.480802020519191
                 223000      1.801112019295612    0.02468829962566962     0.1146265519168861     -3.054090939603307
                 224000      2.138367267041523    0.02468594700152459     0.1799131579858445      -2.60339142795209
                 225000      2.160186250860722    0.02468286118731563     0.2371493991299608     -2.327300398864468
                 226000      1.788351729334065     0.0246814815670518     0.1049932518231698     -3.142150533147489
                 227000      1.789378127485667    0.02467989087172663     0.1212410190144004     -2.998330606815944
                 228000       1.87466676895579    0.02467657212730262       0.25570980401958     -2.252202321102953
                 229000      2.665258237127782    0.02464627302785298      10.25062922053471      1.437620222280292
                 230000      2.701548379088894    0.02460549168094769      8.179663102867968      1.210276059163047
                 231000      2.738205698113783    0.02456852535918137      4.242440118713978     0.5522602079726188
                 232000      2.304893927864144    0.02456468441843622     0.3089997071873575     -2.067449693179396
                 233000      2.580161756721953    0.02452305600561596      5.916446856712666     0.8830052498466272
                 234000      2.771868127996192    0.02450660882518443      1.472223974714608    -0.5086275676126595
                 235000      2.708317502443753    0.02446609847837493      7.750879642000741      1.150750200623912
                 236000      2.707743384793628    0.02442650360569456      8.014731409240913      1.182605468410591
                 237000      2.697429994019815    0.02439095531328169      9.147086477601466      1.313303228308166
                 238000      2.629613757838739    0.02435185839208005      7.987624549615417      1.176157017045738
                 239000      2.723448591058984    0.02431186792918731      6.566482064630385     0.9785982957428637
                 240000      2.716125165885443    0.02427282066374184      7.625012356525632      1.126446613962379
                 241000      2.691556087005529    0.02424107685381879      9.814846960788488      1.377600257881435
                 242000       2.67111622674922    0.02421269912604506      10.45731182739335      1.439834120716875
                 243000      2.533150433066837    0.02417403120398244      6.770868550414078      1.003563776722157
                 244000      2.400489380068699    0.02415282693842852      2.283859088938161   -0.08407653645249087
                 245000      2.420946391612279    0.02412851802361913      2.739932451154204    0.09698316641743557
                 246000      1.516181074201664    0.02412819753751818    0.02907040764232829     -4.448997925090254
                 247000      1.751513004113133    0.02412728150282031    0.08343141855116183      -3.39473166872554
                 248000      1.943663598976817    0.02412396759051941     0.3069731434183734     -2.092133726031621
                 249000      1.632966475993191    0.02412330940220958    0.05989024053706568     -3.726407710444373
                 250000       1.72296263134044    0.02412252281309616    0.07164503055439052     -3.547230085935974
                 251000      1.921444062383703    0.02411929419434344     0.2991660027281781     -2.118089119632272
                 252000      1.465801467750453    0.02411903509871972    0.02353309242216533     -4.660690855584241
                 253000      1.739664106931241    0.02411803968527516    0.09086824042316922     -3.309729196212992
                 254000      1.975858491735394    0.02411410660243621     0.3666177600701085     -1.914983056154115
                 255000      1.743460794677238    0.02411297717072157     0.1032940670392661     -3.181769733617422
                 256000       2.03843242089536    0.02411025399216236     0.2518907506681276     -2.290467149928244
                 257000      2.066013755711971    0.02410791506017753     0.2158752182099806      -2.44485908161136
                 258000      1.784823981852043    0.02410645511302827     0.1339841073991775     -2.921898998140092
                 259000      2.288365989890471    0.02410325937270539     0.2969748264047091      -2.12610539054121
                 260000      2.264638556320372    0.02409957192396243     0.3441011551369591     -1.978970093578359
                 261000      2.616098790756835    0.02406199106830012      7.096603274035628       1.04590515665795
                 262000      2.657923247896051    0.02403677964606706      10.86542653412301      1.470826450886776
                 263000      2.704647331405616    0.02400525771185697      9.663718244229733      1.352306801036578
                 264000       2.46053635323622    0.02397646963656824      3.729506871704205     0.3990043743168633
                 265000      2.382681321490194    0.02395794986063935      2.076406652942258    -0.1874055286763318
                 266000      2.304209622702825    0.02395450494182295     0.3375856310467963     -2.004124237504984
                 267000      2.764042295134138    0.02393543838447044      2.163770761965732    -0.1471320010961358
                 268000       2.69711725904723     0.0239083256904062      10.49101815269873       1.43040166836031
                 269000      1.636230567813721    0.02390761951886181    0.06908532821433809     -3.592560243380414
                 270000      1.568019877115994    0.02390730307615717    0.03087606161760979     -4.397934682170091
                 271000      1.580217814628988    0.02390689905933242    0.03944778573349908     -4.152954843063481
                 272000      1.694181929586104     0.0239060467486214    0.08349230949466648     -3.403213886477131
                 273000      2.369193683163714    0.02389073329539077      1.700165035552721    -0.3901285806098547
                 274000      1.555388543202316    0.02389036912098068    0.03566690187599213     -4.254401288702555
                 275000      1.984695400523377    0.02388668131875707     0.3702044835275624     -1.914723293433767
                 276000      1.743504673067238    0.02388551648792343     0.1148318576011918     -3.085358620026355
                 277000      2.140836396394563    0.02388352555848733     0.1975080594051521     -2.543131536501173
                 278000      1.581823853115353    0.02388304831622838    0.04684298151532329     -3.982129719501556
                 279000      2.538554942303867    0.02384741997713274      7.137576094147594       1.04270470830311
                 280000      2.446335258399687    0.02382138307625962      3.413325317515056     0.3039260462305541
                 281000      2.667688195652339    0.02379878925895509      11.25051834773635      1.495704348632191
                 282000      2.594008516256928    0.02376502967034711       5.79487319875651     0.8308441917382481
                 283000      2.314163629687966     0.0237611615133548     0.4052273660325111     -1.829599155469441
                 284000      2.046332823478596    0.02375867457463797      0.257917008799264     -2.281514270307863
