#! FIELDS time e sigma_e height
#! SET action OPES_METAD_state
#! SET biasfactor       5.011348439085033
#! SET epsilon    0.001910020759284688
#! SET kernel_cutoff       3.538542402811424
#! SET compression_threshold                       1
#! SET zed      0.1313403699170241
#! SET sum_weights       382.2223003377734
#! SET sum_weights2       1071.303203291041
#! SET counter  285
                      0      2.662060670222888    0.03572643714539064      282.3901898231427
                      0      2.453370056741725    0.03255216699860516      49.62691055939344
                      0      2.558494611780044    0.03164161116808693      125.5476723699117
                      0      1.900508225940736    0.03933792867522294       2.53232524596172
                      0      1.637908288924107    0.03210641262689354     0.4364994930441762
                      0      2.053308214895006    0.03356505573977768      2.332910221828385
                      0      2.191242703423984     0.0411379655017802      2.775243735730804
                      0      1.779143103599457     0.0337719220389727       1.01493219627413
                      0      2.299561601791183    0.03039494060288809      2.919754840002734
                      0      2.400391068058397    0.03335263091494778       38.2282399066236
                      0      2.513761222765329    0.03235653000705128      111.9657743696571
                      0      1.990131769310427    0.03314473147408433      3.240755417459845
                      0      1.506897931970014    0.03209843513516856     0.1135249465938307
                      0      2.253258479979098    0.02909776501757753      2.488489522181168
                      0      2.710806127384894    0.02911718287602462      145.2692478569772
                      0      1.846802285126526    0.03184199986565528      1.166653647508395
                      0      2.128447583442069    0.02944241455430867     0.8468586941511635
                      0      1.691700784305078    0.02951521178651204      0.486970192369838
                      0      1.952734871435208    0.02957293714790976      1.877661897181039
                      0      2.794176022780549    0.02952105677374466     0.4913965850141891
                      0      2.360234996583783    0.02690078434634991      5.565695097826447
                      0      1.549151903583916    0.02640686033723764    0.06083912688430776
                      0      1.580748905696417    0.02583425102361821     0.1626842821603235
                      0      2.762910609514819    0.02621375466749658      10.17746406125158
                      0      2.613719697052761    0.02770846339199953      41.23714452625767
                      0      1.738709441539472    0.02526340958078387     0.3806391956180176
                      0      1.465801467750453    0.02411903509871972    0.02353309242216533
