#! FIELDS time e sigma_e height logweight
#! SET action OPES_METAD_kernels
#! SET biasfactor       5.011348439085033
#! SET epsilon    0.001910020759284688
#! SET kernel_cutoff       3.538542402811424
#! SET compression_threshold                       1
                   1000      2.509022353966556    0.06321896844457647   0.006322704301097473     -5.011348439085033
                   2000       2.73209613346921    0.06304936121411869   0.006521067676630854     -4.983143793645446
                   3000       2.35897950600476    0.06078205611172454     0.1024879821797668     -2.265059680855014
                   4000      2.577976442386732    0.05800755613269351     0.1592818214346538     -1.870851465876831
                   5000      2.467564384998763    0.05272682231367094     0.7197924362823402    -0.4580126653181675
                   6000       2.73643328553806    0.05202574903608408    0.07867254594737638     -2.685066821225988
                   7000      2.702491237641287    0.04956319271516587     0.4190051090687061     -1.060968251979091
                   8000       2.09162663837293    0.04950677889356088   0.008073941642514298     -5.011348439085033
                   9000       2.68350275609806    0.04800059494954899      1.612682874593856     0.2547680172493815
                  10000      2.699852604254552    0.04804868265438108      2.978362565592425     0.8692438315438483
                  11000      2.533931453029005    0.04691652774046099     0.5586965220318655    -0.8281233926466742
                  12000      2.354508875692458    0.04642451158744968     0.2383699867921288     -1.690448221547485
                  13000      2.502787977528997    0.04497103382008642      1.052850305281042    -0.2368249097787769
                  14000      1.812210049408541    0.04495492825843663   0.008891457715105021     -5.011348439085033
                  15000      1.664840810940791    0.04493873959626132    0.00895198903981646     -5.004923874526534
                  16000      1.976972521156817    0.04492006214078652    0.01035075399866171     -4.860155960799088
                  17000      1.693046620113436    0.04486839543937101    0.02889841404263082      -3.83457946587095
                  18000      1.904273255362185    0.04483320057692513    0.01971605349426477       -4.2177176898636
                  19000      1.600558232089497    0.04478180741939544    0.02899912468580252     -3.833032222363625
                  20000      2.064426285309287    0.04471917829689158     0.0356164124681559     -3.628890830919578
                  21000      2.209328188565717    0.04467189158045448    0.02696949667786455     -3.908048886399702
                  22000      1.942019588053917    0.04454171893586014    0.07607118421050807     -2.874004050771107
                  23000      1.809443660091752    0.04446119586165734     0.0471400973818026     -3.354359072251091
                  24000      2.648786577252552    0.04401182704769017      3.650620955521522     0.9850111100404906
                  25000      2.133331107819902    0.04394147993557288    0.05715481855747143     -3.173477393084126
                  26000      2.191790672017436    0.04381003075217486     0.1092933254184028     -2.528201710736924
                  27000      1.900347569020186    0.04362206193957913     0.1609605756103593     -2.145377348026431
                  28000      2.549789699881234    0.04241222504436352      2.047348519119922     0.3696376356480884
                  29000       2.48073336023715    0.04137114720130335      2.257815479243407     0.4426368918559871
                  30000      2.487503746622087    0.04061651589560245      3.436931201496892     0.8444091977707264
                  31000      2.670353420185581    0.04015382648553557       4.48452201811869      1.099005094765813
                  32000      2.681132066037003    0.03983773918491533      5.454002938822589      1.286819944778798
                  33000       2.41114790573375    0.03943618834339099      1.047711520747771    -0.3730524000513554
                  34000      2.387849534299708    0.03907902087429641     0.9640331417300972    -0.4653883953295103
                  35000      1.729624839315028    0.03905953652990544    0.04597847002573979     -3.508839537415801
                  36000      1.763551092324525      0.039025651211762    0.08066305177533886     -2.947600064119256
                  37000       2.04197762761831    0.03899886828923425    0.06380623286829902     -3.182716334280895
                  38000      1.607735962180372    0.03897810536969719    0.04948603622207239     -3.437409220241861
                  39000      2.096192226774365    0.03893010166188204     0.1161294543424543     -2.585626513615198
                  40000      1.999517992301168    0.03888139167240728     0.1185564221690384     -2.566195084503417
                  41000      2.726652966727289    0.03830138520065476      4.278036477679048      1.004635637859966
                  42000      2.562785448976236    0.03781520279972891      1.971028641548874     0.2169222095614652
                  43000      2.354657984392359    0.03758072342112762     0.8001918302462845    -0.6907571105098638
                  44000      2.459271434323241    0.03708138996135586      2.634279565553838     0.4873803981995538
                  45000      2.262076355040382    0.03704806189192573     0.1120851067608489     -2.670625336915289
                  46000      1.750653729667466    0.03701068018841248     0.1265563692562677     -2.550205500788334
                  47000      2.717673669260521    0.03661660175795985      4.841502581360633      1.083382298527163
                  48000      2.657152762950249    0.03641762308542494      6.371892324508928      1.352604739635757
                  49000      2.513407604917699    0.03599364979584115      3.224858930428764     0.6598871729029866
                  50000      2.544519132513077    0.03560100388356925      3.137080925195649     0.6213220000928884
                  51000      2.586449068685485    0.03523956861191024      2.966504789084225     0.5552094184422183
                  52000      2.250264961297276    0.03521432038051961     0.1329171156703061     -2.550921268831582
                  53000      2.662210389227814    0.03504384774854661      6.838627645326421      1.384842582848861
                  54000      2.120295170668566    0.03502125167359028      0.131544838286838     -2.566797004242317
                  55000      2.105653445300997    0.03498936277293017     0.1876408896425419     -2.212525772012396
                  56000      1.965878908067284    0.03496554931930103     0.1397798508725351     -2.507667878448375
                  57000       2.09249844066954    0.03492439515151119     0.2459195992577401     -1.943909604482196
                  58000      2.277818197134874    0.03488751008149268      0.220833771762237     -2.052560698841626
                  59000      2.770161450413523    0.03464460207314426      1.887045259206622    0.08580961779330433
                  60000       2.06204299878729    0.03460518841507427     0.2469079489485792      -1.94908062534431
                  61000      2.538927259961673    0.03428478076976285      3.766253103633836     0.7664376196720942
                  62000      2.675872495301048    0.03415474076291491      7.399384200888837      1.437953616565683
                  63000      2.569006921812164    0.03386233939319225      3.735312914504502     0.7457904963266575
                  64000      2.439304166704185    0.03365388423769725      2.088087967021895     0.1580327166805396
                  65000      2.597445175588019    0.03338280261431063      3.939461494810232     0.7847403508958143
                  66000      2.410160900204843    0.03322392276456356      1.608925082967205    -0.1155080748967127
                  67000       2.66041514359791    0.03305590412908821       7.01371206871227      1.351722730389573
                  68000      2.510411489408487    0.03281729816666916      3.726770481264944     0.7121532331781139
                  69000      2.318598782936546    0.03277704097565842     0.3954903763974139     -1.532245087000253
                  70000      2.517067438879323    0.03254307232014713      4.427628302100549       0.87608402054218
                  71000      2.674219773131769    0.03242003376334982      7.779082021417732      1.435870334643718
                  72000      2.682153533130983    0.03230894987052235      8.275228329066918      1.494266228918965
                  73000      2.595458402189697    0.03209785661063676       4.29044036257572     0.8308340697211624
                  74000      2.493791713336287    0.03189798872979391      4.054523027657805     0.7680314512754409
                  75000      2.662458163375186    0.03177833967726857      8.296588798279094       1.48028479542164
                  76000      2.731224225703073    0.03158590735821522      4.575164479471903     0.8790091390983515
                  77000      2.628700623327049    0.03139926675234051      5.677627731073539      1.088973471094911
                  78000       2.56686952796629    0.03123323111269935       3.68152413052507     0.6504648978843939
                  79000      2.263629873184534    0.03122270577012397     0.1556167114660943     -2.513558255882287
                  80000      2.533188114786457    0.03105904489283506      3.843673271926571     0.6879739952322292
                  81000      2.659108402778167    0.03090455436763145      6.879671153974302       1.26512985477438
                  82000       2.40333696984744    0.03084589850814959      1.028491721136965    -0.6372473895771202
                  83000       2.56146019130232    0.03069028068385614      4.121044396120017     0.7457080775845143
                  84000      1.963995918286469    0.03068398626556168     0.1042142156352168     -2.931910396260764
                  85000      2.326737796792876     0.0306622489967017     0.3701567440493866     -1.665141069158287
                  86000      2.074477290008659    0.03065116740335055     0.1857757871995067     -2.354888589930852
                  87000      1.843279331157718     0.0306479619696241    0.05310724383081667     -3.607220337079767
                  88000      1.806501466105532    0.03064384762879874    0.06830268364596835     -3.355718871023824
                  89000      2.470917902569937    0.03052373858888664      2.694922416606115     0.3155295490967406
                  90000       2.37778954498029    0.03047666364102098     0.8683797470852319    -0.8185094613448949
                  91000      2.730935087976156    0.03033662898417513      3.757073204542422     0.6416515487964577
                  92000      1.853612216144913    0.03033250033727157    0.07252495866252259     -3.305949325109452
                  93000      1.936257536006253    0.03032620567233387     0.1110751334961218     -2.879880778125312
                  94000      2.055520517458907    0.03031584307438884      0.184402334802879     -2.373309418934397
                  95000      2.021107649265433    0.03030771505022286     0.1442719331279087     -2.618997595736611
                  96000      1.764529305193866    0.03030263789723978    0.08973023397523344     -3.094057304309487
                  97000      2.022255961127409    0.03029274649837625     0.1764996643123611     -2.417872572381111
                  98000      1.513504444089578    0.03029187759599167    0.01527543081792448      -4.86497452198458
                  99000       1.80585478308462    0.03028598768190396      0.104498648098381      -2.94224055393202
                 100000      1.916434456421122    0.03027881958851698     0.1275877653508939     -2.742846913117379
                 101000      1.995484092944698    0.03026891153135471     0.1774485677470348     -2.413297869721837
                 102000      1.584879882004189    0.03026699513939593    0.03387453200247599     -4.069378528021407
                 103000       1.85460647256625    0.03026074711761959     0.1113445772650415     -2.879618750599979
                 104000       1.54153684846442    0.03025916764904273    0.02793634069942361     -4.262372264568066
                 105000      1.793544834869714    0.03025173643568113     0.1328767558609495     -2.703124204586072
                 106000      2.149526721405226    0.03024476165953494     0.1247512092625325     -2.766455411930701
                 107000      2.655150541640124      0.030128516415848      7.666420853444613      1.347977414426466
                 108000      2.371340408013356    0.03008097237576257     0.9695953705874681    -0.7213281755786665
                 109000       2.26469241746031    0.03007070004949739     0.1947259500163661     -2.326955378259875
                 110000      1.619004645045548    0.03006840407494064     0.0429342543324674     -3.838954942660446
                 111000      1.764171847584361     0.0300608990433745      0.141783351295671     -2.644574351588346
                 112000      2.227784823631154    0.03005340140092695     0.1418050824467354      -2.64467053943376
                 113000      2.088550203955196    0.03003965555063778     0.2634885044660736     -2.025571740015924
                 114000      1.833406467201023    0.03003089381324487     0.1666653881119614     -2.483885057244694
                 115000      0.939689978056571    0.03003018420652852    0.01331043595825069     -5.011348439085033
                 116000      2.119902836500834    0.03001701895015925     0.2529854865011982     -2.067003200582173
