#! FIELDS time e sigma_e height
#! SET action OPES_METAD_state
#! SET biasfactor       5.011348439085033
#! SET epsilon    0.001910020759284688
#! SET kernel_cutoff       3.538542402811424
#! SET compression_threshold                       1
#! SET zed      0.1409257082820025
#! SET sum_weights       111.7611346289869
#! SET sum_weights2       297.8557959439263
#! SET counter  117
                      0      2.494332454711901    0.04085974367424473      28.23669485021679
                      0      2.673298362787285     0.0406609444263425      94.32453653000059
                      0      2.389688382117074    0.04086274222559554      7.628186383472919
                      0      2.564839589223169    0.04062028978836734      38.21765089251114
                      0       2.06225094525495    0.03518928255529307     0.7245826579299341
                      0      1.824284765795467     0.0388260911317837     0.7653518105725486
                      0      1.752188890855108    0.04128435825221822     0.5225618794106981
                      0      1.920281391531952    0.04230849862514867     0.5057614661608096
                      0      1.604525441603284    0.03816783306012743     0.1552939472428183
                      0      2.211847397516325    0.04119213273787825     0.2780679045430027
                      0      2.104276831326347    0.03674252638061669      1.254863591054318
                      0       1.98262947960169    0.03725195556714635     0.5399990564238251
                      0      2.265332459058993    0.03467891626441204     0.8161786556758523
                      0      2.770161450413523    0.03464460207314426      1.887045259206622
                      0      2.439304166704185    0.03365388423769725      2.088087967021895
                      0      2.322533638548716    0.03203148871377609     0.7656471204468005
                      0      2.731093851168954    0.03102915849639149      8.332237684014325
                      0      2.628700623327049    0.03139926675234051      5.677627731073539
                      0      2.021739490300556    0.03030486430421389     0.3207715974402698
                      0      1.531627348375629    0.03310447554828772    0.04321177151734809
                      0      2.149526721405226    0.03024476165953494     0.1247512092625325
                      0      0.939689978056571    0.03003018420652852    0.01331043595825069
