#! FIELDS time e sigma_e height logweight
#! SET action OPES_METAD_kernels
#! SET biasfactor       3.469395073212715
#! SET epsilon    0.007640039155174105
#! SET kernel_cutoff       3.122291642622147
#! SET compression_threshold                       1
                   1000      2.720898335903621    0.06206017502565676    0.03010226110527593     -3.469395073212715
                   2000      2.263196196399405     0.0613590197611887    0.03044624246170084     -3.469395073212715
                   3000      2.518637761018171    0.06068546309135327    0.03078416967914062     -3.469395073212715
                   4000      2.631350897089278    0.05428642055860266     0.6992915320940802    -0.4577580018147729
                   5000       2.41557300187986    0.05318156086383595     0.1118741819213743     -2.311013241106603
                   6000      2.688367502179767    0.05080291566605554      1.790293432549838      0.415988720932997
                   7000      2.049977371781398    0.05061913977714646    0.03690603200856602     -3.469395073212715
                   8000      1.805456180662009    0.05043771656888252    0.03703878208503194     -3.469395073212715
                   9000      2.505317289339721    0.04907010316636914     0.3473709987516195     -1.258456519202861
                  10000      2.574218821225112    0.04674737187173469       1.32351973094994    0.03070812601902381
                  11000      2.437910091230459    0.04555750749937579     0.5245582818770549    -0.9205678716229574
                  12000      2.574040232733104     0.0443693918042142      2.129044610550138     0.4538786351592669
                  13000      2.757580881826045    0.04326151829289999     0.8599785170876311    -0.4779289155670697
                  14000      2.286210166901833    0.04309366298923299     0.1034588846920559     -2.599549600887913
                  15000      2.111916627548944    0.04296207251590979    0.08176806438982437     -2.837895392749542
                  16000      2.722308316012999    0.04192127881541054      1.973856112769726      0.321438030572044
                  17000      2.539492276826912    0.04102949255034851      2.156368877446686     0.3883723082316547
                  18000       2.66476278988012    0.04023916847440594        2.2918957745314     0.4298756234293531
                  19000      2.703565192330772    0.03983032333534451      3.280446531825637      0.778263503704993
                  20000       2.58308260986703    0.03914831330830894      2.661567187820247     0.5519278941403561
                  21000      2.681057287167409    0.03870990760437939      3.594000495368951      0.841016941691197
                  22000      2.689330393080378     0.0383290264548452      4.040099393595337     0.9481322118545735
                  23000      2.464577558633986    0.03804537555765428     0.7097519973614909    -0.7984046906929053
                  24000      2.482254442367272    0.03764467830895021      1.176957992841881    -0.3032198267250173
                  25000      2.643749947365918    0.03716126983332004      3.368181683607259     0.7352955621771908
                  26000      2.669705342792586    0.03684963799519958       4.43654364267634      1.002376847056513
                  27000       2.35300121547347    0.03680361741617414     0.1395213622031861     -2.458285977897245
                  28000      2.468595604715455    0.03648037134561825      1.266908884383116    -0.2609902333413151
                  29000      2.104566824526758    0.03644125938644378     0.1244959267447131     -2.582125210400016
                  30000      1.875785084039919    0.03642128226622109    0.06310554328699589     -3.262137944847598
                  31000      1.927778475223788    0.03639767765267442    0.07493042901955042     -3.091034799383202
                  32000      2.718030001144404    0.03610692033627827      4.607524776345938      1.019830771752749
                  33000      2.696830009529406    0.03599309721941146      5.850421804099043      1.255496375852803
                  34000      2.620461054245251    0.03558956921380962      3.572957087138087     0.7511016017433743
                  35000      2.547716015241503    0.03526650996725924      2.046216377499731     0.1845816435430504
                  36000      2.564327596812463    0.03492688040113653       2.54875896455743     0.3945187427293272
                  37000       2.21285280163238    0.03490915746117278    0.08573658633558641     -2.998071008740209
                  38000      2.386797328431083    0.03483758960993522      0.363914576498351     -1.554483716027629
                  39000      2.508731515196375      0.034554538861904      2.006497794790758     0.1445851618767664
                  40000      2.384158334584264     0.0344712338668213     0.4547893011255705     -1.342140428684424
                  41000      2.673389268011613    0.03426367453520508      5.403100941283694      1.126714216445391
                  42000      2.665750231738927      0.034052779134613      5.555126570491885       1.14828829406686
                  43000      1.787673598134293    0.03404036178517775    0.07587851810114972     -3.145419293947862
                  44000      1.738315054808569    0.03402733914126482     0.0797562143287491     -3.095960886060338
                  45000      2.501434288818954    0.03379052088807833       2.04131084862957     0.1394279281881723
                  46000      2.691712471981555    0.03362953411350813      6.161949257319105      1.239453275499738
                  47000      1.908314844735379    0.03361357820474254     0.1105047492261616     -2.782111243173961
                  48000       1.83270494592005    0.03359728899994569     0.1130997316936235     -2.759384451189753
                  49000      2.290704736447561    0.03357720914612717     0.1402813648740691     -2.544602148740625
                  50000      2.002358086639452     0.0335662417329578    0.07611635983899781     -3.156315769686888
                  51000      1.662329996703589    0.03355770693808977    0.05917595887053421     -3.408317929922708
                  52000      1.687882047425715    0.03354400256246411     0.0956329062184333     -2.928724786807249
                  53000       1.89771136771273    0.03351948433481511     0.1733693237259734     -2.334548811280494
                  54000      2.045202608970079    0.03350114552048546     0.1292728263898781     -2.628595104022947
                  55000      1.967838869689873    0.03348210308942953     0.1346746355620706     -2.588227018756478
                  56000       1.94026674259007    0.03345139539010819     0.2205043749374941     -2.096088804125335
                  57000      2.273726085179221    0.03342505180352341      0.189089691269474     -2.250572708899366
                  58000      2.387460898208931    0.03335432318823912     0.5368910675479416     -1.209117226209161
                  59000      2.131064506749303    0.03333358708046368     0.1500133056824843     -2.484810336787185
                  60000      2.685810680263748    0.03322413798776894      6.826399679703976      1.329729498673515
                  61000      2.341888239814607     0.0331779819674685     0.3723105243908374     -1.580485129987895
                  62000      2.482292175449801    0.03298125933834955       2.10152301217529     0.1442572648509709
                  63000      2.694753577598563    0.03287917529765628      7.178385584561081       1.36956943429414
                  64000      2.304450204819033    0.03284374735654895     0.3159624856542267     -1.754714963357197
                  65000      2.636813579575311     0.0326195816057246      5.201889083752922      1.039590053529526
                  66000      2.498871590515085    0.03243609239796081      2.359396906033113     0.2433332415683656
                  67000       2.76107484476792    0.03226691420023062      2.178020859676407     0.1581144167681009
                  68000      2.544815332774108    0.03208112006834071      2.687099156738985     0.3623853663640547
                  69000      2.415287424442872    0.03200618303822565     0.8370137670764367    -0.8063302186503266
                  70000      2.468639781591939    0.03184932037001338        2.1721104566683      0.142370736705571
                  71000      2.453841979627713     0.0317023922479229      2.048082710406605    0.07895167335043417
                  72000      2.650837157013351    0.03154840895422812      6.125463772823623      1.169633067726859
                  73000      2.717307220650036    0.03137513871907505       5.48496156291855      1.053681342575717
                  74000      2.396463502269482    0.03130830629445078     0.8818643701556547    -0.7761781331963886
                  75000      2.345353829090548    0.03126759854992154     0.5171719173920946     -1.311142121898012
                  76000      2.300941543273668    0.03123718342080286     0.3820709021665805     -1.614884480533164
                  77000       2.56703753556006    0.03108703829103414      2.645158132598047     0.3151772438847413
                  78000      2.583854139419901    0.03093184970157295      2.981482473404066     0.4298624766327515
                  79000      2.547776589597359    0.03077912564068715      3.070502060199525     0.4543332448024212
                  80000      2.049091604697229    0.03076691111680616      0.163256488480888     -2.480337530065165
                  81000      1.965413835626072    0.03075094681248077      0.215162411624227     -2.204785910918076
                  82000      2.182746357236776    0.03074234346719623     0.1147754031074261     -2.833481668609617
                  83000       2.10204574736662    0.03072744123106532     0.2012314110390876     -2.272488190158495
                  84000      1.897808190251376     0.0307099404311831     0.2379486576016826      -2.10545852043695
                  85000       1.84715349523794    0.03069648873780603     0.1820866819233515     -2.373468718515268
                  86000      1.880537352649716     0.0306756198445029     0.2868374481921899     -1.919715971282864
                  87000      1.881671118807393    0.03064994658050307     0.3571866913382032     -1.701210331694343
                  88000      2.133631975127614    0.03063365125781881     0.2237549762754517     -2.169449124936056
                  89000      1.808743750820823    0.03061900972331332     0.2009576148684447     -2.277384777821767
                  90000      2.590277415990778    0.03046842856862594      3.436898622279339     0.5569159578196395
                  91000      2.625241697236912    0.03031767021018857      4.689267589433208     0.8626625615296835
                  92000      2.281631595606568     0.0302926348643839     0.3766617232609704     -1.659847733152608
                  93000      2.511830601071093    0.03016043388873243      2.932736663015799     0.3881223688351953
                  94000      2.415675282790462    0.03009052666769317        1.2110599540619    -0.4986381974114421
                  95000      2.661691054228395    0.02998603862882047      6.556782483814358      1.186887339683781
                  96000      2.526046552689485     0.0298571882355262      3.230434744034302     0.4746977843900365
                  97000      2.448299798272994    0.02976239590647302       1.98015018759735   -0.01792615373609667
                  98000      2.203595583700057    0.02975300221553538     0.1557640957428753     -2.560827143561813
                  99000       2.70139263537679    0.02964696462471364      6.375560064864315      1.147487124944659
                 100000      2.296371531748117    0.02962145477728715     0.4569394640433747     -1.489050000554909
                 101000      2.158244686104542    0.02960875017966692     0.2220103877445543     -2.211305736961827
                 102000      2.661732764647093    0.02952195551301133       7.05370289953222      1.244342391895146
                 103000      2.467067516224884    0.02941742755764889      2.651609669118849     0.2624095884719465
                 104000       2.72167063628324    0.02929882254257925      5.462888939720952     0.9811805263998992
                 105000      2.505699171779629    0.02918721341354146      3.323713829526878     0.4804689354377681
                 106000      2.509778981723226    0.02907486049277241      3.584055765129833     0.5520243924448265
                 107000      2.709651936026726    0.02898085039505969      6.595598615285046      1.158693268544255
                 108000      2.697148570980248    0.02890796263999872      7.500882065251819      1.284793141149088
                 109000      2.720638395845054    0.02880670911127687      6.213142091711145      1.092930493927213
                 110000      2.472921807189111    0.02871094421750592      3.117881889368653     0.4000877091397763
                 111000      2.656078645481714    0.02862300985336455      6.868850687815874      1.186863170351105
                 112000      1.720648821730441    0.02861827938548168     0.1095424285972191     -2.951742238207598
                 113000      2.081038730872783    0.02860882631798692     0.2217611845394792     -2.246783500947125
                 114000      1.988872715753083    0.02860025360499833     0.2009557811309359       -2.3455993666268
                 115000      1.768338117593907    0.02859374358817934     0.1519988831682764     -2.625038729724851
                 116000      1.970843607978954    0.02858186978069427     0.2814892842297299     -2.009232867969275
                 117000      1.625841945022487    0.02857832592934407     0.0823625219925424     -3.238320742057371
                 118000      2.631992618907494    0.02847904358880939      5.910035431165959      1.031475768425368
                 119000      2.594980774963322    0.02838068637748501      3.987599263242642     0.6345536558748017
                 120000      2.486845922712643     0.0282856883358241       3.82342586188554     0.5891582451929402
                 121000      2.688478628843997    0.02824539097381574      8.762336284318723      1.417048299203915
                 122000      2.123307988995708    0.02823410350957102     0.2980452737166886     -1.964323849427222
                 123000      2.710944128781987    0.02816737226746509      7.888410056892863      1.309214334924446
                 124000      2.698758433641107    0.02812186917095543       8.90315777968403      1.428608994255255
                 125000      2.736391622415371    0.02802811682728419      5.691334558379291     0.9778083816798743
                 126000      2.673463148407123    0.02797165856415168      8.617419525155876       1.39063292202934
                 127000      2.692331391870594    0.02792149894587936      9.043121259916674      1.437056788330358
                 128000      2.695468725242653    0.02787015488235136      9.147500693922746       1.44669253034118
                 129000      2.681853130245596     0.0278200158257428      9.359666620310586      1.467820865502103
                 130000      1.497185879305399    0.02781791083041132    0.06715643041098288     -3.469395073212715
                 131000      2.394057916934481    0.02779198337771491     0.8952590586279335    -0.8802391024287721
                 132000      2.574427983114149    0.02771882948164124      3.327536248935079     0.4299995496883897
                 133000      2.356564979758332    0.02770127059211737     0.6005182748491649     -1.282828485533088
                 134000      2.398582716289792    0.02767176761518162      1.058645128216901     -0.716941978828363
                 135000      2.388898376397478    0.02764301038496538      1.034778353261606    -0.7407844028352079
                 136000       2.05937698135228    0.02763631586616554     0.2238255564981098     -2.272102158298666
                 137000      2.496685456034692    0.02756309767492978      3.520228248340375     0.4806591058873428
                 138000      2.487188474431442    0.02748986818404427       3.62421231700385      0.507109917726756
                 139000      2.731284559244216    0.02740906106745597      6.461279471354855      1.082356451160993
                 140000      2.491781614636745    0.02733724647606083      3.741138759299155     0.5332955960629225
                 141000      2.696408617454785    0.02729165608288709      9.452791973648226      1.458546600079219
                 142000      2.086423202295016    0.02728393688644997     0.2858413987658751     -2.040364597391224
                 143000      1.765556820097144     0.0272794650046582      0.163971718876979     -2.596271652605855
                 144000      2.136982776167103    0.02727161740099942     0.2913398105661351      -2.02176301566636
                 145000      2.083195733434798    0.02726279302388775      0.329181831992822     -1.899966682571626
                 146000      1.547930598239307    0.02726082185102293    0.07193162482714678     -3.420933254154078
                 147000      2.116305958087028     0.0272504409283938     0.3901488121942223     -1.730501903294154
                 148000      1.996360836848847    0.02724368128927599     0.2512555359703819     -2.170807733432259
                 149000      2.512786860199288    0.02717353474975181       3.89359383442729      0.567231546300303
                 150000        2.4389803198536    0.02712651945199036      2.146677499001048     -0.029911437713191
                 151000      1.878030724338711    0.02711812534571712     0.3219577740245328     -1.927477104566223
                 152000       1.74616848640734    0.02711348126928372     0.1760002495651469     -2.531583360180541
                 153000      1.486462968061049    0.02711120391592542    0.08566627280049328     -3.251693571567788
