#! FIELDS time e sigma_e height logweight
#! SET action OPES_METAD_kernels
#! SET biasfactor       1.927441707340398
#! SET epsilon     0.01821196306674905
#! SET kernel_cutoff       2.830433390657354
#! SET compression_threshold                       1
                   1000      2.633230334268159    0.05785834540142751     0.1509064987297364     -1.927441707340398
                   2000      2.206782360817767    0.05566206205584254     0.1568608852123671     -1.927441707340398
                   3000      2.715353029613154    0.05129530328950432     0.7200174523526094    -0.4852251959346956
                   4000      2.402222278587766    0.05005436501522531     0.1744343440211329     -1.927441707340398
                   5000      2.688484356822271    0.04871093560244168      1.724321298112583     0.3363925157088316
                   6000       2.59849054228282    0.04659583949454409     0.9031828038317022    -0.3546636117960755
                   7000      2.000968870542919    0.04602911290586236     0.1896886508476062     -1.927441707340398
                   8000      1.980877197070648    0.04470683405690808     0.6255353660952547    -0.7633655952630142
                   9000      1.781660945115215    0.04423259648620106     0.1973928961992766     -1.927441707340398
                  10000      2.709400306409581     0.0436355215370624       2.22906599485504     0.4831096319339622
                  11000      2.616719293463559    0.04244783395224567      1.716905547247102     0.1944548934361831
                  12000      2.433579431853878    0.04185563359834638     0.4852193156270907     -1.083272453373543
                  13000      2.340727919085839    0.04133418765095724     0.4510748196369047     -1.168776672563534
                  14000      2.498469627966549    0.04068943107598829     0.6572640879277472    -0.8080455631642822
                  15000      2.508298279215303    0.03988617958143466      1.213454669257953    -0.2148432846172577
                  16000      2.608172105686009    0.03928719562149316      2.161059304966592     0.3471526128532031
                  17000      2.536031218600672    0.03862148072501344      1.752071262058598     0.1202627213071616
                  18000      2.662954892260093    0.03814751899521567      2.453377869466697     0.4445819577259624
                  19000      2.710119889049331    0.03766563068227921       2.46219490392929     0.4354566529403493
                  20000      2.630118030352924    0.03722067117987963      2.607529666187061     0.4809230066852754
                  21000      2.677227939761843    0.03684132687423106      2.918571211895284     0.5833698512659621
                  22000      2.491568537191207    0.03640904725319549      1.481089678059794    -0.1067491817287804
                  23000      2.729937175966581    0.03598596216481011      2.364725757058279     0.3494464165808819
                  24000      2.429506711683887    0.03568515473333534      1.000867841941631    -0.5187423281349453
                  25000      2.696262421677707    0.03538686207515185      3.113050790586888     0.6075992681783191
                  26000      2.662921505188075    0.03508649259632632       3.14389166424646     0.6089330839059766
                  27000      2.518898602010458     0.0347553422678952      1.724881452415629 -0.0008529428148338878
                  28000       2.66396880840629    0.03448409736932163      3.261083661788691     0.6282132614640156
                  29000      2.561912436203215     0.0341859390786704      1.774099779743057    0.01076298718855429
                  30000      2.102556926481839    0.03411319100636894     0.2941177585907031     -1.788435472115687
                  31000      1.910851493667097    0.03401291050886703     0.4231833503428659     -1.427554130334616
                  32000      2.067817186094603    0.03389588689534978     0.5127429173811244     -1.239031580848638
                  33000      2.634028524404858     0.0336563798022087      3.283872939188237      0.610881568804851
                  34000      2.678042572192884    0.03347416269171114      3.837745173183879     0.7613143157487239
                  35000      2.704582780816314    0.03326429127070291      3.680462854635433     0.7131784451773701
                  36000      2.463444371350908    0.03305098173899985      1.510161638425374    -0.1840766012932686
                  37000      2.504637736794888    0.03281570813667035      2.020411082718345    0.09986374213935845
                  38000      2.497583856858149    0.03258454926686134       2.20088868340621     0.1783548907344788
                  39000      2.446899164598464    0.03238200889524334      1.727008886264673   -0.07035063001712337
                  40000      2.440491797134914    0.03218104665456248      1.838184074210751   -0.01418872807620328
                  41000      2.700028061380437    0.03201480523079131      3.786078554248404      0.703184698228888
                  42000      2.437590197739872    0.03182337062493411      1.976664656218635    0.04726729020199903
                  43000      2.470942329572135    0.03162798526238736      2.420082483776372     0.2434993998120609
                  44000      1.651152229177191    0.03158968088877908      0.276394065440736     -1.927441707340398
                  45000      2.549650010146784    0.03140717853293198       2.17053804783682     0.1276670053921555
                  46000      2.535716752289613    0.03122602317769356      2.468592175776691     0.2505552799776462
                  47000      2.481313975948368    0.03105028231772629      2.713253258500463     0.3394117177760836
                  48000      2.129109271201036    0.03099177368408234     0.4990730297402555      -1.35562559973626
                  49000      1.977166994121421    0.03091512508864563     0.6881633237589458     -1.036828093044334
                  50000      2.462811902005458      0.030749744729015      2.779471644111405     0.3537979840650886
                  51000       2.28188430779271     0.0307020325232863     0.4250639326787417     -1.525531395389049
                  52000      1.873280534594033    0.03065179502417802     0.4537044596298888      -1.46196259922068
                  53000      1.784006393860742    0.03060443300662031     0.4288294342274018     -1.519895722586125
                  54000      2.585895296547374    0.03044920024123902      2.458714010493566     0.2213536202290295
                  55000      2.625479874478473    0.03030589242131247      3.301913403241159     0.5114997203429954
                  56000      2.520071763812082    0.03016017514391342      2.983379937538011     0.4052346530774867
                  57000      2.580596159722773    0.03001709656876208      2.772238304891272      0.327077588950377
                  58000      2.670196227921725    0.02990742960018384      4.026785598009249     0.6967308082514284
                  59000      2.550016310881651    0.02977169672013767       2.94648555526941     0.3798267284242897
                  60000      2.536618997386961    0.02964133422098462      3.169577654073395     0.4484235982554307
                  61000      2.686830418977737    0.02953658978326536      4.083205830040259     0.6981676867228076
                  62000      2.435285470273259    0.02941261924842097      2.465578503355005     0.1895057130875266
                  63000      2.454936871643859    0.02928943827753867      2.978309887157092     0.3742384081382968
                  64000      2.707927742574504    0.02918172757761273      3.847742271259063     0.6266847365245664
                  65000      2.549538488122267    0.02906483017976196      3.172305031055274     0.4296427589255095
                  66000      2.514248448333768    0.02895161513132277      3.309588242077604     0.4681052141015346
                  67000      2.509021349101819     0.0288418965476748      3.420230477572543     0.4971924489544812
                  68000      1.957783001466054    0.02879062249204817     0.7971341038411974     -0.961027189583721
                  69000      2.022852870876829    0.02874291185518122     0.7399217828242705     -1.037164166799924
                  70000      2.629999932344663    0.02863850850342321      3.491909305655361     0.5108563667253583
                  71000      2.562855045103145    0.02853433036171527      3.303481955946753     0.4517404246015883
                  72000      2.525130140099237    0.02843621442506078      3.680260464327228     0.5563024544623306
                  73000      2.657719048506692    0.02834562247985803      4.027281444446384     0.6432196149332728
                  74000      2.714022733918475    0.02825125856608647      3.746847087275897     0.5677081549947918
                  75000      2.509047087907142    0.02815745450549673      3.671342660195852     0.5440250136264418
                  76000      1.922227597669117     0.0281151557426703     0.7856641743892777    -0.9992616179073213
                  77000      1.852882019645637    0.02808454875647405     0.5480309448962559      -1.36054852827161
                  78000      2.191789360791501    0.02806033442506979     0.4263863262064002     -1.612397044046282
                  79000      1.665119016385586    0.02803568722052115     0.4365979443783338     -1.589608863124775
                  80000      2.224482241582504    0.02800623302267202     0.5331896913526799     -1.390795493279389
                  81000      2.649311433022046    0.02792175710094517      4.004758454350915     0.6225449147848362
                  82000      2.650473729117746    0.02784074360681514       4.15386209933016     0.6561945107253246
                  83000       2.29808407923756    0.02781093190837072     0.5762258134341864     -1.320171042608352
                  84000        2.6419965452293    0.02773071547327103      4.125457329872035     0.6453729799779528
                  85000      2.721156589573416    0.02764484070031864      3.529453450004937     0.4862375841495847
                  86000      2.447926284066281    0.02756090212275505      2.786208441294627     0.2467353063993811
                  87000      2.606410712711237    0.02747772100714414      3.472950031551065     0.4640353548786804
                  88000      2.674737348210973     0.0274091291413461      4.546777764584065     0.7309503744952748
                  89000      2.605236712233692    0.02732884164493456      3.572289619886401     0.4868047931297049
                  90000      2.689640643268623    0.02726089046094115      4.536132349967199     0.7231832726733334
                  91000      2.558858430131131    0.02718242631980369      3.358422470747985     0.4196974720599196
                  92000      2.510779217968289    0.02710575843376086      3.573777354054176     0.4790247502068226
                  93000      2.638152812936115    0.02703622593189045      4.294946635623819      0.660272236278195
                  94000      2.716750315005269    0.02696329640333934      3.871200797736651     0.5536967290677105
                  95000      2.707372360801795    0.02689559227603029       4.32423725634662     0.6618536229672491
                  96000      2.573570432399784    0.02682317630208554      3.345818097681912      0.402632975947834
                  97000      2.678671981859296    0.02676385405825389      4.810567320004918     0.7635227088808157
                  98000      2.738465701533724    0.02669400360426291      3.143109021199674     0.3353068380520144
                  99000      2.579359822796288     0.0266247959092522      3.349793970449305     0.3963972389851828
                 100000      2.445147945326343    0.02656036991056968      2.629411352553745     0.1518356904613306
                 101000      2.671099416518792    0.02650192609860968      4.706838109420585     0.7318892193430823
                 102000       2.60833155536228    0.02643593117046015      3.725256687566306     0.4955153106247313
                 103000       2.46474956445271    0.02637191410676658      2.983373740550579     0.2710098098832613
                 104000      2.658606766139993    0.02631443087357196      4.649149561200709     0.7124572417051498
                 105000      2.578020943645465    0.02625085416117257      3.479025840983391      0.420106289605933
                 106000      2.630758426698862    0.02619092358759271      4.269302389306812      0.622518799594254
                 107000      2.614640626131028    0.02613046191290452      4.073985105427464     0.5733788564385773
                 108000      2.652347290358189    0.02607585951474992      4.722349908229319     0.7189719389133291
                 109000      1.975758053096989    0.02604968071033677     0.8829133817842473    -0.9588672294631529
                 110000      2.428852853870442    0.02599664497989461       2.36292158121496    0.02352173977937083
                 111000      2.682488921713908    0.02594499010846084      4.864988231538844     0.7436982659768908
                 112000      2.620502611669097    0.02588887488231731      4.330333735489234     0.6251133871958481
                 113000      2.552694772912243    0.02583124506758366      3.502567039443846     0.4107363856090502
                 114000      2.325153996420216    0.02581410676207762     0.5904767945728524     -1.370248388042905
                 115000      1.954059392813186    0.02578792563248544     0.9591477094074922    -0.8861483701320043
                 116000      2.643376981436267     0.0257370479809466       4.76303878088728     0.7144728112132399
                 117000      2.673591331008558    0.02568870277130088      4.984067325482922     0.7579530418689739
                 118000      2.468942356992504    0.02563536107195329      3.013978897688795     0.2528892267799498
                 119000      2.645586953188983     0.0255867565565143      4.884638582020112     0.7338256308958736
                 120000      2.694306889760877    0.02553747886264261      4.778293316916691     0.7098860062994029
                 121000      2.549897791856851     0.0254845402573538       3.46955322090311     0.3877532725583909
                 122000      2.526865483003399    0.02543232187226957      3.439945949521599      0.377132076411595
                 123000      2.661166307198024    0.02538704605921008      5.072952343147693      0.763817448365955
                 124000      2.641702349056462    0.02534057899530098      4.920767788034313      0.731527034282117
                 125000      2.528322654659302    0.02529009037447904      3.491582517354184      0.386423148787565
                 126000      2.658991484235531    0.02524642653633495      5.156500763806018     0.7745982630693017
                 127000      2.583516943132695    0.02519688206432345      3.623977608866713     0.4199479066270309
                 128000      2.707264382000545    0.02514906582813461      4.427295920559486     0.6182651856297596
                 129000      2.662932127123665    0.02510707107262642      5.243123843438357     0.7857224343140971
                 130000      2.490709772106983    0.02506050963163895      3.170139381665685      0.280724279399391
                 131000      2.633574130942803    0.02501621031524344        4.8630946762624     0.7068544650540614
                 132000       2.50241171579763    0.02496994174056849      3.380627565251722     0.3413895713429543
                 133000      2.644268475197384    0.02492819643603384      5.124218738275547     0.7556330596633607
                 134000      2.680446510135534    0.02488756554840539      5.243384774706844     0.7769909801219965
                 135000      2.716205692007877    0.02484208120680332      4.105751823381205     0.5305833501660685
                 136000      2.520458984872268    0.02479760366244357      3.466211285703412     0.3594646087233257
                 137000      2.675843521052164    0.02475774196195364      5.225622339197376     0.7683675831608546
                 138000       2.71790695380061    0.02471357002965166      4.020248414177549     0.5043516197565237
                 139000      2.736294125364684    0.02467195647075333      3.086791100694252     0.2384547434168278
                 140000      2.673526689719599    0.02463342576844187      5.284738319875528     0.7745828338517688
                 141000      2.639580550282675    0.02459317804473189      4.976744721115787     0.7129005338446326
                 142000      2.592615853146567    0.02455101445715772      3.663695552682817     0.4048809650914071
                 143000      2.645455643475558    0.02451139338227077      4.969515500310565     0.7081158337535097
                 144000      2.369097178261331    0.02449947969131322     0.6201769703260704     -1.373443087648502
                 145000      2.535425776424097    0.02445889759434031       3.41618791900153     0.3311747831192035
                 146000        2.5410830226827    0.02441853428413535      3.481299606638353     0.3484035577890937
                 147000      2.689520405096204     0.0243805049722918      5.059821528873943      0.720770485883573
                 148000      2.577440613157706    0.02434096003559479       3.47929928880327     0.3446468869906317
                 149000      2.456598267020889    0.02430554694594845      2.677729777415387    0.08132936900869674
                 150000      2.595878949449026    0.02426609993048942      3.807661659745635     0.4317510126519333
                 151000      2.705405984254667    0.02422765097374404      4.607540491713738     0.6208442196293366
                 152000      1.860730841605192    0.02421716473441172     0.5876673893741693     -1.438877049399922
                 153000       1.91806715039939    0.02420377382394053     0.7711242019636817     -1.167741824430934
                 154000      2.690619946024236    0.02416778046922314      5.112690110708055      0.722401504436155
                 155000      2.672246582531209    0.02413333389066213      5.362931349727681     0.7687601907920096
                 156000      2.659247472752435    0.02409889281243973      5.337716946215354      0.762619359216315
                 157000      2.375907278276169    0.02408600831174541     0.7729647221959838      -1.17023532725521
                 158000      2.703583476318556    0.02404971376849278      4.841121116272776     0.6629248622395814
                 159000      2.666445405866115    0.02401653937175918      5.474404600760231     0.7844816923369425
                 160000      2.725452568077793     0.0239799303769962      3.802028679760373     0.4184074713680511
                 161000      2.691212908200473    0.02394643726403597      5.339672587587064     0.7566393312330408
                 162000      2.676365432426624    0.02391441455422238      5.582379429395031     0.7997519408756133
                 163000      2.715236514411763    0.02387869008027439      4.487357370402988     0.5799058400929585
                 164000      2.591043272656663     0.0238437429635998      3.616083084346553      0.362568690289707
                 165000      2.746779252555127    0.02381343182165455      2.609392518532672    0.03502266424095021
                 166000      1.928372235690157    0.02380031994526163       0.87106661637209      -1.06268236097953
                 167000      1.586117086777749    0.02379435146279403     0.3724154730214577     -1.912641528184295
                 168000      1.672813872434841    0.02378652864246089     0.4965278754054539     -1.625340818477701
                 169000      2.134582948567398    0.02377810358809698     0.5385065090813582     -1.544535117355383
                 170000      1.740764181956569    0.02377121556531122     0.4351627010286468     -1.757904435994619
                 171000      1.638880759561607    0.02376293290896005     0.5304712225651671     -1.560207204687283
                 172000      2.062717101599431    0.02375427385417096     0.5574515852476509     -1.510961718200269
                 173000      2.684028274896875    0.02372525653063073      5.850488882933826     0.8387208223711965
                 174000      2.492556142823128    0.02369276236114029      3.239626976914375     0.2462832462676309
                 175000      2.584780151505442    0.02365914449624896      3.762891420067798     0.3945927940189365
                 176000      2.342788198557569    0.02364887207289922      0.694837052944186     -1.295107058001227
                 177000      2.058267308083509    0.02363913672749739     0.6565814998357808     -1.352149337811307
                 178000      2.142605062224743    0.02362987086768111     0.6234468981161403     -1.404324620704883
                 179000      2.426575068631954    0.02360383488832529      2.213432319719479    -0.1383909715384169
                 180000      2.621076805152284    0.02357149033259212      4.873119667927291     0.6494277036920949
                 181000       2.70768542226939    0.02354091027474316      5.334188874396425     0.7385320427938628
                 182000      2.485794990468303    0.02350985362543992      3.268194902011566     0.2473128890130091
                 183000      2.437794655272684    0.02348219505264375      2.592381666272532     0.0144749298667922
                 184000        2.4166363436828    0.02345832624406147      2.063885393403477    -0.2145287470115106
                 185000      2.508878536929206    0.02342683502734847      3.670466026422992     0.3598562357952351
                 186000       2.62827602422696    0.02339658243074734      5.136802690117552     0.6946762406999313
                 187000      2.454219531816393    0.02336762296725848      3.018681109538526     0.1618268854600217
                 188000      2.545436875618604    0.02333659891587027      3.841238876422955     0.4014732735400228
                 189000      2.513140741278183    0.02330587414669636      3.805509432838853     0.3908107433362212
                 190000      2.481230057747372     0.0232761259610082      3.450414913803925     0.2915781248664727
                 191000      2.625243496227648    0.02324678452398199      5.082393288067993     0.6776045305499188
                 192000      2.501585786103616    0.02321674346296761      3.832035267560016     0.3939252206397243
                 193000      2.397518755186642    0.02319871963818572      1.552818490339164    -0.5101758125399032
                 194000      2.672809856711453    0.02317430627196287      6.084334093186033     0.8544169007536865
                 195000      2.494799505471961    0.02314487153334083       3.81534412415107     0.3864595253225186
                 196000      2.698923463638647      0.023118723946592      5.725992310344176     0.7913141511757269
                 197000      2.746105258260175    0.02309213202262947      2.970048044928498     0.1337255216329548
                 198000      2.477171139189465     0.0230637673721268      3.584158900766318     0.3204421421548788
                 199000      2.714640971057195    0.02303586099131235      5.096806207639712      0.671321722761158
                 200000      2.536104928994627    0.02300731470361506      3.965706382023358      0.419151627313666
                 201000      2.521033106043325    0.02297885525807414      4.129823924196237     0.4584646669500845
                 202000      2.465024107216024    0.02295171013989875       3.43485542062224     0.2730227221302046
                 203000      2.694351564658934    0.02292748776307828      5.916693181241126     0.8157696760860605
                 204000      2.610899424951988    0.02289968785182738      4.607761944957684      0.564520978129222
                 205000      2.716876174883073    0.02287268551123539      5.031107644657789     0.6512390315386944
                 206000      2.582760619643616    0.02284529470142803      4.041642317731348     0.4310517364090002
                 207000      2.516216203355381    0.02281801838671309      4.161708139132062     0.4591315421144684
                 208000      2.402027207075565    0.02280066190797446      1.733948591210125    -0.4171537652270785
                 209000      2.459862252022536    0.02277498470806913      3.378587707296413     0.2487759935870399
                 210000      2.485798780882047    0.02274842316974719      3.914019771839285     0.3947161900824915
                 211000       2.60301019890592    0.02272180137075199      4.460404941309114     0.5242198700983547
                 212000      2.433832810469708    0.02269856924090526      2.831125297082367     0.0686315953424015
                 213000      2.490077800756842    0.02267239251900471       4.06525162337691     0.4292790745714066
                 214000      2.653144478665362      0.022649069365917      5.790162209089576     0.7819345078446216
                 215000      2.625191597607317    0.02262401052020872      5.187969768970549     0.6710096318246478
                 216000      2.677417488056848    0.02260219948324364       6.11406354153475     0.8342942777954204
                 217000      2.682555597865868    0.02258052567252429      6.141592130283926     0.8378272898287289
                 218000      2.644236667303267    0.02255723932816993      5.724581190013923     0.7664808788963351
                 219000      2.578742298781826    0.02253210234034993      4.047544127091328     0.4187068096184642
                 220000      2.655162593541709    0.02251001231854958      5.994942083497286     0.8105317675759534
                 221000      2.659328073984295    0.02248844459539531      6.114475042621127     0.8293159594939328
                 222000      2.289015383450441    0.02248181063592658      0.639819224063871     -1.428207601065983
                 223000      2.583220972653802    0.02245712615384966      4.130401233892059     0.4356379782496299
                 224000      2.531261508096031    0.02243261782077482      4.116303254991582     0.4311269825592053
                 225000      2.760284316429026    0.02241549071183655      2.014528446899199    -0.2842071461144181
                 226000      2.389669742992141    0.02240227878988691      1.439986430840121    -0.6205481863282257
                 227000      2.485716325520382     0.0223782221448122      4.015989996124697     0.4040275894244543
                 228000      2.557734836474845    0.02235425103460936      4.086713887990863     0.4204131403884914
                 229000      2.787431482434044    0.02234670740997373        0.7667139245698     -1.253307098368864
                 230000      2.415380070671158    0.02232816795671489      2.342321501915983    -0.1373530113654265
                 231000      2.637551453654064     0.0223065778592192      5.846583023991048     0.7763944361426711
                 232000      2.611909099086069    0.02228331905401167      5.090597449585492     0.6368890126533371
                 233000      2.694109856837355    0.02226288609881188      6.133450431235205     0.8223338970694132
                 234000      2.704250371079837    0.02224140573349035      5.809719217088837     0.7671433547764593
                 235000      2.411777115483608    0.02222377344659255      2.289693886060951    -0.1647638359281178
                 236000      2.736978164021902     0.0222011268015271      3.838437504083137     0.3508638660086204
                 237000      2.461803441534413    0.02217896640943811      3.640346916190333     0.2968788022517518
                 238000      2.447557319086159    0.02215748978508893      3.394152256140931     0.2258850425836494
                 239000      2.709235956681355    0.02213612029809704      5.642960249147491     0.7332749094336377
                 240000      2.638307634531223    0.02211547653850338      5.881078935441055     0.7736733345685686
                 241000      2.660120318946672    0.02209651282011435      6.357860327582349     0.8507671371734374
                 242000      2.639580260402194    0.02207633419230959       6.00220450276759     0.7922884403791208
                 243000      2.720269893959926    0.02205429809299403       5.03988675894335      0.616546558894947
                 244000      2.774278716004405    0.02204347655952938      1.303130932944411    -0.7365580728874976
                 245000      2.702805883762562    0.02202323584851099      5.904664042997548     0.7734960630891569
                 246000      2.648329137996446    0.02200375429905545      6.140368126353626     0.8117532223282161
                 247000      2.519592566501344    0.02198206443460516      4.239242575337117     0.4402669210583199
                 248000      2.700640996681691     0.0219623743804313      6.020932542123716     0.7902283261981712
                 249000      2.615122339594356    0.02194109194980561      5.172529097382107     0.6373784172263035
                 250000      2.637609237348253    0.02192139819726085      5.966165842078023     0.7792231677686294
                 251000      2.695431004597919    0.02190247762958431      6.216623440148533     0.8194821060424119
                 252000      2.727485677996765    0.02188124373535685      4.652020432998805     0.5285868841477109
                 253000      2.542124321735776    0.02186047415310781      4.067471318545208     0.3933571194495438
                 254000      2.642190884412174    0.02184144264463722      6.096689562974396     0.7972105709033334
                 255000      2.313175068577183    0.02183542574972051     0.7286114894884841     -1.327425502240161
                 256000       2.01999273161065    0.02182936003262268     0.7361490572737127      -1.31741136533727
                 257000      2.692734122930609    0.02181112115040963      6.326274422093099     0.8327869259839276
                 258000      2.718783014746931    0.02179071920742565      5.262108147807727     0.6476713275084941
                 259000      2.660072186096806     0.0217729234873268      6.435812704662864     0.8482007212384431
                 260000      2.476056223590091    0.02175318766651049      3.802619297839616     0.3211058621406219
                 261000       2.39145414760721    0.02174157819472666      1.616605781245662    -0.5347893346232654
                 262000      2.463207127649262    0.02172227517051867      3.654118035193279     0.2798484378242573
                 263000      2.597478991972518    0.02170209884658322      4.518392688652441     0.4912207454356999
                 264000      2.692220064545765    0.02168452939794345      6.393135914315614      0.837479414521223
                 265000      2.387739149266523    0.02167347733516691      1.561507224874368    -0.5726037672313267
                 266000      1.887276966810259    0.02166788772467697     0.7144058997800277     -1.354817217142238
                 267000      2.623479745048512    0.02164847226761377      5.469911682710641     0.6798527952770859
                 268000      2.401490924918579    0.02163513835727126      2.023188738471805    -0.3153509433369474
                 269000      2.524234114164686    0.02161571223502608      4.141455726084429     0.4001232570056471
                 270000      2.666677806329013    0.02159861173158299      6.435868675017128      0.840171302886645
                 271000      2.730634511927049     0.0215791726592699      4.419786799362671     0.4634755180508733
                 272000      2.637493421184948    0.02156098865326137      5.954033038275103     0.7606098501691074
                 273000      2.680139565549769    0.02154424120076301      6.506401080213411      0.848550462846102
                 274000      2.648583748256269    0.02152683412041241      6.252876746499371     0.8079973305998528
                 275000      2.710558361868523    0.02150835264065273      5.680653703877736     0.7111631072027187
                 276000      2.618972348958462    0.02148959620482798      5.389112748852343     0.6576051191140606
                 277000      2.665909037240889    0.02147306114720525      6.523484886412143     0.8478633423207051
                 278000      2.640021518288478      0.021455618777503      6.142258377945855     0.7868344850485237
                 279000      2.571154143101827    0.02143746645071997      3.949634920795846     0.3444187472484314
                 280000      2.717190992064551    0.02141899751514911      5.336061511722929     0.6444215365864575
                 281000      2.560865646229604    0.02140104657146739      3.943890371816233     0.3412629039800699
                 282000      2.581576779441376    0.02138291211737866      4.167648619719785     0.3955995382548863
                 283000      2.542762573966634    0.02136500790615906      4.047562098861426      0.365524625900584
                 284000      2.646351127655671    0.02134833367756801      6.286594658925636     0.8050486609476339
                 285000      2.617670673489191    0.02133038920456242      5.442423724230211     0.6600127160974046
                 286000      2.724042919074969    0.02131227201567816      4.941042560803549     0.5625148491829439
                 287000      2.670778839896376    0.02129647825739128      6.581649449233042     0.8484825468929688
                 288000      2.594173119615272    0.02127862709462362      4.510650925698469     0.4698000564632503
                 289000      2.676525206178198    0.02126298813778297      6.605728892435194     0.8505606394530367
                 290000      2.750247823655845    0.02124792803162277      2.973374384768819    0.05161228836533757
                 291000      2.496726816616778    0.02123083775865716      3.974426035022436     0.3409905177666138
                 292000      2.660696837046651     0.0212151904239812      6.534641349750635      0.837490356428468
                 293000      2.349221349413112    0.02120966544923938     0.8424821695740458     -1.211290347715855
                 294000      2.706810498845383    0.02119285807462976      5.891878956613724      0.732894634131102
                 295000      2.648771113919225    0.02117696509813195      6.376309946577064     0.8111590285074228
                 296000       2.44950361389824    0.02116173527930159      3.195392967660339     0.1195601237731568
                 297000      2.551348045005292    0.02114504591974392      4.007439290898059     0.3452135368751469
                 298000       2.64481613251342    0.02112925448836146       6.33567181969867     0.8025098436797141
                 299000      2.421304714606619    0.02111630493414608      2.493320519602531    -0.1306837103519599
                 300000      2.665370428795331    0.02110125175336058      6.629057937119441     0.8464505044737797
                 301000      2.348824778928861      0.021095674062681     0.8896468504228209     -1.162207255764273
                 302000      2.384253699695938      0.021086505130899      1.588729708943118     -0.582776521878116
                 303000      2.548846505990647    0.02107015085409353      4.036341973167174     0.3488516548483613
                 304000      2.462216736568094    0.02105477580185539      3.480608007543834     0.1999898444581275
                 305000       2.63665658729945    0.02103905403209915      6.176788417909261     0.7728343271001682
                 306000      2.572628158706298    0.02102279221022879       4.15458902397021     0.3754761425031549
                 307000      2.231245738647888    0.02101929143507802      0.550892625358221     -1.645119267551759
                 308000      2.294223799609696    0.02101473122999747     0.7325243670549219     -1.360379556323257
                 309000      2.436211028798859    0.02100078059152113      2.975554806203699    0.04064555692613894
                 310000      2.694951675342753    0.02098554367892154      6.325505770248821     0.7940792372983635
