#! FIELDS time e sigma_e height logweight
#! SET action OPES_METAD_kernels
#! SET biasfactor       5.011348439085033
#! SET epsilon    0.001910020759284688
#! SET kernel_cutoff       3.538542402811424
#! SET compression_threshold                       1
                   1000      2.696159838791606    0.06321896844457647   0.006322704301097473     -5.011348439085033
                   2000      2.741264794807222     0.0552771647066655     0.8867245629992837    -0.2022055451453642
                   3000      2.628106771693491    0.05335486789981769     0.2149185160550551     -1.654875661813265
                   4000      2.728424954085443     0.0503002047904074      1.617066886214307     0.3042785303819874
                   5000      2.519396800670505    0.05005667395824092    0.05043652536657797     -3.168228376257361
                   6000      2.468816970530935    0.04969672003263436    0.07760303038247848      -2.74455442785138
                   7000      2.515032290091536    0.04863239575796656      0.269387929245401     -1.521657496076233
                   8000      2.497100678027454    0.04702460127551622      0.541000509466097     -0.858008724484782
                   9000      2.617460378950758    0.04560433621029058     0.5830493171894308    -0.8138252620095217
                  10000      2.585269922447542    0.04413472103483285     0.8662737004144553    -0.4506521335606735
                  11000      2.386441996497954    0.04391019163630799    0.09528807538980262      -2.66304871658589
                  12000      2.481812329116156    0.04266114838650498      1.021169266378535    -0.3201076196888792
                  13000      2.404438366642183    0.04191854850753147     0.4936091371740569     -1.064627443375851
                  14000       2.19846219734816    0.04190103536472364   0.009539498015172863     -5.011348439085033
                  15000      2.591811816680763    0.04112015982099004      1.752811153750477     0.1833748182836346
                  16000      2.278534867667893    0.04107894388101626    0.02801317962182914     -3.953929065100425
                  17000      2.279064597942934    0.04096554971613711    0.07946407014073394       -2.9140634069487
                  18000      2.568585587528907    0.04084138228661489      2.670261200058019      0.597527572257169
                  19000      2.424287041641861    0.04010845875255905     0.9669402647417714    -0.4363758679246066
                  20000      2.517984941468968    0.03947947376412603      2.250653231327307     0.3926568221927371
                  21000      2.349404550699028     0.0391923330458105     0.3684199310527131     -1.424395294522348
                  22000      2.435254529910552    0.03852906787700453      1.583459544638674    0.01668044259239947
                  23000      2.068498151715504    0.03852102768195244     0.0104632065001742     -5.003030615017658
                  24000      2.433522927441169    0.03800889967783872      2.360226529476322     0.4022333736289471
                  25000      2.630494836785267    0.03746758411399694      2.066142921561496     0.2548151195124586
                  26000       2.40637856772684    0.03698234966532866      2.248441899016471     0.3263336875408528
                  27000      2.553253682279183    0.03661800940232914       2.83750701983401     0.5491214740910115
                  28000      2.776830797967531    0.03631935671194758     0.8103976386278603     -0.712223960208538
                  29000      2.692478592312814    0.03595412693759312      1.190984472528035    -0.3373204351004349
                  30000      2.664357255756529    0.03555590180149852      1.734125775778336    0.02726500513393623
                  31000      2.612932708777866    0.03527281889899388      3.006871352626615     0.5696682227108516
                  32000      2.530725862965964    0.03495102900034196      2.768235536948718     0.4778134750577074
                  33000      2.742442975672567    0.03464623899566267       1.40983605039367    -0.2056819638581751
                  34000      2.668179768926025    0.03432272546050075      2.228469999849295     0.2427783737056528
                  35000      2.684914731988384    0.03402134224661123      2.443664524935231     0.3261422457314285
                  36000      2.254051459051498     0.0340018522559758    0.07158458183521606      -3.20480512667385
                  37000      2.492772390756086    0.03371274576040836      2.330109737056252     0.2694467800245255
                  38000      2.547202846352684    0.03348799445876332      3.195162168575116     0.5784802815411294
                  39000      2.385795405096229    0.03326123893149924      1.385337483670757    -0.2640080587794691
                  40000      2.659660080457727    0.03302081107324577      2.831065805900625     0.4434466896729685
                  41000      2.634755647293542    0.03282028910877782      3.328956312660153     0.5993611675663416
                  42000      2.511930941089648    0.03259615914137267      2.924375124956134     0.4629307268277194
                  43000      2.295240248487131    0.03256701977306577     0.1564395176864344     -2.466130261486543
                  44000      2.462098666326751    0.03234246158814647       2.26073428273752     0.1977260693088741
                  45000      2.726477701248274    0.03213600312728669      1.892756263369257    0.01366653928190935
                  46000      2.082986769709891    0.03213294369875436    0.01740375055054522      -4.67553232201173
                  47000      2.020582827857684    0.03213008565930657    0.01626097123992051     -4.743539167869192
                  48000       1.91335354241811    0.03212789484592249    0.01245917120634303     -5.009918195311224
                  49000        2.0372011332593    0.03212291604892845    0.02842446966990507     -4.185279787874047
                  50000      1.858611387857309    0.03212041762602247    0.01422849689752612     -4.877361172758863
                  51000       2.31150807313098    0.03206750580935551     0.3236683906573836     -1.754537097804253
                  52000      2.493066359831006    0.03190555292354336      3.574348474952566     0.6422184200269918
                  53000      2.140072531296611    0.03190254428819872    0.01830873936722583     -4.632035569441235
                  54000       2.44760256967128    0.03171643340538519      3.147247607351094     0.5090186837207579
                  55000      2.080517163533794    0.03171026094288998    0.03973660370994574     -3.863186752934615
                  56000      2.525464439445178    0.03164631297485515      4.677153901473147     0.9029668701228294
                  57000      2.056658217669214    0.03163787954193063    0.05789387057934198     -3.489133202033194
                  58000      1.740032846808929    0.03163602417765099    0.01263480017118726     -5.011348439085033
                  59000      1.696619683640622    0.03163367481707136     0.0160140964539986      -4.77440826651752
                  60000      1.880573217995836    0.03162994603806397    0.02547429512328593     -4.310325600549595
                  61000      1.727407647214044    0.03162594585335308    0.02735353055756672     -4.239276377632498
                  62000      1.636950571412644    0.03162375206649554    0.01497200032220203     -4.842009543720612
                  63000      1.887186412043944     0.0316174966465132    0.04294950824813884     -3.788363983534845
                  64000       1.88116115842405    0.03160762307946928    0.06820476266755206     -3.326187116765976
                  65000      1.842806488129055     0.0315987186282873    0.06151310185863611     -3.429733080696446
                  66000      1.966724215484777    0.03159512402723746      0.024676901217605     -4.343229402742633
                  67000      1.934254461846272    0.03158663705626587    0.05870052419058791     -3.476917031228585
                  68000      2.484840401403124    0.03167888513794309      6.038934331777756      1.159533373996169
                  69000      2.538268036277754    0.03175707587422411      6.435499686656905      1.225600489884312
                  70000      2.339268641974452    0.03167370709484112     0.7405033367075101    -0.9392827939552363
                  71000      2.544952940252402     0.0317264159107557      6.740451081430752       1.27093192985218
                  72000      2.496100383102011    0.03175363069453878      7.028163631108676      1.313587961958253
                  73000      2.718556068232044    0.03156923880221912      2.731104035914252     0.3625445648346338
                  74000      2.684738293652064    0.03138178288217406      3.625284355117331     0.6398157273655041
                  75000      1.519295310667831    0.03138046037787556    0.01273769851946734     -5.011348439085033
                  76000      1.649815076643533    0.03137787359670445    0.02496524997983511     -4.338512002092356
                  77000      1.947848002932867     0.0313712795390391    0.06404055884282057     -3.396690416657068
                  78000      2.017627331906556    0.03136512338990666    0.05980628120454052     -3.465292593357549
                  79000      1.675046481214828    0.03136126394298926    0.03740046715585932     -3.934843147088869
                  80000       2.06018145875174    0.03135188397744767    0.09170008097938426     -3.038302218604161
                  81000      1.797001864673589    0.03134879182943041    0.02998867380132344     -4.156104342583994
                  82000      1.795394471534451    0.03134417704771399    0.04487649291335316     -3.753157216962751
                  83000      2.128884988894733    0.03133980267697621    0.04255198676469601     -3.806484354098263
                  84000      1.595946807917882    0.03133757190516743    0.02164519774668314     -4.482498466423706
                  85000      1.943830853205901    0.03132708682136121     0.1030337731804208     -2.922559894802237
                  86000      1.756960876033145    0.03132189947063886    0.05064732675947122     -3.632895874095699
                  87000      1.853012685264063    0.03131159763445059     0.1014390098694341     -2.938653550945428
                  88000      2.132462076580438    0.03130551363051846    0.05961647307177092     -3.470373675138591
                  89000      2.009441001779031    0.03129556685818273     0.0981266148627206     -2.972364754446181
                  90000      1.650931344920749    0.03129003531233637    0.05428522237765408     -3.564548112814068
                  91000      1.803126489841896     0.0312808260315356    0.09095610220348772     -3.048717521458545
                  92000      1.744242106516006    0.03127293745390659     0.0778608976286171     -3.204422864874312
                  93000      1.929976426374374    0.03125862903752546     0.1427987595739277     -2.598368010526996
                  94000      1.581648035789162    0.03125548202239063    0.03094049211835703      -4.12783930510133
                  95000      1.710074226077923    0.03124706276007291    0.08347751552657159     -3.135597140652115
                  96000      1.909343915181615    0.03122911521872975     0.1808533807089846     -2.363062349777777
                  97000      2.578115153811906    0.03109748798976185      5.373708597341184      1.024300765854129
                  98000      1.584554932339672    0.03109296740317992    0.04708377757957861      -3.71318965947266
                  99000      2.012017881702531    0.03107996754807594     0.1373194892832472     -2.643226110436853
                 100000      2.179095760115034    0.03107596598000833    0.04175199631865997     -3.833917852682359
                 101000      1.743936699054961    0.03106418681097156     0.1244971505389461      -2.74176140664259
                 102000      1.964363066965257    0.03104610969064572     0.1933836635691061      -2.30195022264265
                 103000      1.679485230976992    0.03103605596147911     0.1064417082533606     -2.899352722099055
                 104000      1.500269558047058     0.0310340994477804    0.02048146678397781     -4.547492841151642
                 105000      1.836671434450498    0.03101997567989544     0.1507946332534782     -2.551549601034056
                 106000       1.79287613354017     0.0310050417374265     0.1599986921127831     -2.492784372346515
                 107000      1.872715245036697    0.03098351122195037     0.2337774856974493     -2.114274927164541
                 108000      1.917329843310408    0.03095505697688105     0.3137632426169724     -1.820924766499525
                 109000      1.634128061126236    0.03094628292593597    0.09398027395378082     -3.026762039917127
                 110000      2.207138572455218    0.03094075790620834    0.05894655765528577     -3.493394269394368
                 111000      1.721659784918708    0.03092459485283773     0.1756336755233115       -2.4021475871052
                 112000      2.033754508499622    0.03090752359976915     0.1862474399931735      -2.34402409258223
                 113000      1.902882498715564    0.03087306844170955     0.3887727785870638     -1.609220552592461
                 114000      1.530234742604283    0.03086955516657503    0.03777509880757253     -3.940679288845623
                 115000       1.90094067002848     0.0308260659915579      0.502441999892936     -1.354259000533263
                 116000      1.504294916267114    0.03082172481678422    0.04707626331015554     -3.722111138374632
                 117000      2.084591685746432    0.03080915360373721     0.1382940354454576      -2.64490589036511
                 118000      2.162718429609729    0.03080148831668698    0.08379094487894538     -3.146211885109458
                 119000      2.649338578219653     0.0306453643414845       4.28619484952466     0.7835362016217319
                 120000       2.65525365249487    0.03050402495960192      4.804892137566187     0.8931486727863284
                 121000       2.59112157515536    0.03037974101795206      5.316588918912769      0.990263327208319
                 122000      2.673039985873208    0.03024710826406104      5.039213107546771      0.932305963547602
                 123000      2.379016129641741    0.03014875743595049       1.62050921664317    -0.2054604215223472
                 124000      2.469970625699327    0.03002921398294743      5.370843497401301     0.9888111170883731
                 125000      2.647545971813367    0.02992187560966776      5.770604199491125      1.057022065396114
                 126000      2.560593523375859    0.02984595981144369      6.651872346968963      1.196603289729046
                 127000      2.757766158604496    0.02974873886147333      1.901736649519866   -0.05879032757195021
                 128000       2.74632828289452     0.0296334722356769      2.590940624231286     0.2465809641449433
                 129000      2.677111101726782    0.02952496437907129      5.687316311360499      1.029130080245782
                 130000      2.528734993321529     0.0294769609368228      7.436215519070103      1.295626463441921
                 131000      1.820780146437603    0.02946474803932837     0.2090452025745543      -2.27635476529548
                 132000      2.150297715252413    0.02945881504081246     0.1003605878540501     -3.010337074691207
                 133000      1.938491501872845    0.02943372892635308     0.4438207714375628     -1.524537769043331
                 134000      2.019058467628411     0.0294215252781019     0.2103472998905241      -2.27161330875221
                 135000      1.975096537958746    0.02940386575811478      0.308835782002083     -1.888164001335406
                 136000      1.989384768023458    0.02938490944584277     0.3334988751626338     -1.811979090265711
                 137000      2.379909426242262    0.02930408249846191      1.738402267550372     -0.163651267138183
                 138000      2.714952775748489    0.02918370782169911      4.412733813783596     0.7637604498427107
                 139000      2.217242699799341    0.02917877688830667    0.08812410435772458     -3.149912117320329
                 140000      2.115231286187288     0.0291715388419233     0.1301399371419465      -2.76029599338722
                 141000      2.114174791768798    0.02916217941669403     0.1693070811239706     -2.497513082756075
                 142000      1.845139812383721    0.02914495565955041     0.3179990958168593     -1.867769451649107
                 143000      1.744602558639031    0.02913428820721029     0.1943980240186879     -2.360276344295021
                 144000      2.020533094328994    0.02911678220502193      0.324936327757276      -1.84715587663966
                 145000      1.949256424685148    0.02908842592179128     0.5430530909421973     -1.334552392261899
                 146000      2.148653704589539    0.02907841004986229     0.1839372778082631      -2.41750904705392
                 147000      2.151153955563113    0.02906599766525499     0.2296419901486255     -2.196009283679131
                 148000      1.901643706814317    0.02903369721830649     0.6310484757377561     -1.186260029477315
                 149000      2.043833825362322    0.02901698879310386     0.3147955484227422     -1.882294986818146
                 150000      1.793635356304131    0.02900374899210958     0.2479689291404168     -2.121371291391203
                 151000      1.946653618155541    0.02896754113382964      0.723608959276162     -1.051672774340922
                 152000      2.084869344380855    0.02895417424524937     0.2525246112930898     -2.104876745054662
                 153000      2.167128042780641    0.02894115467640261     0.2462902340482536     -2.130324568115578
                 154000      2.250379024563522    0.02893317693188583     0.1493631571688665     -2.630730276809409
                 155000      2.039269317361347    0.02891050872162927     0.4413134882971118     -1.548139207871416
                 156000       1.89676280626073    0.02887147162275094     0.8006181159680091    -0.9538618004202835
                 157000      1.860974565164392    0.02884193733245448     0.5927214706469504     -1.255544762565915
                 158000      2.086968772268747    0.02882422614611417     0.3456749318581207     -1.795384791884072
                 159000      1.948833298588426    0.02878040201918824     0.9282158278804779    -0.8091408922501738
                 160000      1.706443056739016    0.02876974804208865     0.2063104267385761     -2.313393460908773
                 161000      2.024954827399116    0.02874165160155516     0.5719029689185391     -1.294783152972992
                 162000      1.868700158221658    0.02870521704152817     0.7649739539573195     -1.005179170375599
                 163000      2.020772449980677    0.02867274146002427     0.6779127643241809     -1.127134331199025
                 164000       2.64370221380798     0.0285953623388029      6.326691596257036      1.103677431373898
                 165000      2.671904543796734     0.0285297522724112      6.825188726959998      1.177222912900107
                 166000      2.731297659446408    0.02842707532782204      4.087758529343485     0.6609942683950221
                 167000       1.84085408921367    0.02840042681387361     0.6052677884088751     -1.250024681922185
                 168000      2.387011080146507    0.02832712328614479      2.056461531093716    -0.0295379940540204
                 169000        2.6507487191398    0.02827656022880773      7.353813656412866      1.242907682242733
                 170000      1.328313357384838     0.0282759234868185    0.01413622596205587     -5.011348439085033
                 171000      2.209660586729399    0.02826796875597887     0.1801750619107767     -2.466441579229906
                 172000      2.669543783166214    0.02823700409380884      8.098303968632461      1.337943410610942
                 173000      2.231819802867971    0.02822876356209553     0.1935265776963097     -2.396343543145846
                 174000       2.62615262980957    0.02816117397655627      7.025065515633581      1.193084198952307
                 175000      2.689906333063248     0.0281021046922044      7.466771121787128      1.251962571011271
                 176000      2.624938781698469    0.02804014918031634      7.455607975178723      1.248259317762859
                 177000      2.518493490537952    0.02796880720425324       7.08514040365701      1.194744988518885
                 178000      2.423320114753245    0.02789345801570637      2.784022236645996     0.2579443491280441
                 179000      2.171837671354316    0.02788302570814984      0.284269962944131     -2.024157374684137
                 180000      2.424653483728296    0.02780458109727964      3.088547616826815     0.3585571860659117
                 181000      2.321013944531417     0.0277871747329449     0.4943242732664577     -1.474333542046998
                 182000      2.527017066921405    0.02772480667454537      7.446634326079935       1.23574516002702
                 183000      2.568502036689635    0.02764672658667058      6.450159512128296      1.089267632340122
                 184000      2.333158736935452    0.02762266377565082     0.7438052388656099     -1.071684029304126
                 185000      2.739486610025438    0.02754135708909268      3.897091799124098     0.5815747893193001
                 186000      2.425435414416893    0.02746756915816769      3.235160194680895     0.3927398891338175
                 187000      2.108952393829587      0.027457159122308      0.318714070586178     -1.925178530950136
