#! FIELDS time e sigma_e height
#! SET action OPES_METAD_state
#! SET biasfactor       1.927441707340398
#! SET epsilon     0.01821196306674905
#! SET kernel_cutoff       2.830433390657354
#! SET compression_threshold                       1
#! SET zed      0.1290120444578566
#! SET sum_weights       444.9950329724796
#! SET sum_weights2       738.9718807268953
#! SET counter  352
                      0      2.454161851848275    0.03014278387870572      81.50985156745148
                      0      2.685716629736772    0.02995092377491074      298.7080850896809
                      0      2.561982368766836    0.03093029208627359      144.9369422470881
                      0      2.036902758263377    0.02782954111563904      6.137076659715298
                      0      2.342812964845356    0.02742946775049426       10.8564180892946
                      0       2.41472793006699    0.02654680973368581      26.37318426306162
                      0      2.506325895165715    0.02933829442180934      178.4949690706667
                      0      1.557160346703373    0.02701194748467596     0.7643242252283293
                      0      2.730316888108747    0.02742164192114819      97.55398095981643
                      0      2.090265059006504    0.02912280474013578      3.126550563438051
                      0       2.64863299164311    0.02654151905576186      173.3713046489553
                      0       2.21627213431327    0.02855970506335615      2.719537402934563
                      0      1.956116665251221    0.02601650305451822      5.655984031909243
                      0      1.751764210185129    0.02534667635825366      2.117690292734789
                      0      1.592642993307056      0.028736583994387     0.3570396809237913
                      0      1.904136481123987    0.02666641308287989      6.360140802528585
                      0      1.787609413962322    0.02449774061681481      2.345268046904661
                      0      1.665479248385178    0.02589987132033007      1.329666672258942
                      0      2.294242092542175    0.02571597383205855      5.926856909791399
                      0      1.307733113908674    0.02505113961069118     0.3485350551916177
                      0      2.132695627870643    0.02258526133530119      3.478582993884895
                      0      2.252187202706073    0.02245846493295645      1.576522505545703
                      0      2.613425570398797    0.02280429768538004      20.39766954918158
                      0      2.373226613535696    0.02163787099517295      4.542542312552261
                      0      2.770334905890723    0.02193471034220694      4.311959439756178
                      0      1.855676348513192    0.02221574669406601      2.583359934416049
                      0      1.832902704448078    0.02153975970430208      1.282700268969745
                      0      1.698609629381298    0.02106706343180003      0.496026243785788
                      0      1.995880353954106    0.02341965969684755      3.765094654887649
                      0      2.808199228904637    0.02079016976597069     0.5622207241269275
