#! FIELDS time e sigma_e height logweight
#! SET action OPES_METAD_kernels
#! SET biasfactor       5.011348439085033
#! SET epsilon    0.001910020759284688
#! SET kernel_cutoff       3.538542402811424
#! SET compression_threshold                       1
                   1000      2.690980833908838    0.06321896844457647   0.006322704301097473     -5.011348439085033
                   2000      2.454216986728955    0.06305404047490903   0.006339242349656035     -5.011348439085033
                   3000      2.261748991653074    0.06247584586341959    0.02311165800569662     -3.726982659551326
                   4000      2.653115148090694    0.05573832779127235     0.5630459416688467     -0.648070593403317
                   5000      2.689480034808772    0.05320954193762097      2.212314172104247     0.6739322821353912
                   6000      2.494277369042852    0.05303901434503833    0.03249004648580359     -3.550138298285002
                   7000      2.578601122159824    0.05050976876520941     0.7150468415684021    -0.5075850295037398
                   8000      2.404369692252165    0.05033419959679197    0.04397247266709455     -3.299851265739973
                   9000      1.900264562198871    0.05030235510484803   0.007946245118390998     -5.011348439085033
                  10000      2.115764794034735    0.05024597218918638    0.01415695283596113      -4.43496358300947
                  11000      1.661868659660688    0.05021432336559643   0.007960175840372421     -5.011348439085033
                  12000      1.984936600488183    0.05013351744142538    0.02052028811885255     -4.065995984910743
                  13000       1.98319236570952    0.04973321257436578     0.1072865468360607     -2.419923607433228
                  14000      2.417167951365392    0.04893395456003478     0.2383021261261557     -1.638089012282179
                  15000      2.484010398723612    0.04720021631788274     0.7245180609398512    -0.5621946753337478
                  16000      1.896198550996943    0.04685551998428202     0.1260789634690725     -2.318122612097319
                  17000      1.755152372452822    0.04679752730754647    0.02078623609499541     -4.121978433517596
                  18000      2.174827826453763    0.04659999491200224    0.07313261159235164     -2.868225018970311
                  19000      1.577203289185773    0.04654730521124169    0.01934735374074914     -4.199075076816158
                  20000      1.728620908013339     0.0462806129485752     0.1027249943222477     -2.535321235117137
                  21000       1.37584027355734    0.04625768492090404   0.008641047306603021     -5.011348439085033
                  22000      2.282653771998238    0.04587322668864074     0.1566760681389867     -2.122037777231834
                  23000       2.04113835860884    0.04525196110296174     0.2807200017840503     -1.552496095075224
                  24000      1.921188805070307    0.04420501306888313     0.5994966431575017     -0.817171265655643
                  25000      2.056079184230676    0.04304057738442468     0.8886849793868118    -0.4502136915549332
                  26000      2.168894693947716    0.04247597776989837     0.3741173854976832     -1.328591540883238
                  27000      1.322780475650669    0.04242534212271708    0.03007626288191924     -3.850617713873877
