#! FIELDS time e sigma_e height
#! SET action OPES_METAD_state
#! SET biasfactor       4.240371756148875
#! SET epsilon    0.003891431002318289
#! SET kernel_cutoff        3.33135957893421
#! SET compression_threshold                       1
#! SET zed      0.1202346187280923
#! SET sum_weights       316.7005361306432
#! SET sum_weights2       874.9330059205636
#! SET counter  266
                      0      2.687559329041899    0.03479220757097267      220.2107756502247
                      0      2.409028447456253    0.03596109096647791      29.52060902468008
                      0      2.498714223828689    0.03602439671097889      113.3876151670811
                      0       2.63561282481882    0.03372532501709561       161.192958108328
                      0       2.24223923925014    0.03078729357676584      2.231780189681755
                      0      1.888492831818479    0.03377896917485565      4.905631486419883
                      0       2.06638613003362      0.032727709594605      2.668180018511061
                      0      1.990214129402649    0.03199444139850383       3.83221654454034
                      0      2.732787320472828      0.035832816864494      24.23617159275241
                      0      2.327752678854704    0.03271017524330812      9.911068174330918
                      0      2.837029537561073    0.04075991515197267     0.3088401772845519
                      0      2.119445741306992    0.03105914202283969      2.162473909440912
                      0      1.664665304991608    0.03166788283732394      0.279406482142502
                      0      1.799442313648564    0.03114650479609443      1.305246774295626
                      0       2.56313212350128    0.03092937531242474      83.28985222130773
                      0       1.58300984220674    0.02986380611065987      0.137807149152527
                      0      1.510935198175942    0.02907106759499625     0.1749090877149337
                      0      2.286578281123566    0.02729200693426238     0.9630102800631593
                      0      1.837866589737264    0.02808435969443812      1.512880840778335
                      0      1.732993956224008    0.02812008186868985      1.056460671337641
                      0      2.171501618301764    0.02682057933544735     0.2568628200416898
                      0      1.623009438117462    0.02787329294258077     0.1969758382739536
                      0      2.199796694654529    0.02602425204464803     0.1735940500389221
                      0      1.944193236552296    0.02759189430628137      1.056703382462609
                      0       1.54166164690512    0.02653273770434401     0.1289472543099575
                      0      2.369803352947612    0.02509173588180829      1.655459516675847
