#! FIELDS time e sigma_e height logweight
#! SET action OPES_METAD_kernels
#! SET biasfactor       4.240371756148875
#! SET epsilon    0.003891431002318289
#! SET kernel_cutoff        3.33135957893421
#! SET compression_threshold                       1
                   1000      2.693976559574306    0.06284082615044533    0.01375115918422312     -4.240371756148875
                   2000      2.693027658785332     0.0550136696324829      1.093784496322503   0.002880828589329905
                   3000      2.498220879016302    0.05485958134351939    0.01575174623101541     -4.240371756148875
                   4000      2.325210057991355    0.05470449002076043    0.01606048572231876      -4.22379209838012
                   5000      2.365747559718806    0.05389059060023591     0.0916282855321147     -2.497403931921102
                   6000      2.470832360874142    0.05268206730574765     0.1541111941913988     -2.000150340321318
                   7000      2.552157944214319    0.05058427591581202     0.3537285690075397     -1.209929201044941
                   8000      2.649413628795951    0.04872336111245328      1.890727035524147       0.42877547713444
                   9000      2.573270739507612    0.04649114377942038      1.331747818764276    0.03140950481740869
                  10000      2.390207057488338    0.04594205129973845     0.2202634536721048     -1.779894646633651
                  11000      2.556935609822009    0.04435355835429717      1.674588622575177     0.2134159134329683
                  12000      2.473788893302811    0.04340863478204374     0.6470631140199752    -0.7589976233153602
                  13000      2.682884824698654    0.04224925800415433      1.738652986240355     0.2023528969769499
                  14000      2.684982643719906    0.04137061600554742      2.220865389711376     0.4261232434026678
                  15000      2.295717887561171    0.04125836122219173    0.09990427126961111     -2.678033612476027
                  16000      2.383261015678824    0.04087361032343617     0.3887907044225501     -1.328574046845909
                  17000      2.403123116142554    0.04032796240843699     0.6422030529012575    -0.8401502211087415
                  18000      2.545915026834162    0.03955052363732205        1.7840492516212     0.1621200129733631
                  19000      2.425507629713278    0.03900449224512961     0.8675803510102711    -0.5727148847607356
                  20000      2.667540994720464    0.03853069743086758      2.630540352364776       0.52429997949411
                  21000      2.532269416889583    0.03792876119461133      1.804688322221558     0.1317530348451801
                  22000      2.000734041422839    0.03791440042727869    0.02279171486096182     -4.240371756148875
                  23000      1.674890259585658    0.03790005884409885     0.0228003393666871     -4.240371756148875
                  24000      2.141144600275054    0.03788573640127674    0.02280895887861753     -4.240371756148875
                  25000      1.800107134236144    0.03787142480060567    0.02283083971494539      -4.23979073546181
                  26000      1.927625536172977    0.03785349740200956    0.02870251220706544     -4.011391811669268
                  27000      1.880564099910683    0.03782298107530328    0.04929176148178033     -3.471426001178211
                  28000      2.270841480000656    0.03772246818588419     0.1695489988049849     -2.238701987630483
                  29000      1.591818985305061    0.03770587763646756    0.02703334518771603     -4.075212742462673
                  30000      2.025644844107855    0.03766914145910299    0.06064056705519434     -3.268294518399813
                  31000      2.146135515458408    0.03762901895319415    0.06665676492581867     -3.174767767071774
                  32000      1.716804775870502    0.03759794355914972     0.0516230381151025     -3.431182436933835
                  33000      1.967551635141867    0.03752653147236491     0.1218715614215266     -2.574083937519702
                  34000      2.688087345254237    0.03863716581550013      5.636016388061189      1.289047597750991
                  35000      2.659676886365887     0.0391832942337635      6.601887583891204       1.46126153193525
                  36000      2.673702060635667    0.03945419207586853      7.811376610762101      1.636376953338159
                  37000      2.716677804088997     0.0388615133132519      5.774708862985941      1.319147665468437
                  38000      2.631426194609411    0.03823442786030624      4.765561140207812      1.110807093463911
                  39000      2.513694661136086    0.03786622309112388      1.711434351568293    0.07704676218879393
                  40000      2.442355786979458    0.03763154756104367      1.035127977615191    -0.4319767637940104
                  41000        2.3204720829092    0.03755901995684872     0.2968814371967318     -1.682853422197434
                  42000      1.915204832395591    0.03753598166021658    0.09251987781355385     -2.849376340611776
                  43000      2.711174685363794    0.03703927485292458      5.282733502844914      1.182077942584704
                  44000      2.492797851045145    0.03674676564698005      1.631361281894663 -0.0008795414942417729
                  45000      2.635854310849491    0.03629873659356839      5.119542559527818      1.130503465075912
                  46000      2.634290973087508    0.03589374823969666      5.611501601845436      1.211036923298064
                  47000      2.687620105191407    0.03556385964210312      6.740059563388814      1.385054143583689
                  48000      2.567882090682706    0.03528119103260721      2.373846427935599      0.333517032709944
                  49000      1.904895346579151    0.03526454873024402     0.1085847010399554      -2.75169114398531
                  50000      1.981898345801578    0.03524750625064132     0.1114720104409084     -2.725931527159425
                  51000      2.137320425390546    0.03523743516914801    0.06566408066987142     -3.255438765958642
                  52000      2.693929879521235    0.03492441261938923      6.647865326623353      1.353137324056845
                  53000      2.610112740393527    0.03458556018576742      5.285457293034681      1.114050839231575
                  54000      1.992812329614175    0.03456823678492184      0.133486350311594     -2.565165365012143
                  55000      1.987724317088156    0.03454536773789962     0.1774906245060095       -2.2809085862996
                  56000      1.802409042167139    0.03454016754445268    0.03986628873751821     -3.774445844785216
                  57000       2.18714914353641    0.03453218749578095    0.06136511682974417     -3.343366437324079
