#! FIELDS time e sigma_e height logweight
#! SET action OPES_METAD_kernels
#! SET biasfactor       5.011348439085033
#! SET epsilon    0.001910020759284688
#! SET kernel_cutoff       3.538542402811424
#! SET compression_threshold                       1
                   1000      2.671408803430595    0.06321896844457647   0.006322704301097473     -5.011348439085033
                   2000      2.386449933490398    0.06305404047490903   0.006339242349656035     -5.011348439085033
                   3000      2.644973722236265    0.05511336122893321      1.015575873150915   -0.06949657060141713
                   4000      2.493541526203947    0.05421070562605452     0.0955864319191233     -2.449190547034592
                   5000      2.121622286271298    0.05414028261962072   0.007382947120978093     -5.011348439085033
                   6000      1.834904087045817    0.05407018042008096   0.007392519140679993     -5.011348439085033
                   7000      1.633319925315717    0.05400039653344898   0.007402072380114419     -5.011348439085033
                   8000      2.065947903951542    0.05349516029167354    0.05651728806272879     -2.987962078471926
                   9000        1.9149909605591    0.05306006139602929    0.05049536691912425     -3.108793747492795
                  10000      2.215357517417647    0.05266808962564615    0.04704853277031174     -3.186910397934717
                  11000      2.652769184276868     0.0551384786479992      4.852586228950701        1.4950150581868
                  12000      2.569772141860732    0.05113854376627904      2.706830619995924     0.8359723693620674
                  13000      2.301734822052936    0.05106606654929823    0.03760176257406996       -3.4419286980134
                  14000      2.369541996775265    0.05094182053668376    0.06531490838410761     -2.892195317188258
                  15000      2.711553948912249    0.04822043878360213      2.858572755201583     0.8317608737367136
                  16000       2.75637413953332    0.04650446109546445       1.93615089068838     0.4059056085287913
                  17000      2.402377732612405    0.04636436106262736     0.1282575256105972     -2.311528596089595
                  18000      2.699925046735135    0.04473145671481109      4.511393501520961      1.212938507705229
                  19000      1.968150032218784    0.04468655712411791    0.05545783309906475     -3.186804152288396
                  20000      1.443781020467412    0.04467928326732934   0.008948762032182324     -5.011074706304171
                  21000      1.948882414623222    0.04458562485858082     0.1176266708093574     -2.437172544372409
                  22000      2.138109306373407    0.04453538134753923    0.06307160072500473     -3.061545280997537
                  23000      1.757305996122671    0.04452433409615327    0.01381364436384523     -4.580407142152384
                  24000      1.734361808516512    0.04450016543341519    0.03034624687420555      -3.79393408605125
                  25000      2.051651403517022    0.04441257954113059     0.1119030401154913     -2.490944305801583
                  26000       2.44265355777842    0.04420005423405589     0.2827403592586649     -1.568844807035807
                  27000      2.407064095944131    0.04391524865835054     0.3955795888655037     -1.239486228554585
                  28000      2.364725415358002    0.04360487968184218     0.4486832853490076     -1.120613516799041
                  29000      2.518458581799943    0.04284173261863678       1.36132358389758   -0.02837442358745637
                  30000      2.235665342196878    0.04278206065128746    0.09125706635483198     -2.732300541173927
                  31000      2.469787857682532    0.04219448432906121      1.093941378963396    -0.2622679343897587
                  32000      2.560021441431267    0.04125329131982462      2.592637766595071     0.5780621370984048
                  33000      2.465066448099437     0.0406409339700817      1.512625411867809    0.02427804675417463
                  34000      2.645117126773433    0.03984331908013313       4.16007434303408      1.016143122303639
                  35000      2.630734902653971    0.03916022530966378      4.710085078548164      1.123022980241356
                  36000       2.62940434205764    0.03859874742270706      5.507947773478548      1.265067362415423
                  37000      2.685270419118064    0.03804449562140179      5.428136944821043      1.236007820884726
                  38000      2.240001620016261    0.03801481061584343     0.1089002551016301     -2.673691631896121
                  39000      2.423427555636932    0.03777816842631197     0.9900416228602386      -0.47262147474921
                  40000      2.664909657296789    0.03734429188781583      6.279346317288772      1.363101395500649
                  41000      2.701707077211501    0.03686222871418004      5.467535185831014      1.211670761493477
                  42000      2.268113496359005    0.03683643899080217     0.1238364455957883     -2.576650588131487
                  43000      2.529413622297838    0.03654946022369272      1.715656526966137    0.04411767762363439
                  44000      2.466518160662602    0.03631126734051885      1.421103455363147     -0.150782822974741
                  45000      2.337487581402595    0.03625222635404493     0.3132232562974149     -1.664682829943038
                  46000      2.483881910137742    0.03596821236028202      1.892297663856952     0.1260827820514956
                  47000      2.370877008272921    0.03585640115926608     0.6507948283415326    -0.9443833074469272
                  48000      2.587736778410097    0.03546973472699931       3.76586618180994     0.8003131240979163
                  49000      2.134885199491446    0.03545689393484402    0.07534013951423078     -3.111769083827606
                  50000      2.436653964478362    0.03523970067348041      1.561038149497831   -0.08682017475744501
                  51000      2.549721282875824     0.0349170095300919      3.030305390912399     0.5672929308637978
                  52000      2.450299392150436    0.03467756706465189      2.000980891751599     0.1453859395907184
                  53000      2.437510476172494    0.03443514167475235       2.15253326999741     0.2113784546772632
                  54000      2.627371876399606    0.03413798718234566      5.461119324295457      1.133719968850077
                  55000      2.213477585719315    0.03412043987039719     0.1307627416294712      -2.59881867828187
                  56000      2.722578359736796    0.03382768719107469      3.990552020387899     0.8108646249200292
                  57000      2.761334782654639      0.033614589356638      2.255187608201696     0.2338487835850297
                  58000      2.731369552190464    0.03334550547902081      4.065266171606638     0.8150576525383709
                  59000      2.665207377289303    0.03311778986458164      6.173201849332829      1.225943675545395
                  60000      2.682730152529118    0.03290059337339944      6.370442901767798      1.250815127539147
                  61000      2.660245451205247    0.03269846654614295      6.718536433951241      1.297853958216188
                  62000      2.637353788590744    0.03248829399486484      6.405914875124184      1.243757040252701
                  63000      2.601599385559934    0.03226686596615121      4.687810729657446      0.924661998103263
                  64000      2.678340270569354    0.03208248423358914      6.929446542501211      1.309745602496469
                  65000      2.335640034150246    0.03205699798066802     0.3192440932997733     -1.768628343001165
                  66000      2.432667309539103    0.03194389912680263      1.659536974119743    -0.1238247180730304
                  67000      2.674393948187251    0.03177402012092301      7.184213128955644      1.336190414057434
                  68000      2.491386310763561    0.03166420928251698      1.742253114007413   -0.08397839522245611
                  69000      2.521904786881586    0.03154202396506854      2.049950085100063    0.07479163274796508
                  70000       2.32687547565974    0.03152229203105468     0.2753666273047373     -1.933301462180371
                  71000      2.544991251421551    0.03138256613071443      2.566081187557695     0.2942878631610519
                  72000      2.675541665472236    0.03122790012818919      7.197495632494146      1.320700504576664
                  73000      2.307067196391023    0.03121343364024378     0.2165050071793483     -2.183637598638769
                  74000       2.41883693766332    0.03112667259083486       1.49744387839804      -0.25251989758046
                  75000      2.231275101178673    0.03111809221584257     0.1292965486675825     -2.702201854909252
                  76000      2.667911867033528    0.03097449602617824      7.452502657240838      1.347369497946441
                  77000      2.695323023328571    0.03081941032172523      6.858384467958124      1.259272048217904
                  78000      2.699446452098282    0.03066765163228063      6.878345712162999      1.257242018306262
                  79000      2.692863213811445     0.0305292512040232      7.500659735591017      1.339331699079692
                  80000      2.476729341858567    0.03044535603241789      1.799217574331553   -0.09105920147379806
                  81000      2.657908620266665    0.03031410749422797      7.674137913716989      1.355124599025724
                  82000      2.704409747911873    0.03017433177260569      7.009645692846434      1.259934216115303
                  83000      2.728501097227553    0.03003279323185562      5.055124581268092     0.9283478274869853
                  84000      2.663889850841231    0.02991555248692044      8.118509536438157      1.398180515707148
                  85000      2.741834079826775    0.02979335128062288      3.942637612879003     0.6717906392324288
                  86000      2.053018088066009    0.02979092833487359    0.05252392239656126     -3.646627181820015
                  87000      2.123271398013864     0.0297883353362259    0.05624991169088996     -3.578178484848961
                  88000      2.636914929605643    0.02965656550957322      6.414026967757241      1.153826278198044
                  89000      1.821495680748705    0.02965570396231748    0.01926679598715296     -4.654062158669428
                  90000      2.553771086149347    0.02957641131729747      2.196532688114039    0.07951263267860488
                  91000      2.498126659247864    0.02951116674877248      1.747705529122103    -0.1512720352040311
                  92000      2.355042269597118    0.02949313165487561      0.429165206150698     -1.556100489504939
                  93000      2.266018299989546    0.02948741687400247     0.1327105278213804      -2.72996594180408
                  94000      2.025679294148971    0.02948493810252035    0.05722096280549292     -3.571299967180142
                  95000      2.301114169837387    0.02947597431849305     0.2098938787579704     -2.271922275825452
                  96000      2.495611547416607    0.02940841060175983      1.863294411072389   -0.09071774413069807
                  97000      2.693226502877844    0.02929804362182141      7.758224029298312      1.331929626783717
                  98000      2.349104751879355    0.02928086399414938     0.4306105885538067     -1.559961469689861
                  99000      2.533141903688334    0.02920984674639731      2.106997001177765    0.02542501910419206
                 100000      2.518367610870975    0.02913820184950183      2.166543571594346    0.05083860285792009
                 101000      2.565006597881429    0.02905387589227127      2.758536577175721     0.2895076470454246
                 102000      2.536491849566284    0.02897409819501822      2.605644102648041     0.2297376039025709
                 103000      2.500504585743117    0.02890244822816443      2.294290474536935     0.1000053773760411
                 104000      2.413502891947103     0.0288615902390576      1.180248201792913    -0.5661081516943991
                 105000       2.65245243403696    0.02875927813292084      7.416222294416186      1.268285673415452
                 106000      2.636317421751487    0.02865267755036838      6.545203188688038      1.139634777579335
                 107000      2.638079942704212    0.02855007310529873      6.927238913996113      1.192776243183204
                 108000      2.429444742074658    0.02850525033281157      1.459513747331697    -0.3661529392363659
                 109000      2.545776916133649    0.02843125090984127      2.796498042490528     0.2815122974092809
                 110000      2.230460755738932    0.02842699400030566     0.1250037155159582     -2.826417193512763
                 111000      2.495044193639425    0.02836280779394995      2.341674649480951      0.101600475546431
                 112000      2.448927842491524    0.02830989235309431      1.856184102714166    -0.1326104428220914
                 113000      2.353084771706583     0.0282946735484318       0.47112314779467     -1.504306747978267
                 114000      2.503360718157298    0.02822756396773468      2.573136117020293     0.1910798179654417
                 115000      2.452629779073751    0.02817134664563312      2.066636491036399   -0.03011677506465989
                 116000      2.367914018489866    0.02815149152225099     0.6401507349703294     -1.202795831203953
                 117000      1.959681295073741    0.02814973824370963    0.05376764998229344     -3.679889800417488
                 118000      2.399351371941541     0.0281147869771699      1.192162383887934    -0.5822801098868392
                 119000      2.447467793770582    0.02805817351535814      2.140991287080479   0.001204358265580888
                 120000      2.584674062809197     0.0279809168465317      3.418239887917278     0.4663039403426408
                 121000      1.743146378132236    0.02798019003805991    0.02294366194494247     -4.537561349676231
                 122000      1.306970503024073    0.02797973679493733    0.01429850960494172     -5.010463970507598
                 123000      1.656658055473355    0.02797919508717401    0.01709481195870159     -4.831863616568207
                 124000      1.714335449631277    0.02797838318541975     0.0256431301137643     -4.426391954367742
                 125000      1.860366359699232       0.02797754050082      0.026621176865451     -4.388990756062776
                 126000      2.010406912561073    0.02797552963461011    0.06374440288235958     -3.515888272499423
                 127000       1.83555100772018    0.02797465756691734    0.02756441929445996     -4.354275042714466
                 128000      1.707539912813085    0.02797372437301659    0.02950575158296853     -4.286248973609696
                 129000      2.522459424312154     0.0279030609158357       3.03766787333998     0.3454819049152066
                 130000      2.235007257536242    0.02789860650883833     0.1442667632194788     -2.701858991413834
                 131000      2.511699780295902    0.02782798959038328      3.106346440934686     0.3651450295335825
                 132000      2.503700060529578    0.02775704176416735      3.201883405033423     0.3928842037894278
                 133000      2.513709891970525    0.02768402922604477      3.442674928178274      0.462759887073918
                 134000      2.558742357738254    0.02761048243191496      3.582611809229952     0.4999430267207645
                 135000      2.514494724900469    0.02753693950325554      3.685628060081262     0.5256247438018028
                 136000      2.704295753729077    0.02745673582538218      6.946022926498147      1.156436215884042
                 137000      2.556790270254396    0.02738509821272832       3.75620403148768     0.5390633237296382
                 138000       2.66583857065126    0.02731817317100696      8.282861042618736      1.327396047680542
                 139000      2.520974978344022    0.02724813125465742      3.851716814356993     0.5591593534361887
                 140000      2.602433140376992    0.02717459102747606       4.43359848221578     0.6971493738747963
                 141000       2.25504551467506    0.02717074042201543     0.1476193771770791     -2.705321981445705
                 142000       2.40802812778267    0.02713945924158094      1.341550520262547    -0.4995297830831063
                 143000      1.953257206458546    0.02713792805237563    0.05860275471105852     -3.630385828461136
                 144000      1.851774710199859    0.02713711695321206    0.03097533445015885     -4.268006196256075
                 145000      2.006274069355829    0.02713536314857796    0.06720001978854456     -3.493588508744801
                 146000      1.946114209931532    0.02713363553078494    0.06621018737926986     -3.508491380419846
                 147000      1.835782893289756    0.02713276980294207    0.03309136442887445     -4.202085271055931
                 148000      1.686912599885827     0.0271320363262094    0.02802776221712137     -4.368189132541326
                 149000      1.873042017895058     0.0271310038910941    0.03949632287953896     -4.025215136312361
                 150000      1.966694559938236    0.02712898579929427    0.07747574294979588      -3.35153220505884
                 151000      1.896539326120514    0.02712765745477516    0.05089344836602263     -3.771811863982818
                 152000      1.805486604154212     0.0271268543121901    0.03072326660078769     -4.276555432653044
                 153000      1.738245271302989    0.02712590223038815    0.03644399366049992     -4.105834106047209
                 154000      1.841844024180948    0.02712463823412929    0.04844242493432894     -3.821281388414707
                 155000      2.139593575778528    0.02712319196115574     0.0554742366186334     -3.685791979468946
                 156000       2.76182835438455    0.02707798789165625      2.116465105383544   -0.04587612541547072
                 157000      2.684717546628784    0.02701608640732431      8.396187591611895      1.329865663915035
                 158000      1.756090993381182    0.02701514210240667    0.03737959630360866     -4.084577311619591
                 159000       1.99783277386841    0.02701291548721456    0.08854837106601511     -3.222235769776209
                 160000      1.864627231886043    0.02701148456110565    0.05676830737842579      -3.66685951020734
                 161000       1.87375769380047    0.02700986044693767    0.06449154068255386     -3.539363777139343
                 162000      1.538896123748013    0.02700948168449177    0.01497933638075008     -4.999240186589873
                 163000      1.842033738276555    0.02700771250013845    0.07031146365387013      -3.45304251469114
                 164000      1.909117209944709    0.02700574572966425    0.07824149732647545     -3.346250029885493
                 165000      1.779377316153984    0.02700474795898621    0.03957196276771825      -4.02796628374081
                 166000      1.869750719099166    0.02700255916944044    0.08718539030202728     -3.238131421168091
                 167000      2.720694758773265    0.02692855178038972      6.203710815393669      1.023990197591785
                 168000      2.669519584979081     0.0268762264994022      9.167958523095768      1.412612196238451
                 169000      1.867960504926996    0.02687390556653476    0.09676845421366891     -3.138623023743654
                 170000      1.798300227780167     0.0268727236050982    0.04909769185601447     -3.817176036756992
                 171000      1.910070232787624    0.02687045219728133    0.09474291540622498     -3.159905519913349
                 172000      1.722702400130388    0.02686928947812684    0.04832324227775202     -3.833203210374776
                 173000      2.083520160951728    0.02686773067055094    0.06488999385888136     -3.538480444027538
                 174000      2.096776318928261    0.02686602160080023    0.07120247078361275     -3.445709970710918
                 175000      2.581575016034038    0.02680072085901795       4.17911505614497     0.6241837377244354
                 176000      2.486125159852205    0.02674123572168808       3.58887898223054      0.469702113382301
                 177000      2.505755223822232    0.02667736842183088      4.224315399813183     0.6303282312294584
                 178000      2.409169324683302     0.0266450611863186      1.616278824521562    -0.3316142649809458
                 179000      1.627091618761915    0.02664458421242501    0.02073278651726874     -4.687797593326081
                 180000      1.961295455543394    0.02664207609321093     0.1098719713495601     -3.020292276025399
                 181000      1.859333957553473    0.02663943057691757     0.1160019407165189     -2.966100449219591
                 182000      2.024735112763552    0.02663702581203502     0.1053959992166994     -3.062072968166045
                 183000      1.725645604135256    0.02663567808135092    0.05885525011254379      -3.64476720138186
                 184000       1.95192982167514    0.02663286206950169     0.1236949501996611     -2.902135516164843
                 185000      1.990658948069482    0.02662988111850515     0.1310869259278747     -2.844205245736607
                 186000      1.829085113664123    0.02662769865681147    0.09572840477236413     -3.158632799310835
                 187000      2.119725701673473    0.02662601360790064    0.07379792259009561     -3.418880566094444
                 188000      2.012609683851938    0.02662279625340062      0.141779565036544       -2.7660584978794
                 189000      2.742591781083201    0.02655960484229362      4.367061892358954     0.6591373314935273
                 190000      2.307382894051121    0.02655306367717201     0.2964882253450645     -2.030947201945411
                 191000      2.592297240131473    0.02648833216247411      4.859437068166083     0.7632823796639248
                 192000      2.657482461805033    0.02645801552438207      10.48971194229637      1.531609556385171
                 193000      2.562880840835533    0.02639376848139107      5.192778228339821     0.8260522357616147
                 194000      2.346035759635574    0.02638097124001695     0.6312567709875639     -1.281744170457368
                 195000      2.363437858361681    0.02636319873870971     0.9001331297600295    -0.9275881163855211
                 196000      2.316538271275232     0.0263536086939509     0.4688955560548597     -1.580114574594785
                 197000      1.953610320503913    0.02635027667910743     0.1588689742374075     -2.662541265021079
                 198000      1.990150162234836     0.0263465086981153     0.1800858618069299     -2.537330325025037
                 199000      1.901678166403272    0.02634365878444876     0.1357812149493735     -2.819827371760801
                 200000      1.661286081446991    0.02634294283621347    0.03383270069818359     -4.209471615077695
                 201000      1.938996405755844    0.02633920552933965      0.178826990454548     -2.544622502807598
                 202000      2.540858398906214    0.02627612664698019       5.37616900432011     0.8562922722116239
                 203000      2.417599803474657    0.02624017365333474      2.087250306397594   -0.09120542339504539
                 204000      2.340947109726319    0.02622597416301979     0.7296568570757047     -1.142775176432365
                 205000      2.420542560668198    0.02618782657656066      2.281191490184307  -0.004352004032156114
                 206000      2.150309065012798    0.02618623147728904    0.07820811378311712     -3.377492685716939
                 207000      2.694966446082567    0.02614877816093885       9.94498353248456      1.466526159395937
                 208000      2.648281901569199     0.0261097164675169      9.919032925197774      1.462418390442364
                 209000      2.286243307343044    0.02610429352762324     0.2826530158023052     -2.095779984625231
                 210000      2.611107556364349    0.02604387908184076      6.596778770744697      1.052019675151609
                 211000      1.959663879252639    0.02604029715074862     0.1885593949024333       -2.5030415630324
                 212000      2.039549394655633     0.0260377114697125     0.1356014511222786     -2.832833835972926
                 213000       1.76928599211358    0.02603664120538362    0.05578353492506245     -3.721116265334547
                 214000      1.664264410537399    0.02603592195016575    0.03743875520551452     -4.119916239923824
                 215000      2.657724325462422    0.02599590440508924      9.891141488281121      1.455233997915444
                 216000      2.171259313906369    0.02599438266502647    0.08120209866854711     -3.347278285364944
                 217000       2.59371071111686     0.0259363687654255      5.458298051302985     0.8584386499034833
                 218000      2.260851066285821    0.02593256880267477     0.2078932264466258     -2.409575566230328
                 219000      2.251559782744723    0.02592864438824755     0.2149709591735621     -2.376248577293736
                 220000      2.415969862793202    0.02589628700494224      2.097794214002457   -0.09935854426084226
                 221000      2.496802168358593    0.02584459892905898       4.25426561811455     0.6056792324289886
                 222000      2.538146076671771    0.02578949502244265      5.126334348590895     0.7900135289537953
                 223000       2.37167723937539    0.02577100837693266      1.130531446923786     -0.722406579269519
                 224000      2.331081824692708     0.0257595230600019     0.6775023904889473     -1.234882373746363
