#! FIELDS time e sigma_e height logweight
#! SET action OPES_METAD_kernels
#! SET biasfactor       2.698418390276557
#! SET epsilon     0.01374333274381851
#! SET kernel_cutoff       2.928208142815685
#! SET compression_threshold                       1
                   1000      2.734368765947155    0.06053155025577301    0.06672079877255445     -2.698418390276557
                   2000      2.517726822224253    0.05920511112449938    0.06821562036279934     -2.698418390276557
                   3000      2.467091455512055    0.05323876268257808     0.9091016307077435     -0.214856195432917
                   4000      2.667550348015109    0.05144551027947318     0.2424228945481771      -1.57089294730207
                   5000      2.717466430282772     0.0485468524881176     0.7632161199688551    -0.4820292374218128
                   6000      2.670518848156047     0.0464207704270867      1.162830830458765    -0.1057401613018017
                   7000      2.300609266822373    0.04610457836863019    0.08759896580583763     -2.698418390276557
                   8000      2.722924843755319     0.0450453437553734      1.829740589926153     0.3174992618956526
                   9000      2.724787606894034    0.04411824590632973      2.239346158162424     0.4987128036169303
                  10000      2.576379873952785    0.04354698170565392     0.3538687636621403      -1.35933332644155
                  11000      2.684787976293424    0.04280887076794928      2.663378338347785      0.641996148793692
                  12000      2.549415732571478    0.04216822910614952       0.59364677279237    -0.8741482846060808
                  13000      2.208257071847926     0.0420328391931812     0.1119210408887231     -2.545855012275847
                  14000      2.500333789095257    0.04120781443408997     0.9970087818632922    -0.3787123538924344
                  15000      2.526239780163631    0.04036546734242635      1.327687307493278    -0.1129313494259811
                  16000      2.348565952747172    0.04019063975728587     0.1907998180765974     -2.057240909012918
                  17000      2.475794860804868    0.03942911296152413      1.564430631535915    0.02768183295760789
                  18000      2.470158614121901    0.03874735284958469      1.907309326025938     0.2084113967211241
                  19000      2.360475553558764    0.03849899486842315     0.3812474807555689     -1.408018987519442
                  20000      2.565683001254165    0.03792678277600608      1.374118317199169    -0.1408747285640228
                  21000      2.494740408851443    0.03743573158930267      2.391556147365654     0.4002253379412084
                  22000      2.628925765439367    0.03694274226234016      1.501119416340297   -0.07876424728419806
                  23000      2.712858311695727    0.03653694117786452      2.596854209010968     0.4582800664889165
                  24000      2.584775757236049    0.03611292072727889      1.526595898605481   -0.08465349227810216
                  25000      2.638847246640414     0.0357009458609609      2.053325568999151     0.2002933284558888
                  26000      2.633562366580358    0.03532275956440842      2.270165195199057      0.290035542885193
                  27000      2.701991180783538    0.03500979720861365      2.794865342514262     0.4890673077982011
                  28000       2.39144622034634    0.03483232528546983      0.613022966469146     -1.033151597133034
                  29000      2.557975086952526    0.03449931858892895      1.914888551323276    0.09625443377126151
                  30000      2.743652163650764     0.0341852530852227      2.261504499981036     0.2534800922712219
                  31000      2.645980596347223     0.0338986792774878      2.567084802957046     0.3718024292053272
                  32000      1.890376336995925    0.03386688311731675     0.1192525857787347     -2.698418390276557
                  33000      1.938389056573169    0.03382677365500234     0.1524139543272932     -2.454247029418013
                  34000      1.668367949118159    0.03379522292310846     0.1195054517969938     -2.698418390276557
                  35000      2.077123536663148    0.03376377913199707     0.1196167457504427     -2.698418390276557
                  36000      1.905963695408359    0.03369126936688523     0.2900211307011313     -1.814907321829353
                  37000      2.037858646417562    0.03364541267179107     0.1798435188540385     -2.294135986072081
                  38000      1.972751569533395    0.03357897452138972     0.2686071794635229     -1.894949715462068
                  39000      1.953703089733841    0.03346361472718985      0.502859170529751      -1.27133096835157
                  40000      1.805932729607447    0.03343236743625419      0.124730967782117      -2.66641616543951
                  41000      1.676747418713971    0.03337392486107391      0.241832559724896     -2.006079354184295
                  42000      1.824557636296547    0.03331222050807152     0.2586376393747697     -1.940747523008853
                  43000       1.82486436521001    0.03321160865147026     0.4488465880008593     -1.392519213694092
                  44000      2.449244786157891    0.03296092653742193      2.293981951279349     0.2312674042712337
                  45000      2.726855971716899    0.03290322164546205      4.062373210501849     0.8009933505558149
                  46000       2.30824781780874    0.03281962107723667     0.4244868330260417     -1.460192313428438
                  47000      2.525789157723428    0.03260700343872251      2.973697813111098     0.4799887657827331
                  48000      2.659207614106071    0.03248464941282975      3.921791982036816     0.7529717773947594
                  49000      2.113814188666765     0.0324484238291026     0.1988854887158153     -2.229718746016312
                  50000       2.46392180231149     0.0322416858189537      3.009778644576393     0.4807821797677923
                  51000      2.297280610686677     0.0321556133221938     0.5448434145622885     -1.231014367218816
                  52000      1.586134041223778    0.03213269615761539     0.1333050418192563     -2.639585708002715
                  53000      1.898397396579943    0.03204510592660401     0.5667930899996607     -1.194961054203082
                  54000      2.051996249420971    0.03198783775128374      0.356863843522651     -1.659389762583049
                  55000      1.766276584333584    0.03194052817391179     0.2928455917060401     -1.858578682769265
                  56000      1.956713393778317     0.0318325130152424     0.7552662175147818    -0.9145413587943929
                  57000      1.722739023821733    0.03178268540255337     0.3178133644702178     -1.781713877597095
                  58000      2.130002746512715    0.03173120107647536      0.331959441948651     -1.739786584652053
                  59000      1.999287000043668    0.03163302743139734     0.6991348572700322    -0.9980544420625734
                  60000      2.702689933660711    0.03167278423651331      5.126689986850784     0.9955734326680331
                  61000      2.491050282915983    0.03152669126410265      3.828228348926222     0.6988920906268619
                  62000      2.491434030701212     0.0314109624953206      4.285351417377885     0.8080149535609843
                  63000      2.416727146778108    0.03124009855624195       2.02074740970014    0.05082536533395578
                  64000      2.545560024264903    0.03107645143542179      3.447520724026015     0.5797611235667283
                  65000       2.57103429141646    0.03091104468048789      3.247471434980956     0.5146456643642786
                  66000      2.500089930571841    0.03081539585413379      4.641881404013253     0.8687896273185394
                  67000      2.704900594197153    0.03072598311904732      4.855649896736417     0.9109070441937336
                  68000      2.676044964731522    0.03062830181348136      4.869494724639945     0.9105700942201559
                  69000       2.52188587473089    0.03050385023132637      4.476895607663093     0.8224382120283764
                  70000      2.494199970154026    0.03039773586942914      4.894731318339706     0.9081829509120841
                  71000      2.348273242583449    0.03033758559293875     0.7113597772501952     -1.022534131154347
                  72000      2.735295922900102    0.03020400418474505      4.213365851057082     0.7518917601034354
                  73000      2.633057147287991    0.03006020273156268      3.439734954034032     0.5442519864812985
                  74000      2.676098906253709    0.02996315580514099       5.11429957904368     0.9376643801635143
                  75000      2.513018414088921    0.02985452480712687      4.902982845291877       0.89183561480133
                  76000      2.423175877700354    0.02973981465292519      2.071738123329474    0.02653007459689391
                  77000      2.476674846127227    0.02962947194590753      4.789569586543981     0.8608655283157844
                  78000      2.671151981118529      0.029526466958797      5.027761389064713     0.9059173171085685
                  79000      2.564696477288892    0.02940034211050487      3.427585641868351     0.5185178672953421
                  80000      2.676048667327886    0.02931116941180371      5.414623588743444     0.9727274550927784
                  81000      2.668591540870034    0.02922118568135818      5.450858911128244      0.976322615640185
                  82000      2.677110226414315    0.02914518894773079      5.911150983417508      1.054785856581893
                  83000      2.588114045312131    0.02903419092791294      2.896077921914673     0.3374869517068253
                  84000      2.674543400749252    0.02895537601267733      5.877510819534177      1.042544666746473
                  85000      2.654134527112444    0.02885905648094488       5.29150801569023     0.9341825719955568
                  86000      2.240024946412225      0.028845448067576     0.2433428663925264     -2.145676218322865
                  87000      2.532497566533475     0.0287360604558478      4.123055053611946     0.6804026401719204
                  88000       2.23179373556871    0.02871992507623088      0.299625599155465     -1.941975013356914
                  89000      2.411415032027301    0.02864974313845386       1.59038244693084     -0.275225564630832
                  90000      2.528942821132524    0.02854608019312267      4.394640887686969     0.7375608867535782
                  91000      2.721529414824232    0.02844929387191177      4.892999178836055     0.8415842225570118
                  92000      2.719481423454958    0.02835939655634384      5.274477955044012     0.9134935698266433
                  93000      2.653867036822312    0.02827077685946366      5.308254158794766     0.9167470866391894
                  94000      2.752837644407455    0.02817779314221755      3.149950105496357      0.391576241459704
                  95000      2.623930582734213    0.02808288353893776      3.683242725656475       0.54460924142015
                  96000      2.694536464034079    0.02801480463735691      6.182154371032203      1.060055359717715
                  97000      2.626380432599874     0.0279225088946244      4.012614676655885     0.6245316396572147
                  98000      2.768468935987298    0.02785115193222185      2.203639555899081    0.02264010235031085
                  99000      2.673714590825757    0.02778740503532513      6.334678423455922      1.076277350129479
                 100000      2.190627708201362    0.02777668727176342     0.2588959056409426        -2.121476687475
                 101000      1.784367255309112    0.02776221496024337     0.3545692746758893     -1.807520177068695
                 102000      2.110080292837106    0.02774855878471357     0.3345169255473384     -1.866228460214714
                 103000      1.724611330772671    0.02773553164990375     0.3192061418404143     -1.913548412218872
                 104000      2.113196143624977    0.02771899652735267     0.4109320436272714     -1.661554010996898
                 105000      2.219198220843728     0.0277040655714105      0.370124635843771     -1.766680864702131
                 106000      1.684026220278463    0.02769100676105539     0.3225271741398635     -1.904804752807244
                 107000      1.936833276152179    0.02766766537047363     0.5992663283487175     -1.286129304081522
                 108000      2.533257600299954    0.02758202909612562      4.277349593198293      0.676153442576082
                 109000      2.579852467877688    0.02750239726878389      3.182144886751138     0.3774840741745292
                 110000      2.460773119466039    0.02742246054407273       3.38525178071531     0.4364461281668418
                 111000      2.172664631778229    0.02740976089692365     0.3348520538571592     -1.877511850133029
                 112000      2.671512352175021    0.02735395577675813      6.518729970594264      1.089196158713264
                 113000      2.515977219082602    0.02727443439910647      4.581031463230413     0.7335294153930469
                 114000      2.557372575643429     0.0271960046604812      3.974659500448148     0.5886645969811477
                 115000       2.37392181938845    0.02716820513326843     0.8391691543774443    -0.9676401801348918
                 116000      2.444724857052675    0.02709967476096058      2.828879144420012     0.2450577353104292
                 117000      2.716105471730135    0.02703308966164726      5.733312816076408     0.9490106129949264
                 118000      1.902109174632484    0.02701574642871718     0.5241317146083464     -1.443936927641106
                 119000      1.947750868344173     0.0269933859901297     0.6928156704343452     -1.165743992557216
                 120000      2.212657740327884    0.02697878520972269     0.4395785012618811     -1.621232700917271
                 121000       1.99089209368823    0.02695981568364395      0.583226725637171     -1.339176386346628
                 122000      1.790020390275324    0.02694590688864218     0.4201780985410798     -1.667589767814788
                 123000      2.595888286519477    0.02687718858476358      3.190097787503042     0.3569849273387373
                 124000      2.358200602574189    0.02685270184451697     0.7900883616652949     -1.039588608540112
                 125000      2.381352218384654    0.02681977586445276      1.115357731529377    -0.6960298525258363
                 126000      2.609386411146171    0.02675016754594922       3.60099404272481     0.4734061048265153
                 127000      2.702567331719022    0.02669851127745406       6.46455370575487      1.056597221706019
                 128000      2.722010948719429    0.02663598404176873      5.665938939610712     0.9223911476230343
                 129000      2.064265392066615    0.02662447428574347     0.3781123443466064      -1.78507760377757
                 130000      2.710871733466364    0.02657271531732104      6.490264219586121      1.055843628871905
                 131000      2.511013828926839    0.02650542769512621      4.559113441376273     0.7001331523549141
                 132000      2.688418349882173    0.02646231770282475      7.038329646226676      1.132748061184939
                 133000       2.64290687316744    0.02639812190879853      5.145434802779247     0.8170581810690871
                 134000      2.673267446361285    0.02635131456675335      6.868129806493601      1.104065443247188
                 135000      2.759478032638538    0.02629486758634516      2.951389160071346      0.257305170340852
                 136000      1.616697387939476    0.02628932865118345     0.2006095265362647     -2.431576374458186
                 137000      1.858220677950156    0.02627894130508822     0.3848047082466475     -1.780595979308902
                 138000      2.230672454787776    0.02626600278596017     0.4860341789492131     -1.547545459490453
                 139000      2.660675122793941    0.02621639503448895      6.622607758255935       1.06252963108006
                 140000      2.613086913393674    0.02615544362109793      3.914963645339301     0.5345188190986357
                 141000      2.434707188333079    0.02610748126412801      2.424076889940976    0.05332813748259689
                 142000      2.501852974382267    0.02604682392096612      4.541014019830352     0.6787016156237725
                 143000      2.568606684781263    0.02598915116979576      3.698477484633108     0.4712558703458868
                 144000      2.596171367138185     0.0259325615990846      3.635608439004903     0.4519313019348791
                 145000      2.644888778674522    0.02587828062632789      5.786172887042643     0.9145305551605556
                 146000      2.621842949842212     0.0258207484404637      4.683052240827453        0.7007838951844
                 147000      2.518225919502431    0.02576397661567849       4.69742778618261     0.7016477781949038
                 148000      2.553194355807255    0.02570815120958727      4.328771396686577     0.6177473067275298
                 149000      2.648839611419914    0.02565901291415846       6.19738179074286     0.9746772393889729
                 150000      2.699269256198701     0.0256182280893616      7.043581223639061      1.101076307995003
                 151000      2.416757118960521    0.02558339936535829      1.884287435434455    -0.2188511522740121
                 152000      2.520631511686315    0.02552971874437114      4.866455951689603       0.72786459380968
                 153000      2.316015985571989    0.02551819593146461     0.5388941605520092     -1.473188888552091
                 154000      2.556495618143203    0.02546544847632682       4.42912363159973     0.6311797481018864
                 155000      2.465960520635581    0.02541583392302695      3.644640166349872     0.4342854411696121
                 156000       2.76768656712246    0.02537683568263157      2.371278622680077   0.002921527603982266
                 157000      2.686454691012087    0.02534098155431113      7.326153709160794      1.129528992750039
                 158000      2.458986236401374     0.0252936806365792      3.507535142345002     0.3911235772461157
                 159000      2.719306612001459    0.02524784496534812      6.179814143363267     0.9556844390778551
                 160000      2.282420115011297    0.02523903421492566     0.4420576055786907     -1.682267865382117
                 161000      2.452697810858805    0.02519354853112676      3.403487831778224       0.35704412754046
                 162000      1.582905977408222    0.02518908839406405     0.2210598639643529     -2.377255398190309
                 163000      1.943315983886237     0.0251757700971432      0.696872905787439     -1.229614763814144
                 164000      2.633513284587166     0.0251276265528503       5.35085389793827     0.8068794933735263
                 165000      2.001672573359993    0.02511736191694897     0.5363928509835911     -1.493673700801258
                 166000      1.670634004408143    0.02511107565006965      0.321327640820687     -2.006329540937336
                 167000      2.308539744791574    0.02509973490643372     0.5986741813729652     -1.384525044098952
                 168000       2.12142305782921    0.02509160885031235     0.4213931730094681     -1.736000059210674
                 169000      2.023256823917071    0.02508224858292134      0.489875957430403     -1.585787262086028
                 170000      1.664282384307616    0.02507527741408694      0.360224869618443     -1.893488969769924
                 171000      2.751745326290736    0.02503014201307675      3.669593277503871     0.4258170492767655
                 172000      2.410751805336307    0.02499930027229639      1.959267713268108    -0.2029259391025847
                 173000      2.488708312342181    0.02495252678447416      4.619309188758098     0.6528756964450377
                 174000       2.52841019979141    0.02490631032143308      4.990298055528158     0.7282722742514449
                 175000      2.567199181480248     0.0248612644640933      4.177810651337289     0.5487537276655617
                 176000      2.537487368389485    0.02481616022990652      5.115168636432275     0.7493608687685328
                 177000      2.572217707787683    0.02477191634719512      4.264593152797705     0.5657128282563629
                 178000      2.390384223921205    0.02474965785343711      1.409591972731871    -0.5422326159364282
                 179000      2.599402204195296    0.02470659614733158      4.066827086849424     0.5155888061384372
                 180000      2.615955618467876    0.02466302591048752      4.614540359598572     0.6401728991380933
                 181000      2.565484067988104    0.02461987550592142      4.681719965552103     0.6528750583172807
                 182000      2.568608809078184     0.0245771480224727      4.760256625029118     0.6677740864174636
                 183000      2.468318599546274    0.02453598102043621       4.03961838079272     0.5019463183616982
                 184000      2.632492165525549    0.02449469088915856       5.41009223060881     0.7923779743291537
                 185000      2.662197290665009    0.02445931063607622      6.722507221597541      1.008127567726332
                 186000       2.52127535577334    0.02441850554805481      5.291832319734432     0.7671612668568514
                 187000      2.718132310876334    0.02437993979631698      6.015843914109339      0.893812733622685
                 188000      2.313246183340286    0.02437013029933374     0.6352558874884017     -1.354713736727173
                 189000      2.678932325782224    0.02433840240294269      7.181456472941146      1.069213100365299
                 190000      2.630949470568051    0.02429901706541645      5.503894944400391     0.8015473506357413
                 191000      2.493025789234802    0.02425953012443401      4.823749547212567     0.6680165127845882
                 192000      2.576077942277261    0.02422059695488825      4.604889823785973     0.6199775668628862
                 193000      2.498729816171294     0.0241818544539127      5.063761469903077     0.7133675543667174
                 194000      2.648479001035999    0.02414653073299039      6.390868575174911      0.944666339018073
                 195000      2.534328350346641    0.02410882038644421      5.474016395475463     0.7882458082233051
                 196000      2.721957488613506    0.02407207930429744      5.812206769648383     0.8466683929709401
                 197000      2.473340410235326    0.02403527839706374       4.40526175598412     0.5679778021360962
                 198000      2.519888615750039      0.023998656539194      5.549625032452623     0.7973836527811602
                 199000      2.500090726250713     0.0239621492488153      5.388558570759719     0.7664088311195888
                 200000       2.47843397594812    0.02392584640954777      4.864367416181437     0.6625514317879698
                 201000      2.409070022630806    0.02390422599827979      1.851453868760415    -0.3043180934459538
                 202000      2.649285688324643    0.02387095855760586      6.410743135942588     0.9362932327991182
                 203000      2.497003867797984     0.0238356967647798      5.514633896645455     0.7842450261498451
                 204000      2.512723473662071    0.02380121112967894      5.819247846126684     0.8365629222931641
                 205000       2.74554672667571     0.0237677979188936      4.033045260378493     0.4685088120048798
                 206000      2.670159607335576      0.023737950188078      7.003305548832436      1.019112737861399
                 207000       2.69576863388398    0.02370854919526772      7.082856200397279      1.029168390901512
                 208000      2.723822121570174    0.02367495731229202      5.785656096164822     0.8254550413309387
                 209000      1.554628767088465    0.02367222602641701     0.2115364335028543      -2.48340013181594
                 210000      2.591529375721744    0.02363921474628552      4.366989259266684      0.542636227580121
                 211000      2.679852109668802    0.02361275306858914      7.548521090198121      1.088794050097285
                 212000      2.729232016999891    0.02357974654993062      5.677196478106146     0.8025011173959532
                 213000      2.582532914080976    0.02354726411967937       4.53672530693489     0.5768705319903781
                 214000      1.877732365747834    0.02354205968598109     0.4293269411580369     -1.781092516641055
                 215000      2.771703327343296     0.0235190209067653      2.367678981183845   -0.07462492571836971
                 216000      2.531189681015539    0.02348698899253259      5.835675530833472     0.8260920769549469
                 217000      2.398286835623594    0.02347041194154761      1.572543169293508    -0.4859098388125247
                 218000      2.554833902670933    0.02343835725476079      5.430075531064753     0.7519823608485409
                 219000      2.653594214777034    0.02340945406600452      6.814727273170768     0.9778814441996332
                 220000      2.483698711326323     0.0233778400665979      5.288512142854021      0.722980953617354
                 221000      2.415951136662911    0.02335749697714715      2.128949853830528    -0.1877977281807067
                 222000      2.669740342630616    0.02333186283241452      7.470631346169435      1.066454880838078
                 223000      2.582755697200557    0.02330129399462471      4.646376428632086     0.5902519862139853
                 224000      2.665713108318826    0.02327575172280909      7.456335715128058      1.062131660395137
                 225000      2.322282298566954    0.02326862199492038     0.6559786222339834     -1.368865883383749
                 226000      2.572072416091786    0.02323823341291378      4.977953496128858     0.6564732139607359
                 227000      2.335500481132673    0.02323022465778616     0.7517235622373091     -1.234276970489737
                 228000      2.339529946127221    0.02322135025759816     0.8421983058049143     -1.121012211901038
                 229000      2.552753172567843    0.02319131611168264      5.591154935177944     0.7706192140424457
                 230000      2.462658049328075    0.02316260355705563      4.243889791479361     0.4936747526093572
                 231000      2.621327409045142     0.0231329298781185      5.271002115018346     0.7091330751719123
                 232000      2.563331417776294    0.02310349340852141       5.41726701602836     0.7352307213720398
                 233000       2.33272697428313    0.02309457124479544     0.8818038805480484     -1.080532588717342
                 234000      2.541387587590965    0.02306587135397877      5.985173607388639     0.8332948779369694
                 235000      2.695600623642179    0.02304185491379344      7.539979428141623      1.063187232429098
                 236000      2.453240561925764    0.02301552820721614      3.789292982181159     0.3740040188020092
                 237000      2.344432872156641    0.02300609143531699     0.9682670658387267    -0.9908328716403622
                 238000      2.514597381269192    0.02297798301234166      5.975260316455333     0.8278195993839214
                 239000       2.50403866532448    0.02295003762135919      5.952209874409027     0.8227375716245812
                 240000       2.23265827474474    0.02294574429010758     0.4255632864052493     -1.815553684713936
                 241000      1.652667212723675    0.02294229825384649     0.3389898892633014     -2.043147267333982
                 242000      1.956097314522812    0.02293593411649409     0.6457959258442068     -1.398911435512172
                 243000      1.978002723056269    0.02292957856227183     0.6457726932670133     -1.399224549965053
                 244000      1.701775542376862    0.02292592674397924     0.3612044515275318     -1.980387253101285
                 245000       2.71523791691458    0.02289953024037375      6.616899362817171     0.9263987206375502
                 246000      1.860221182554282    0.02289546504999234     0.4081846164096274     -1.859441419745587
                 247000      2.035554733857255    0.02289108413575869     0.4417003933777946     -1.780720536304435
                 248000      1.660017955824103    0.02288702669586343     0.4081035960890669     -1.860008556851351
                 249000        1.8283688601986    0.02288316555198954     0.3879123325838488     -1.910918962573178
                 250000       1.57774783382199    0.02288049944508648      0.264871659904686     -2.292569439609704
                 251000      2.065956966433717    0.02287645797181976     0.4073408345906908     -1.862341229181446
                 252000      1.689077139675825    0.02287205973273226      0.445322898673719     -1.773384140546067
                 253000      1.986943521276433    0.02286552120270361     0.6781656960443696     -1.353078042043307
                 254000      1.775451797158527    0.02286182296849415     0.3726208442087335      -1.95207004192157
                 255000      2.168609623882551    0.02285842160524833     0.3419397318149755     -2.038145732590666
                 256000      1.881607617932835    0.02285358424235598      0.493963086927698     -1.670531084965894
                 257000      1.686957650636308    0.02284869674870862     0.4998697180511216     -1.658858259986277
                 258000      2.346972240515424    0.02283911346356261      1.036144982701395     -0.930362914529649
                 259000      2.373174406188333    0.02282770930065673       1.26595589510365    -0.7305419588369337
                 260000      2.431767176947401    0.02280659958631721      2.814841652809086     0.0676113961814951
                 261000       2.31648702072046    0.02279764924803084     0.9703343273646682    -0.9978017342163548
                 262000      2.413925621725737    0.02277985295825957      2.221586581723864     -0.170246442008423
                 263000      1.710195255035543    0.02277543809673018     0.4570652759586876     -1.751590945892443
                 264000      1.860275670859194    0.02277067777235938     0.4951440084340303     -1.671777549160656
                 265000      2.014088789318488    0.02276484248852925     0.6148672299661481     -1.455476133194745
                 266000      2.024628968488704    0.02275903504756626     0.6125321989786965     -1.459536118902214
                 267000      2.473311924231364    0.02273242501330981      5.005673298215668     0.6400196865722193
