#! FIELDS time e sigma_e height
#! SET action OPES_METAD_state
#! SET biasfactor       2.698418390276557
#! SET epsilon     0.01374333274381851
#! SET kernel_cutoff       2.928208142815685
#! SET compression_threshold                       1
#! SET zed      0.1406071379482172
#! SET sum_weights       344.3628421742488
#! SET sum_weights2       697.3691826071496
#! SET counter  268
                      0      2.696626527114255    0.03493006163888712      234.2923295388086
                      0      2.488551142209592    0.03240922184928463      131.1257357006041
                      0      2.324269380745344    0.03058095052393492       9.37826179511528
                      0      2.542944317794994    0.03241668402680539      136.3350438837273
                      0      2.225951615247663    0.02921965561557695      2.376190108896829
                      0      2.378306246260207    0.03164672604099287      8.889136327252652
                      0      2.644595522088499    0.02986862313988163      117.8145160849916
                      0      1.892627915915416    0.03012876227737968      2.423488549173608
                      0      1.950256195365845    0.03011927498690987      4.313897352250057
                      0      1.673639134355906    0.02838092017147342      3.057703798178093
                      0      2.053868715768662    0.03072742146262528      1.883477680442224
                      0      1.823978182395201    0.03100828618248473      1.220127527741595
                      0       2.11798294532147    0.02941559513269179      1.697687072848544
                      0      1.590032863846174    0.03026739063290309       0.81984609222456
                      0      1.780031416249471    0.02866854678566662      1.440213809131743
                      0      1.714006895674314    0.02767151933405016      1.455289233796851
                      0      2.001475057407701    0.02983646195289125      4.859968209577425
                      0      2.429541904756497    0.03039756183378458      30.98899193410728
                      0      2.590559829590461     0.0289808656929998      56.49878163723206
                      0      2.757682297175162    0.02727243417402777      20.74657496321307
                      0      2.176152973728873    0.02750290824118114     0.9356876913130774
                      0       1.85964451551699    0.02392862075447939      1.288133333090305
                      0      1.554628767088465    0.02367222602641701     0.2115364335028543
