#! FIELDS time e sigma_e height logweight
#! SET action OPES_METAD_kernels
#! SET biasfactor       3.469395073212715
#! SET epsilon    0.007640039155174105
#! SET kernel_cutoff       3.122291642622147
#! SET compression_threshold                       1
                   1000      2.734368765947155    0.06206017502565676    0.03010226110527593     -3.469395073212715
                   2000      2.597967421137564    0.05866412544581883     0.1842139329537973     -1.714173690718999
                   3000      2.736723339172384    0.05358227602618186     0.5397052526345218    -0.7298583368794143
                   4000      2.444687507212579    0.05287318980578325    0.06923866688774265     -2.796643963151605
                   5000      2.292326510956584    0.05245585983927855    0.04196324676885194      -3.30533363196594
                   6000      2.729436950002019    0.05174792581976635      2.278415416975719     0.6755199971352194
                   7000      2.510615091102783    0.05068285771536521     0.2616835940364197     -1.509375982295869
                   8000       2.59602019242408     0.0486704057427883     0.6892153066820902    -0.5814749670296927
                   9000      2.439718186132817    0.04758525074974532     0.3855801935929423     -1.184827789927838
                  10000      2.530884942093108    0.04579025732189518      1.005079156771461    -0.2652069145938287
                  11000      2.468734787725555    0.04427209766585588      1.119789641511888    -0.1908490855508352
                  12000      2.498254063674336    0.04297887831928861      1.745389962990487     0.2233422360960917
                  13000      1.895419215952582    0.04291069476772448    0.04353580390561714     -3.469395073212715
                  14000      2.051812359055376    0.04284289603888687    0.04360469915866085     -3.469395073212715
                  15000      1.782138147509324    0.04277186748864631    0.04606024956815997     -3.416268943695819
                  16000      1.988233706140946    0.04264227376901748    0.08616520472206707     -2.792987299317626
                  17000      2.553236613115355    0.04182138982571241      2.423546215322651     0.5242952105260653
                  18000      2.595063217451257    0.04091193030124629      2.187603959046768     0.3998840149551746
                  19000      2.643720164493716    0.04006310445811082      1.799566693449065      0.183657170284296
                  20000      2.665259562094781    0.03931971225743281      2.093599135008392     0.3162660741342188
                  21000      2.477437515586955    0.03865770819026104      2.221960360817782      0.358791480280846
                  22000      2.677618171796793    0.03809260984347317       2.58106414591753      0.493877507286925
                  23000      1.664196097000066     0.0380640307691217    0.05004860951566296       -3.4498353558212
                  24000      1.867563829268821     0.0380051899791597     0.1050678541551052     -2.709770740915472
                  25000      1.960176713095995    0.03791900425013748     0.1574009978902987     -2.307850747588609
                  26000      2.050771580875329    0.03783957738941891     0.1461017099321788     -2.384441242902595
                  27000      1.515052309156014    0.03781221066866275    0.04940604000203812     -3.469395073212715
                  28000      2.580374686453452    0.03744695805328314      3.317179484866146      0.727695786663203
                  29000       2.70163007689519    0.03698320099545227      2.917635784700665     0.5868928457231589
                  30000      2.645943645877707    0.03662854550318088      3.538013023437755     0.7700485827250849
                  31000      2.482911617492858    0.03618225755625683      2.625041752884983      0.459321115482907
                  32000      2.466107089425658    0.03577270527981988       2.84072366837143     0.5268994505621066
                  33000      2.385934760931113    0.03559110146445873     0.6547574090132905    -0.9457393943412208
                  34000      2.482421414829799    0.03529994544744631      3.798514531884107      0.804146933961825
                  35000      2.657924683735905    0.03501238016040832      3.893336839544904     0.8206237448919574
                  36000      2.491894283708048    0.03474545581877312       4.12561577896943     0.8709195218284517
                  37000      2.688822780936748    0.03444110564643126      3.696849237342783     0.7523871197712572
                  38000      2.408374835353892    0.03421493337177531      1.361555898966478    -0.2530542759723873
                  39000      2.510160234857719    0.03394488428336858        3.9078858452988     0.7933901198175992
                  40000      2.544991666456903    0.03366041301476357      3.327671052765148     0.6242505724158509
                  41000      2.736284539799541     0.0334077483032916       2.17578575311705     0.1918331610854689
                  42000       2.54040374401434    0.03316263727455777      3.836647113579179     0.7516781343635042
                  43000      2.636059896883864    0.03291391462192804      3.388087779970798     0.6198166285098332
                  44000      2.666630618859928    0.03269231475131912      4.030099715108998     0.7865865840191674
                  45000       2.52306736209494    0.03248580935287496      4.264695078389216     0.8368294809224733
                  46000      2.561883810293283    0.03226803717306466      3.732617334755021     0.6968423027684529
                  47000      2.298627982458477    0.03225618780164238    0.09059805327370715     -3.021957220775839
                  48000      2.279099838842285    0.03224107411245185     0.1162437426996793     -2.773169391198269
                  49000      2.029147983298109    0.03221946101422043     0.1680359295692068     -2.405351368873431
                  50000       1.61784548483349     0.0322101669968136    0.07132281212713823     -3.262601471317547
                  51000      2.043906524514436    0.03218063427238709     0.2331661294166868     -2.078983788402659
                  52000      2.052984355141095    0.03214367709955743     0.2961864062019113     -1.840895071820047
                  53000      2.041634615408909    0.03209517673101409     0.3976872198108923     -1.547728263512042
                  54000      2.134784623167533    0.03208560048597781    0.07486099716269924     -3.218059471948152
                  55000      1.838737410460347    0.03206991983919096     0.1237534980960228     -2.715889658567907
                  56000      1.870597672681001    0.03204561411280529     0.1945585676143539     -2.264206275784804
                  57000      2.111741726535813    0.03202377449709279     0.1748469701786229     -2.371710125981778
                  58000      2.090333725934276    0.03198256499017502     0.3404634684089235     -1.706601099188731
                  59000      1.486324199662006    0.03197238963373693    0.08092390931301088     -3.143717812826452
                  60000      1.616984614820285    0.03195844977432558     0.1115951216113186     -2.822785890834849
                  61000      2.178708039729618    0.03194695841426116    0.09187266502249723     -3.017619320725102
                  62000      1.954703595525675     0.0319220333740138     0.2033947281076373     -2.223654804021061
                  63000      2.323541039717855    0.03189398422684626      0.230791303950673     -2.098168575360415
                  64000      2.066713260998521    0.03182894185584562     0.5703233859915168     -1.195520300279639
                  65000      1.821141800131566    0.03180463523486098     0.2017789340374007     -2.235315087767655
                  66000      2.022782638340272    0.03173792907853279     0.5955548196887539     -1.155093933527029
                  67000      2.660478629194923    0.03158143512284491      4.689566016845206     0.9035649340697747
                  68000      2.225534895277069     0.0315689350844335      0.109246515533849      -2.85631933204686
                  69000      1.883062080354329    0.03153668555634916     0.2910565744537955     -1.877430689974812
                  70000      1.790492524243107    0.03151441008637174     0.1988964719666097      -2.25887048893938
                  71000      2.109750350160081    0.03146395594715859      0.473635690703898     -1.392818765009415
                  72000      2.587880413880063    0.03129064208421854      4.100895431514468     0.7601798634722573
                  73000      2.691050485810602    0.03113622806263741       4.58816648947277     0.8675079551164586
                  74000      2.535569182169352    0.03100854586564668      5.198268399532055     0.9882438473981299
                  75000      1.942552003382056    0.03098238757046899     0.2762753088962627     -1.947283076511961
                  76000      1.812707749156028    0.03095301400672004     0.3132933929184741     -1.822489354660427
                  77000      1.679726432895439    0.03094342105564855    0.09936970009101767     -2.971092192395443
                  78000      1.656058365620089    0.03092786393067139     0.1629858783510602     -2.476778757128844
                  79000       1.71008749606249    0.03091544301479056     0.1297542780792695     -2.705201514992848
                  80000      1.768731133901043    0.03089158605070999     0.2546304578386474     -2.031802681345537
                  81000       2.18878557415012    0.03087628964149005     0.1614572707974407     -2.487870746813185
                  82000      2.682803183664723    0.03075687398610209      5.343011871896087      1.007558466238005
                  83000      2.757091856365583    0.03063086573187744       1.88450769530188   -0.03866976040727387
                  84000      2.239347044561073    0.03061438560766706     0.1877894529194275     -2.345308420860428
                  85000      2.215246827152271    0.03059264938128949     0.2507169625878587     -2.057015413623923
                  86000      2.640857075286223    0.03046801964535151      5.171127436940497     0.9654237727297004
                  87000      2.404680771125084     0.0303804850895723      1.244230122699211    -0.4620271344814748
                  88000      2.537356141034131    0.03027399028997352      5.596643501310735      1.038111418658381
                  89000       1.85698870511214    0.03024320899822359     0.4040644931559132     -1.591253676111729
                  90000      1.917020883501129    0.03021566910731789     0.3608972967565535     -1.705145785426739
                  91000      1.656666493697739    0.03019716098085687     0.2391942393762678     -2.117075989587423
                  92000      1.945211116096142    0.03016461423614713     0.4343581132793028     -1.521560978192254
                  93000      2.727318257728302    0.03002136688419917      3.646057299707469     0.6012111873040519
                  94000      2.238317792992053    0.02999795453032927     0.3189391145999058     -1.835970422944017
                  95000      2.579005589281611    0.02987947039416817      5.127175004602183      0.937381899597918
                  96000       2.72686082749289    0.02974479998985683      4.027772000781655      0.691523133909771
                  97000      2.151447383889729    0.02972470837860715      0.294237273606575     -1.925734714389471
                  98000      2.491938763622878    0.02961185652227571      5.212034848037418     0.9448006224472961
                  99000      2.741073898934428    0.02948363094156824      3.693399962105624     0.5960380965518829
                 100000      2.659333143362513    0.02939998569434781      6.106272948944244      1.095966220608821
                 101000      2.626740503545866    0.02929281369987759      5.363700628525447     0.9626518101275224
                 102000      2.663084581715691    0.02923102663321235      6.832976351193438      1.202646493693941
                 103000      2.751021122955527    0.02911439401257792      3.516892297805615     0.5344658589782033
                 104000      1.966543081503429    0.02908816074003549     0.4850408296512079     -1.447535524991129
                 105000      1.974085339341196    0.02905698066097986     0.5870942127920453     -1.257655782889361
                 106000      1.906824192769747    0.02902906684745563     0.5237296911380904     -1.372826513490887
                 107000      2.688101714926038    0.02896365249363059      6.808558879396768      1.189877598830346
                 108000      2.338258712078343    0.02894564382144361     0.3434520352440273      -1.79763265447244
                 109000      2.519805465024376    0.02884998719616553      5.803216077632216      1.026177246944501
                 110000      2.322419651353524    0.02883134099329322     0.3698297990071168     -1.727593919699316
                 111000      2.399499848628827    0.02878107226199298      1.104186820219087      -0.63551744951311
                 112000      2.513425416203249    0.02869270557880729      6.066390341685646      1.065062123525423
                 113000      2.580104615285916    0.02859023851787679      5.118442724165986     0.8915710241306898
                 114000      2.555253000922743    0.02850572875374825      6.224477434897435      1.084250006382245
                 115000      2.672600941246283    0.02843426113795157      6.830730759662332      1.174681894441906
                 116000      2.224010098182812    0.02841904862609453      0.344886219297607     -1.811825631104185
