#! FIELDS time e sigma_e height logweight
#! SET action OPES_METAD_kernels
#! SET biasfactor       4.240371756148875
#! SET epsilon    0.003891431002318289
#! SET kernel_cutoff        3.33135957893421
#! SET compression_threshold                       1
                   1000      2.534146592169184    0.06284082615044533    0.01375115918422312     -4.240371756148875
                   2000      2.078332663967701     0.0624949438374419      0.013827265865069     -4.240371756148875
                   3000      2.686271185105328    0.06024469418780613     0.1062056136794153     -2.238308369068522
                   4000      2.712483456204863    0.05500477088154296      1.923511078454252     0.5672275652719103
                   5000      2.549119537478041    0.05424066285377546     0.1194092149857981     -2.226112601475351
                   6000      2.683492729713022    0.05067434016636467      2.356255568940892     0.6881488448281398
                   7000      2.359033021001136    0.05061646103920321    0.01707219718489563     -4.240371756148875
                   8000      2.542767085247129    0.04966502618126632     0.3230218679259561     -1.319078830891696
                   9000      2.369320432798758     0.0494987651785378    0.05482184555066971      -3.09606336187571
                  10000      2.449085130739504    0.04898053684358453      0.183563837745167       -1.8981143326606
                  11000      2.438343318563751    0.04794853844141026      0.426757047874433     -1.075756644459307
                  12000       2.56270696518357     0.0464353382964913      0.827960237779433    -0.4450739393989319
                  13000      2.034004678115227    0.04634083195567004    0.04331494031221494      -3.39757875171887
                  14000      1.747631902667532     0.0463000653201727    0.01866377936374889     -4.240371756148875
                  15000      1.634010429177906    0.04625371165767849    0.02132991376075218     -4.107847639029304
                  16000      1.976413389133442    0.04606691458387604    0.08882834694524351     -2.685299015434425
                  17000       1.76482009779094    0.04591045153580745    0.07536226174097869     -2.853100405448611
                  18000      2.172491078567191    0.04584493201883041     0.0314657884705945     -3.727934307231131
                  19000      1.907975081887848     0.0456060146372826       0.11985794217957     -2.395753007092402
                  20000      1.749143373918239     0.0451025668932506     0.2765140423913403     -1.570899074823821
                  21000      1.515978526368389    0.04505885453830315    0.02272273637771919     -4.070764301572302
                  22000      2.078014912537802    0.04468973614282077     0.2084284748113779     -1.862760046525578
                  23000      2.252458103361643    0.04456640217118517    0.06820061073997034      -2.98266606066877
                  24000      1.655007988943238    0.04420788199201092     0.2135123267463175       -1.8495021748889
                  25000      1.404202018205854    0.04416457138995621    0.02473134436140634     -4.006105484181898
                  26000      2.271892665587453    0.04372987725693737     0.2776050748110022     -1.597868773137177
                  27000      1.856940287679107    0.04326839346012674     0.3137790957542384     -1.485988194300171
                  28000      2.075600081810488    0.04242124739035817     0.7333277055885843    -0.6568578103352755
                  29000      2.559232506369758    0.04163112769604756      2.519623549441246     0.5586130923828523
                  30000      2.461807802854067    0.04071553493084128      1.496753065613983    0.01556329003403508
                  31000      2.760702186125038    0.04004030809334708      2.668520268896583     0.5770661992116034
                  32000      2.744839627328106    0.04011323858583313      4.372650647104478      1.072731237532626
                  33000      2.331669932550521    0.03990207636259335     0.3401237956605708     -1.486361823275528
                  34000      2.442613172108461    0.03918597517941949      1.975620709268469     0.2548569766723659
                  35000      1.101362272715898    0.03917300461287121    0.02205943128955018     -4.240371756148875
                  36000      1.032478538478868    0.03915312935605898    0.03395552405534454     -3.809567937229215
