#! FIELDS time e sigma_e height logweight
#! SET action OPES_METAD_kernels
#! SET biasfactor       3.469395073212715
#! SET epsilon    0.007640039155174105
#! SET kernel_cutoff       3.122291642622147
#! SET compression_threshold                       1
                   1000      2.461810099248297    0.06206017502565676    0.03010226110527593     -3.469395073212715
                   2000      2.718928513728756     0.0613590197611887    0.03044624246170084     -3.469395073212715
                   3000      2.512283430592079    0.05437867473845822     0.8731587967276887    -0.2340103356429964
                   4000       2.68266706938915    0.05296944263974302     0.1585018556979237     -1.966618346768246
                   5000      2.732258968265784    0.05026279549642651     0.4601069065924336    -0.9533758218178202
                   6000      2.349501380685835    0.04984922551277462    0.06278337705149055     -2.953406539467149
                   7000      2.517936376678683    0.04832517815165605      1.784113376250789     0.3625297332460166
                   8000       2.46104092459796     0.0462659524867802      1.600322674770144     0.2102670415427277
                   9000      2.655740107181391    0.04530826634353723     0.4369306707057121     -1.108835811133973
                  10000      2.503809439162672    0.04429727718132079       2.37089284298957     0.5598452609675074
                  11000      2.128715964849741    0.04422202937645107    0.04224481823207021     -3.469395073212715
                  12000       2.67900191253396    0.04324272818879366     0.7667681250225067    -0.5930863148464254
                  13000      2.681871103213572    0.04216673778431525      1.145935898470886    -0.2164911744280588
                  14000      2.347680731688122    0.04193443568278929      0.181751981283544     -2.063349480307072
                  15000      2.668001032106626     0.0409618156412439      1.485127928948516    0.01379666068980124
                  16000      2.566320513187561    0.04011621177649653      1.438659999322759   -0.03885190158105774
                  17000      2.490674614171785    0.03947162888480461      2.343116575118376     0.4327195084611959
                  18000       2.65763181033653     0.0387821284719547      1.647074801347814    0.06261583879274846
                  19000      2.502151898929661    0.03832385703436134      2.783543793376458     0.5754529008356679
                  20000       2.41651442934194    0.03785404362240549      1.039493417432592    -0.4218732593607092
                  21000      2.743478844410326    0.03746002757320269     0.8758026319461015     -0.603684648564438
                  22000      2.744448740121969    0.03701701139512836       1.16990490645936    -0.3260445188265499
                  23000      2.397216656403721    0.03664778368691667     0.9575725378111848    -0.5363454113993283
                  24000      2.648083141635911    0.03619756386132467       1.84532702105669     0.1073037666678756
                  25000      2.657294801891675    0.03580007748076398      2.331965770331851     0.3303170855845345
                  26000      2.256387588280803    0.03576908762986532    0.07454405088200511     -3.113625557181116
                  27000      2.730055608439469    0.03537869650716787       1.86041520116743     0.0925649724322595
                  28000      2.638419860822539    0.03504475612587436      2.559590745294204     0.4021288094131803
                  29000      2.729638259435875    0.03469971205977132      2.153389630431019     0.2194299996546451
                  30000      2.655774631007616    0.03446490744513558      3.177041868443628     0.6015476024482557
