#! FIELDS time e sigma_e height logweight
#! SET action OPES_METAD_kernels
#! SET biasfactor       3.469395073212715
#! SET epsilon    0.007640039155174105
#! SET kernel_cutoff       3.122291642622147
#! SET compression_threshold                       1
                   1000      2.700742039001891    0.06206017502565676    0.03010226110527593     -3.469395073212715
                   2000      2.653865550948031    0.05470537062552958     0.9000921144959925    -0.1976408457869328
                   3000      2.483030135894321    0.05433730864014262    0.03606081271098558     -3.421682011322574
                   4000      2.459763113839866      0.052787524638511     0.1809769877303401       -1.8374550706238
                   5000      2.487017992075664    0.04982284484542869     0.5770404415922512    -0.7357138770563969
                   6000       2.65982172038639    0.04752582872846532      1.336296557592963    0.05683078846570516
                   7000       2.70093067894369    0.04563229270428145       1.35573104366398    0.03061190146593955
                   8000      2.544066146507621    0.04454190145863429     0.5003477867012655    -0.9903660592270399
                   9000      2.700878976048291    0.04362186183196849      2.011887964620486     0.3802874477280981
                  10000      2.707503134904665    0.04275939004503671      2.305302903110996      0.496456338360278
                  11000      2.714758255746774    0.04189959992587715      2.479410035383228     0.5489523592704331
                  12000      2.565230218935648    0.04140570583337436     0.5024988872978725     -1.059087722209187
                  13000      2.693846108744549     0.0407185778218966      2.779390469164914     0.6345715315882806
                  14000      2.529865061623305    0.04027889637804237     0.5857875762059475    -0.9333149465701841
                  15000      2.625173050121176    0.03956273863405096      1.366166486351562    -0.1044481980548835
                  16000       2.68276837712283    0.03897387961399181      2.786168588339378     0.5932144922465202
                  17000      2.683990416129767    0.03842297988603594      2.918831148839317     0.6254943975620072
                  18000      2.481309393085081    0.03818621342127315     0.4689187181943543     -1.209195851263398
                  19000      2.598738882592287    0.03776685218780761      1.016934879500341    -0.4461196875099016
                  20000      2.464052791675687    0.03753583492645845     0.5054510302349893     -1.151352606631111
                  21000       2.39355443832595    0.03744405401871903     0.1886353633338621     -2.139436057998317
                  22000      2.474242279819712     0.0371321085131636     0.7735951427660045    -0.7365691219299143
                  23000      2.463742727323611    0.03680071940048531     0.8919625601817845    -0.6031582884854522
                  24000      1.987605031656897    0.03677747831987573    0.05079607624571246     -3.469395073212715
                  25000      2.138223311572867    0.03675428943554597     0.0508281243237615     -3.469395073212715
                  26000      2.571797118012153    0.03636086601576299      1.279378225996801    -0.2544772764097386
                  27000      2.494714839330263    0.03597392797434967      1.397774481875874    -0.1766687931019804
                  28000      2.265172385361244    0.03595301686482725    0.05196091331876666     -3.469395073212715
                  29000      2.613014010874122    0.03555910509302625       2.39209522334753     0.3490213263818598
                  30000      2.434185880213459    0.03526141956869969      1.117662696129954    -0.4203154997450851
                  31000      2.660559124993172    0.03516497008585831      4.044405037710291     0.8630403106938307
                  32000      2.589305342521159    0.03481133312206347      2.235635553646413     0.2601239876576416
                  33000      2.346229877649521    0.03477131426700369     0.1378604245284865     -2.527065340150186
                  34000      2.270610900005853    0.03474131761488223     0.1029903998343603     -2.819534374826908
                  35000        2.1969487308097     0.0347178600161842    0.08040895153595581      -3.06772008129095
                  36000      1.895161513371918    0.03470159536059599    0.05558439830980148     -3.437411623558095
                  37000      1.975417877050187    0.03467218896076622     0.1018662589494543     -2.832501180315506
                  38000      1.878962500714514    0.03464286041471716     0.1019952317431645     -2.832082120861041
                  39000      1.932199540065322    0.03459799869065117     0.1588567064336092     -2.390301423643098
                  40000      2.075443034664786    0.03457789801564871    0.07003976480768553     -3.209821999485301
                  41000      1.527576715155536    0.03456236565570207     0.0540516124235043     -3.469395073212715
                  42000      1.766171571486083    0.03454685810625739    0.05407587535501732     -3.469395073212715
                  43000      2.433383008454846    0.03423733131249352      1.878934771798369    0.06967705088589796
                  44000      2.571322500848839    0.03397655211227699      3.179247660781465     0.5879706648654591
                  45000      2.567810414747092    0.03376765474497633      3.667501224421634      0.724669386772563
                  46000       2.50158802169683      0.033488759472532      2.425614086727514     0.3029500061419708
                  47000      2.659627180930741    0.03354759090798228      5.406721730036487      1.106263436910388
                  48000      2.347257919462944    0.03349331506202885     0.2817992022597317     -1.849559204086582
                  49000      2.547299881341595    0.03324811952086574      3.496405819444127     0.6613891796500863
                  50000      2.461295066471388    0.03299633342719011      2.467854892885803     0.3054011936919087
                  51000      2.654138573578845    0.03295727926447949      5.476981299538362      1.101421684258199
                  52000      2.413849642197498    0.03276508303859077      1.604350061000323    -0.1322624272133496
                  53000      2.766795502442452    0.03260168847287682      1.317070281982234    -0.3345706949963791
                  54000      2.548096879910696    0.03238834213730891      3.693472117320365     0.6900209540887701
                  55000      2.701881026624346    0.03228013589893737      5.232889820259477      1.035071163548783
                  56000      2.749211099971532    0.03206973003833272      2.726029840816292     0.3764143135151053
                  57000      1.973001933125991    0.03204578225021185     0.1841612428408863     -2.319122571902429
                  58000      1.707842898163972    0.03203691185130302    0.06706409930624285      -3.32956223971318
                  59000      2.220903385811936    0.03201901758411474     0.1371212359302589     -2.614904347124371
                  60000      2.254812211587723    0.03199343918584654     0.1986439961486902     -2.245054726327098
                  61000       2.42397828947317    0.03181125398348868      2.114888243916857     0.1144775351549966
                  62000      2.674562977494438     0.0317997313926509      6.323825234916482      1.209437564509291
                  63000      2.447373877445807    0.03161103468284892      2.679504089490622     0.3447934324050604
                  64000      2.482065846962382    0.03142431915164302       2.95242782784113      0.435865350568289
                  65000      1.962020013576343    0.03139680667213836     0.2562818966929576     -2.009115654195592
                  66000      1.953331671605559    0.03136082151570516     0.3413992041262855     -1.723487970621865
                  67000       2.14340259851957    0.03134896294378699     0.1088344441813841     -2.867090787745813
                  68000      1.952479226830169    0.03130261459861013     0.4512021415827634     -1.446482767056654
                  69000      1.632383522223793    0.03129585945800854    0.06206233959619298     -3.430474680846012
                  70000      1.808120312986351    0.03128672892646633    0.08427227650460499     -3.124852885696741
                  71000      2.531865613594529    0.03111049106151751      3.641558041185481     0.6356121566080587
                  72000      2.543372230673569    0.03095108261328711      4.277408138023051     0.7914106666551405
                  73000      2.559485467750176    0.03080853285626787      4.730641030350951     0.8875078478849678
                  74000      2.725219981244286    0.03065811450485403       4.42390035134966     0.8155745518313465
                  75000      1.868915508796437    0.03064410422535365     0.1563536412342426     -2.527539182761843
                  76000      2.110076292871682    0.03063224223333432     0.1321621062593668     -2.696017472369906
                  77000      2.039541770990512    0.03062085106760326     0.1270408548237077     -2.735909930608303
                  78000      1.805075377721279    0.03060873543036419     0.1355277766407521     -2.671637788434519
                  79000      1.913835965036123    0.03057550531561666      0.387419043021425      -1.62239372695152
                  80000       1.88685512914258    0.03054443403147615     0.3626745965838042     -1.689411360192264
                  81000      1.641048774621613    0.03053555748830857    0.09990419079650328     -2.978996382652084
                  82000      1.962206778767212    0.03048502094765479     0.6187163264904277     -1.157217504130074
                  83000      1.872295620721099    0.03045132219237352     0.4014042793309286     -1.591001328919021
                  84000      1.734327629261991    0.03044129343243224     0.1147700894433327     -2.843368912884447
                  85000      2.059857252233314    0.03042652131437976     0.1707894470380954     -2.446353707510273
                  86000      2.433412439154902    0.03028055396330757      2.840969324796006     0.3603064663603861
                  87000      2.298152703206291    0.03026263656498311     0.2154221135635965     -2.219586584033623
                  88000      2.572234311971031    0.03014040238614338       4.91324141594013     0.9034558716277689
                  89000      2.066337678572473     0.0301213169241648     0.2407939282001089     -2.112925218645584
                  90000      2.039789032910234    0.03009728935352633      0.307186408969461      -1.87020996954574
                  91000      1.492359790819839    0.03009080077750469    0.08041206841435904     -3.210716068594592
                  92000      2.076780700050963      0.030061519050946     0.3804780916882141     -1.657425326240467
                  93000      2.140093379528426    0.03004334584341673     0.2317745509417831     -2.153693504886414
                  94000      2.419296196085198    0.02990791519486203       2.88193504987068     0.3622405662234555
                  95000       2.60862204794697    0.02978267653634441      4.544051577395149     0.8134013699846153
                  96000      2.355032743540045    0.02974052172516161     0.6106746408780046     -1.195025042762068
                  97000       2.65319238841948    0.02966250244890242      5.900598289757907      1.070592892912889
                  98000      1.752003786565397    0.02965070023257968     0.1674079139862694     -2.492180666584683
                  99000      1.941953869300734    0.02960492595579716      0.706232114696358     -1.054215118478243
                 100000      2.305264096660304    0.02958299328828952     0.3212704721494644      -1.84261683534896
                 101000      2.388467872910605    0.02948945492593423      1.743433693005032    -0.1544552674771762
                 102000       2.50467451922782    0.02936420418858919      3.624882527436813     0.5732537072643241
                 103000      2.634067713364231    0.02926787837968797      5.365320948432751     0.9621022483164434
                 104000      2.634471175473925    0.02918374583019408      5.787684436813545      1.034999629450817
                 105000      2.674281482751318    0.02912547203424471      6.554646182201551      1.157442695694815
                 106000      2.684241768501152     0.0290664032255913      6.695144205774503      1.176620934879119
                 107000      2.478166619492115    0.02895467929452765      3.314796473568706     0.4697834885458525
                 108000      2.496935108447097    0.02884276595245222      3.743626167086542     0.5875693575032516
                 109000      2.649916451683417    0.02878276125820379      6.776247763869875      1.178855599880456
                 110000      2.636913081114453    0.02871212258695958      6.585655306888918      1.147868706488728
                 111000      2.304156244880213    0.02869472471154343     0.3511505333357506     -1.784171541863697
                 112000      2.654641210523295    0.02864829668858225      7.409949861406684      1.263573099709003
                 113000      2.259191587956753    0.02863506985441684     0.2745405535389083     -2.032368669821779
                 114000      2.556031468007538    0.02853003517855124      4.453218590184733     0.7502399494711135
                 115000       2.50745067834786    0.02842810430460767      3.886108045512804     0.6104418361707026
                 116000      2.598228165546328    0.02833084643894593      5.135701942215832     0.8858231606507805
                 117000      2.692366900591816    0.02825813066533733      6.631495562995215      1.138867018994977
                 118000      2.627644643298197    0.02818537219799394      6.686185386642557      1.144502079958777
                 119000      2.730393939742935    0.02809144057540274      3.868877279664477     0.5940847181964741
                 120000      2.039734329112719    0.02807726682921136      0.349161394732822     -1.811605337529064
                 121000      2.339880342346276     0.0280565588547931     0.5221686229286311     -1.409886841154291
                 122000       2.82401728581977    0.02804995386942122     0.1600159495825474     -2.592839358664258
