#! FIELDS time e sigma_e height logweight
#! SET action OPES_METAD_kernels
#! SET biasfactor       1.927441707340398
#! SET epsilon     0.01821196306674905
#! SET kernel_cutoff       2.830433390657354
#! SET compression_threshold                       1
                   1000       2.69805738655151    0.05785834540142751     0.1509064987297364     -1.927441707340398
                   2000      2.615924922697115    0.05266053286059657     0.7075643388575845    -0.4764050046027721
                   3000      2.421315506531393    0.05128870031292278     0.1702363341935815     -1.927441707340398
                   4000      2.573639328162051    0.04880732171004019       1.36224308934937     0.1026684459249003
                   5000      2.661651435382287    0.04661687338825914      1.325173613270786    0.02916148298584912
                   6000      2.457082668689334    0.04533674862501837      0.523682065538851    -0.9270971546355802
                   7000      2.499773599605839    0.04384742267926207       1.00352020806454    -0.3101145943402895
                   8000      2.689863421479845    0.04260202001856503      1.291374617145887   -0.08673564607751316
                   9000      2.612810189571656    0.04163724820039496      1.655050671185533     0.1384822192465618
                  10000      2.704142773728475    0.04070717229594516      1.450417360238554   -0.01608891214817322
                  11000      2.485060039390165    0.03990137617457226      1.135757703987043    -0.2806337395244057
                  12000      2.673378469839756    0.03920773628861444      1.723571348610009     0.1189280230327204
                  13000      2.697886321262386    0.03856953601561335      1.740573256992707     0.1123326972641361
                  14000      2.486245265480158    0.03798141694781115      1.216119599738006     -0.261582416042796
                  15000      2.554303881436887    0.03743621591538298      1.287159195659476    -0.2192683702413456
                  16000      2.474442002498062     0.0369293057984267      1.379873364048912    -0.1633474015258545
                  17000       2.71618168497605    0.03646037750450262      1.602510607616852   -0.02654690988082146
                  18000      2.349752729508326    0.03632901301487151     0.2403368438127124     -1.927441707340398
                  19000      2.397093256007142    0.03601203853897526     0.7288163596785743    -0.8268247616759431
                  20000      2.563869374749201     0.0356180027280046       1.79177127679843    0.06171131311377353
                  21000      2.416822643428799    0.03525251800024534      1.219833376720342    -0.3330933299249232
                  22000       2.66078281069973    0.03494879982164683      2.190254823684248     0.2435574609070972
                  23000      2.670692351953108    0.03468583059827989      2.420573253209303     0.3359910948380329
                  24000      2.149352704884592    0.03459213266448774     0.2524042218359268     -1.927441707340398
                  25000      1.897102152637884    0.03449941321357792     0.2530825748476452     -1.927441707340398
                  26000      2.672920370420362    0.03436291413758689      3.002995763708878      0.542243721531927
                  27000      2.493451687957942    0.03405761738628427      1.981154461563634     0.1173888933267851
                  28000      2.719879924978124    0.03380205655649671      2.479775895438905       0.33434527463404
                  29000      2.538000356706535    0.03352446281229348       2.05381003890625     0.1376274670580999
                  30000      2.313662552347286    0.03341815661273021     0.4101501979963834     -1.476477048574978
                  31000       2.65069480411172    0.03322214422614447       2.85803365937609     0.4590059428083657
                  32000      2.666503311739961    0.03307094255648121      3.235549473160412     0.5785092323539167
                  33000      2.498790083070277    0.03282501507000263      2.148186334437332     0.1614702378281204
                  34000       2.33703089367801    0.03268918092757315     0.6998252767677582    -0.9642249772612763
                  35000      2.426280279231678     0.0324755376857932      1.477421568869438    -0.2235590576745407
                  36000      2.511142685886643    0.03225710328471598       2.29194877895302     0.2087961645081532
                  37000      2.717051444357587    0.03206049790924976      2.652597007369847      0.348819278272976
                  38000        2.0467986249809    0.03200948615762423      0.272769149864829     -1.927441707340398
                  39000      2.040326783862259    0.03192891772404151     0.4569776156909128     -1.413953321609698
                  40000      2.498507754729835    0.03173927637879119      2.588742907780115     0.3143827483093539
                  41000      2.508641250578041    0.03156153504838504      2.744044410135452     0.3670274658060556
                  42000      2.688093168395736    0.03143351037564348       3.41235175245163     0.5809316881067815
                  43000      2.674967247983696    0.03131018250196968      3.535562257063576     0.6124711430035467
                  44000      2.312454271769215    0.03121090828829669      0.751705306167522     -0.938987815819966
                  45000      2.428819468409086    0.03104838221722114      1.655131306346825    -0.1549175128407398
                  46000      2.624679745552162    0.03088135828289527      2.588786704974479     0.2869974600871159
                  47000      2.589825222926085    0.03071822668516267      2.077236441334888    0.06154999562177163
                  48000      2.422808278331688    0.03057173306250988      1.638044824826072    -0.1807653856763921
                  49000      2.696507562720235    0.03044387074742714      3.302056350665619     0.5160855335583873
                  50000      2.741936780698818    0.03029403293864698       2.11672124576864     0.0664745074880672
                  51000      2.686741274898808    0.03017929047349145      3.494021368396806      0.563864708450092
                  52000       2.58861277709203    0.03003782320529259      2.104101832814651    0.05200149217325067
                  53000      2.565362411217252    0.02989892205277231       2.22389955386257     0.1027400765161586
                  54000      2.509081594340675    0.02976317158502059      2.508910849163715     0.2187759484768788
                  55000       2.45994898454295    0.02963240070332064      2.165117845739893    0.06699861099099266
                  56000      2.413856453468563     0.0295177569421819      1.617078446629725    -0.2287314566163299
                  57000      2.690538542101957    0.02941240953274326      3.443305107227606     0.5235039131265022
                  58000      2.512358335201422    0.02928935505329276      2.589983088089808     0.2345309250220375
                  59000      2.490807798098344    0.02916974250938234       2.67541465709588     0.2628917747109594
                  60000      2.474059569600766    0.02905252729890418      2.600821683868832     0.2305883428898043
                  61000      2.421742318849786    0.02894463491490684       1.89577279520148   -0.08933313493544882
                  62000      2.453674884728444    0.02883251841678312      2.499173263232629       0.18311928212213
                  63000      2.696879536127142    0.02873422610375739      3.346343764490856     0.4716127334198116
                  64000      2.698982205965758    0.02863868668336665      3.413711088595584     0.4882139180979369
                  65000      2.682263209147059     0.0285490850578763      3.595714239865272     0.5370229736977095
                  66000      2.636932647508864    0.02844609666386256      2.762798697122804      0.269910575727271
                  67000      2.482125966710313    0.02834540085835667      2.798089953244373     0.2790572524218233
                  68000      2.325820939874352    0.02829442225680778     0.7929768444529903    -0.9836411281041764
                  69000      2.477968149852682    0.02819716881837369      2.859118111651437     0.2953902388822338
                  70000      2.564494891748509    0.02810469380707908       2.13601428481897  0.0005336482908216633
                  71000      1.951911325001602     0.0280819434235438     0.3381937166286089     -1.843354196772268
                  72000         2.057434773307    0.02804793784174564     0.5284507475543305     -1.398235121095064
                  73000      1.845165786977543    0.02802497441458012     0.3452056044150719     -1.824863590849193
                  74000      2.780560791506999    0.02797287484554969     0.8864831141774981     -0.883602478500283
                  75000      2.438530027150075    0.02788140556136847       2.57485706974421     0.1794094627623579
                  76000      2.567834774081648    0.02779185380116956      2.516271726305532     0.1531767191314841
