#! FIELDS time e sigma_e height logweight
#! SET action OPES_METAD_kernels
#! SET biasfactor       2.698418390276557
#! SET epsilon     0.01374333274381851
#! SET kernel_cutoff       2.928208142815685
#! SET compression_threshold                       1
                   1000      2.691483394772983    0.06053155025577301    0.06672079877255445     -2.698418390276557
                   2000      2.695655407533607    0.05395681526176425      1.119919291845488    0.00709606888116164
                   3000      2.554101652342662    0.05286957585521286      0.135947412337721     -2.122003656427457
                   4000      2.427569537944678    0.05207586113312736      0.106042313455279     -2.385560119792175
                   5000      2.638056148477882    0.04922627810664964      1.551749851918739     0.2414662574331254
                   6000      2.336556914141759     0.0486545993069886     0.1406991165613476     -2.170729813137525
                   7000      2.509716177047921    0.04732528618702835     0.4127681389879001     -1.122169068353386
                   8000      2.367932636910901      0.046125405438462     0.4324834154773586     -1.101191968968794
                   9000      2.434434262356207    0.04469167254939587     0.7112497046820376    -0.6352890831434821
                  10000      2.544013175282527    0.04332809285211484     0.9753596889391826     -0.350492306212718
                  11000       2.70340680201418    0.04223729758830561      1.544121637469302    0.08341432682358269
                  12000      2.632010296006444    0.04134269273598103      1.772412130061768     0.1998925304248403
                  13000      2.654226240962578    0.04072755332766005      2.265502006070595     0.4303566577240069
                  14000      2.713528383902458    0.03991764043610208      1.787115332110619     0.1730765537703876
                  15000      2.524179175511479    0.03928376776289905     0.9698529572615365    -0.4541439721195836
                  16000      2.491839245605268    0.03867192886166031      1.084094358760856    -0.3584856317371274
                  17000      2.419298204826676    0.03818983573036384     0.8200467211696165    -0.6501691256830477
                  18000      2.398891587411458    0.03769722573385581     0.9603887155066079    -0.5051752229261881
                  19000       2.59340893431362     0.0371667918002796      1.548329430887575   -0.04175232999458896
                  20000      2.611179184441175    0.03671122603559537      2.014577533865515     0.2091475453973017
                  21000      2.445930547896623    0.03628180551603713      1.230439816020326    -0.2956564925900416
                  22000      2.551421171880216    0.03585720270996311       1.60599316473083   -0.04105774351227226
                  23000       2.62893515005474    0.03554394443870054      2.452696108077614     0.3736131120201617
                  24000      1.990959352047515    0.03549399919813443     0.1137858081717225     -2.698418390276557
                  25000        2.0787008112703    0.03544276633622307      0.117632855963762      -2.66661227773239
                  26000       2.58169506774555     0.0351726732099466       2.67189592090659        0.4487131927787
                  27000      2.670856046950932    0.03486796039514411      2.519702259485575     0.3813645486206567
                  28000       2.69423671786931    0.03455402696738213      2.379736543980594     0.3151693217215513
                  29000      2.650990346563454     0.0343289384909769      3.019713214848913       0.54680598893594
                  30000      2.739045918136061    0.03403946025210342      1.510093827067093     -0.154652328899396
                  31000      2.659044667055709     0.0338399688923229       3.20054922088404     0.5906204798628401
                  32000      2.642363951038762    0.03365750259673751      3.414633006592423     0.6499614509222664
                  33000      2.703351816007067    0.03339386749539323      2.631405795861677     0.3815459395045853
                  34000      2.687089303918493    0.03317702704718763       3.19565639559653     0.5693056291377916
                  35000      2.522399134475152    0.03296521836687238       1.36995803201711    -0.2841114396684932
                  36000      2.672529261148377     0.0327873191901538       3.52830954657518     0.6565161426133466
                  37000      1.624493254484385    0.03276294977223086     0.1232707497976669     -2.698418390276557
                  38000       1.99810209793778    0.03272730238720657     0.1835286462889807     -2.301519410399816
                  39000      2.513872738602517    0.03252449699661514       1.51166400613433     -0.199139968175989
                  40000      2.618826981981278    0.03233247948975021      3.284612038905694     0.5709762639033721
                  41000      2.727793754227305    0.03211678028000254        2.3288433304698     0.2204058011104525
                  42000      2.573479771607546     0.0319105542290402      2.227784057220398     0.1695996415384607
                  43000      2.555333083041006    0.03171380116991836      2.129339324320807     0.1182191472836358
                  44000      2.755325678181692    0.03155100601328224      1.468775961640939    -0.2583097126618769
                  45000      2.021747487621345    0.03151635649162867     0.2327928994546679     -2.101443961667857
                  46000      1.829992399089827    0.03149691206853875      0.128225693211378     -2.698418390276557
                  47000      1.978164354499879    0.03145477846914767      0.289085704780167     -1.886825730512587
                  48000      2.026067307091115    0.03140216120472206     0.3702957081627085     -1.640921224793136
                  49000      1.859608904452449    0.03137698563657688     0.1705020173685828     -2.417278029805895
                  50000       2.08972519870707    0.03134485127291928     0.2209832295892308      -2.15896300690505
                  51000      1.811787490180622    0.03131398354773713     0.2128951779447487     -2.197235162459077
                  52000      2.119197621926312    0.03128082077166266     0.2307269272419787     -2.117859808268445
                  53000      1.862405150553156    0.03123986637313739     0.2903592604310574     -1.889285808332731
                  54000      2.702605787718309    0.03112205799784943      3.845570566922755     0.6904942498039296
                  55000      2.687689987871856    0.03104469420231266      4.395786258722795     0.8217297659980034
                  56000      2.500790342641593    0.03089139308790914       1.76123902350487   -0.09784940596980725
                  57000      2.470120006153873    0.03075203851885058      1.547805115414979     -0.231550404063526
                  58000      2.526396530223093      0.030592253233117      2.383912230201821     0.1951451847036673
                  59000       2.34630861557093    0.03053243076398858     0.5463170357773519      -1.28011095992169
                  60000      2.555451476339787     0.0303799519969154      2.827877512974339     0.3589647897083658
                  61000      2.687516596893578    0.03030694181085072      4.511174538001463      0.823589776042287
                  62000      2.666176009478375    0.03023883664493333      4.712468848327522     0.8649944599306845
                  63000      2.377858437521019     0.0301614398809075     0.8646729246602249    -0.8331842441489409
                  64000      2.660579186403681    0.03009187139321877      4.811011131988511     0.8808177962566256
                  65000      2.391812556585136     0.0300063863496814      1.048062332034349    -0.6459912636304381
                  66000      2.695319661295481    0.02992113779722445      4.667105332572876      0.844759654509717
                  67000      2.592685634494827    0.02978475594118963      3.019826091534578     0.4048513989515958
                  68000      2.691523909274478    0.02970702538029634      4.885144398460601     0.8832378450252859
                  69000      2.673626599260739    0.02963994855246114      5.184827891198682     0.9405151499907568
                  70000      2.517170178482588    0.02952178358351468      2.188799946093717    0.07413727899859912
                  71000      2.417477457478652    0.02944518014521303      1.146125921636477       -0.5754268363002
                  72000      2.669861477325541    0.02937791704014213      5.247783386483252     0.9437044841546369
                  73000      2.581559364127014    0.02925660342078568      2.863535318264964     0.3338177306772582
                  74000      2.701382515204186    0.02916764337389527      4.832653031959985      0.854111027861305
                  75000      2.704783967407724    0.02907736411670549      4.838832668332443     0.8522889512658745
                  76000      2.557252993466424    0.02896551261023824      2.729601080833937     0.2759168140271682
                  77000      2.575118528099559    0.02885364564342227       3.03310856470557      0.377479810766717
                  78000      2.621238204368817    0.02874491394731879      3.678754910290043      0.566690638527287
                  79000      2.687652788221163    0.02867903156837755      5.457285922222367     0.9587732684738616
                  80000      2.512643252169205    0.02858680738129233      2.159293830501092    0.02838200672592772
                  81000      2.727868583888733    0.02848294201876353      3.572926759230925     0.5283459006422312
                  82000      2.600298138334384    0.02838114390641074      3.306106285441428     0.4471515636156865
                  83000      2.513665040172977      0.028292841993373      2.253856043096612     0.0609068236116658
                  84000      2.352803990032694    0.02825391912452626     0.7576024731233552      -1.03070885687728
                  85000      2.272730436636047    0.02824440540446098     0.1694071182217893     -2.528899640469604
                  86000      2.206613720842851    0.02823615779608199     0.1465666923850502     -2.674015930224207
                  87000      2.488151705541661    0.02815479432617446       2.04049629071104   -0.04343385056855609
                  88000      2.502997054885028    0.02806654663541307      2.483980801821949      0.150096229007176
                  89000      2.442891136579437    0.02800577809338021      1.383608315263362    -0.4372389049203837
                  90000      2.531337677170134     0.0279146893748297       3.03119726927339     0.3437661687909348
                  91000      2.216372658494806    0.02790447407620497     0.1958884289569534     -2.395767546942728
                  92000      2.454529614215029     0.0278377624885894      1.656823413961051    -0.2630489373292031
                  93000      2.335570327964962     0.0278057248214948     0.6736373409884958     -1.164166016526504
                  94000      2.505905002226738    0.02771962622481223      2.852087068711739     0.2758471591426697
                  95000       2.64068612458823    0.02764369442155451      4.615261662450716     0.7544216544889313
                  96000      2.667821196424412    0.02759182469219393      5.625185146519302     0.9504288223040994
                  97000      2.527210531484346     0.0275082267746514      3.162839111043567     0.3716106302477496
                  98000      2.491053238240511    0.02742965362946908      2.699095600085283     0.2101968691793834
                  99000      2.764166716274972      0.027375109478371      1.478878146727193    -0.3934265835096807
                 100000      2.637046738191018    0.02730431171894978      4.725346040986117     0.7656408603725279
                 101000      2.301426616441005    0.02728649356802744     0.4175574917894343     -1.661285762840642
                 102000      2.479940868349467    0.02721123461674771      2.757489316825428     0.2236059610971529
                 103000      2.430887215925058    0.02715579928378772      1.630025027438902    -0.3041585680811347
                 104000      2.386683136689654    0.02711000598246188      1.276241026748246    -0.5505226185173315
                 105000      2.502960125876239    0.02703407841520346      3.554402791450448     0.4709407294394289
                 106000      2.548032790418572    0.02695944579766597      3.613237819749172     0.4845934404895847
                 107000      2.659067628245627    0.02691387655068623      5.752974392088767     0.9480144549239442
                 108000      2.667698278039265    0.02687384757816788      6.041539256074737     0.9954678656945213
                 109000      2.624936850599624    0.02680665833143115      4.614554754400844     0.7235211250208446
                 110000      2.516827287043598    0.02673567709320732      3.753355698454763     0.5143046247164532
                 111000      2.575402376017893    0.02666582143085833       3.59433157235678     0.4683961282388828
                 112000       2.40919363265235     0.0266220888354513       1.45503383710085    -0.4375741275916169
                 113000      2.528020290942623    0.02655417096733209      3.905729451201164      0.547286836838508
                 114000      2.239866253850959    0.02654579967442817     0.2362920594569589     -2.258159730408971
                 115000      2.601667564666378    0.02647925470225456      4.005273038827387     0.5696287754506425
                 116000      2.533135813898658    0.02641369724230649      4.019334292128312     0.5706544382625622
                 117000      2.645470880067553    0.02636325875225683      5.517754315050749     0.8855977151961082
                 118000      1.714703206920629    0.02635807619951617     0.1535406558780679      -2.69635972494341
                 119000      2.321266367464284    0.02633777610176965     0.6462414078507588     -1.259922448571377
                 120000      1.918091643063687    0.02633117270634184     0.1977505661483063     -2.444339860304418
                 121000      2.737118780296666    0.02626893884237199      3.161429048661937     0.3250668023461793
                 122000      2.250928442622443    0.02625910605875259     0.3037438473217683      -2.01790227612653
                 123000      2.552403721488947    0.02619744386940299      4.270316883073602     0.6230053175285624
                 124000      2.695448199063438    0.02615508298422911      5.930387401729873     0.9497885273857919
                 125000      2.702175300929872    0.02610893095998044      5.750094232640549      0.917149118910525
                 126000      2.526349520610679    0.02604967321607397      4.459999368512102     0.6608092858528173
                 127000      2.510398850487109    0.02599100578688003      4.432936180004405     0.6524681437666183
                 128000      2.600316215503403    0.02593270433399408      4.341601546873721     0.6294036255849144
                 129000        2.4961149296076     0.0258745546817764      4.093058365284167     0.5682079360389298
                 130000      2.698455029344216    0.02583259775246036      5.986364611162899     0.9467769291929207
                 131000       2.67757169248585    0.02580060163671452      6.622475865186603      1.046522546477595
                 132000      2.562601513316606    0.02574448995132364      4.362286106731619     0.6268723158682376
                 133000      2.693174271416857    0.02570811224955457      6.437015153774611      1.014526978840148
                 134000      2.705023700949393    0.02566450675347309      5.974271816782863     0.9382266336828481
                 135000      2.553414547559143    0.02561021696003012      4.500267984302395     0.6527837567156898
                 136000      2.491825214634869    0.02555629499157947      3.897947078472299     0.5069891278077597
                 137000      2.659607287390242    0.02551820458766449      6.371896117146858     0.9969446295250304
                 138000      2.677617389051658    0.02548713544318894      6.891899622889447      1.074176024485357
                 139000      2.478469905048074    0.02543709009105442      3.296123242988679     0.3346107895259245
                 140000      2.442686562819768    0.02540022529053956      1.940422399761913    -0.1966808373195253
                 141000      2.708011613098376    0.02535658337728909      5.886671160512389     0.9113845033017733
                 142000      2.708055679670277    0.02531435772210077      6.031347438413734     0.9339976130086075
                 143000      2.618798892146766    0.02526414182381559      4.582858646959899     0.6573644710925932
                 144000      2.460451948433036    0.02522189134207625       2.60857331820211    0.09217120974510665
                 145000      2.572894100037132    0.02517252343154998      4.300670345349712     0.5901794022409506
                 146000      2.616648696698069    0.02512410928017787      4.682909214974048      0.673402895924159
                 147000      2.476394428417194    0.02507800351556789      3.400690002348369      0.351624898630941
                 148000      2.563273876743697    0.02503037172842696       4.48960821502446     0.6275108351409716
                 149000      2.184566275830056    0.02502558689779547     0.2235255672100228      -2.37267526163183
                 150000      1.987434650048038    0.02501799271477397     0.3611031241780223     -1.893340986529005
                 151000      1.927096971349625    0.02501269715216003     0.2487119916120225     -2.266420692355761
                 152000      2.052351581093169    0.02500600898654246     0.3170624615812959     -2.023884891599905
                 153000      1.934525497605342    0.02499952993568726     0.3071573951211096     -2.055882515186641
                 154000      2.034100511153877    0.02499085346972459     0.4174749553685839     -1.749365389140102
                 155000      2.017256789771114    0.02498066934521695     0.4956308441650596      -1.57816615779553
                 156000      1.793114106435459     0.0249758251460711     0.2285370879586613      -2.35249297062915
                 157000      1.931580539723588    0.02496845347439987     0.3534602260751284     -1.916715709809627
                 158000      1.897739287382477    0.02496168845273855     0.3236261786616932     -2.005168573522081
                 159000      2.447684362308724    0.02492233784909557      2.620042563239718    0.08461050461843359
                 160000      2.108978510447254    0.02491656710899149     0.2772820159377654     -2.161531816889907
                 161000      2.686418286450341    0.02489408194092511      7.414893426344665      1.123776142719794
                 162000      1.492007229604375     0.0248907201555779     0.1622577956267424     -2.698418390276557
                 163000      1.676167550331696    0.02488691249964932     0.1843788650258817     -2.570765088608065
                 164000      2.771231212562475    0.02486158919400644      1.444205118541954    -0.5134614732038523
                 165000      2.524656488167743     0.0248188223088693      5.387543090207275     0.8013472207287691
                 166000      2.403352646312779    0.02479058336603654      1.702802061839058     -0.351605518315705
                 167000       2.70700825050106    0.02476251172408073      7.047958246967887        1.0677242877834
                 168000      2.599491967018916    0.02471920974367978      5.052939569309991     0.7332062684282129
                 169000      2.476109179656433    0.02467573786516896      4.050929974412325     0.5104224040713962
                 170000      2.498863766421105    0.02463389200115108      5.249060796905204     0.7678278209220334
                 171000      2.524176937343583    0.02459408845041471      5.642914803822674     0.8385622861426877
                 172000      2.446869264965651    0.02455676818637685      2.901891462550243      0.172005696745228
                 173000      2.319391777752688    0.02454481069018819     0.6825494496039538     -1.275764408422113
                 174000      2.680910377043181    0.02452899755873343      8.020412089854966       1.18750123261642
                 175000      2.343958894204818      0.024512983947542     0.9635936520590161    -0.9322272240041687
                 176000      2.390957558023725    0.02448806438122397      1.645639689123245     -0.398029554094265
                 177000      2.448527218886807    0.02445079721905734       3.07866002415891     0.2268127044930543
                 178000      2.354955529291116    0.02443106417848138       1.25414774698964    -0.6720328617504181
                 179000       2.64453534263073     0.0243984281458006      6.536506457430007     0.9775769896705112
                 180000      2.296211583189233    0.02438867901845813     0.5797967882902414     -1.445303114096504
                 181000      1.668834459774996    0.02438472431104656     0.2260332205383659     -2.387460975781555
                 182000      2.113919313690114    0.02437900078959446     0.3314031212578878     -2.005042179482778
                 183000      2.029905061876764     0.0243697803602754     0.5483472018542528     -1.501847319970057
                 184000      1.963000615617718    0.02436261586995488     0.4204017729059842     -1.767839164121421
                 185000      1.783142259934084    0.02435811214322138     0.2597073899262181     -2.249679325700997
                 186000      1.890343002275664    0.02435189759652147     0.3630164121181839     -1.915042018980491
                 187000      2.135282447386165    0.02434627725949432     0.3273256104849014     -2.018765461799324
                 188000      1.926004929112271    0.02433849403759699     0.4609792787894866     -1.676687533883139
                 189000      2.667050468915551    0.02431941898158359      7.817279668152043      1.153267229544769
                 190000      2.658373739653512    0.02429647025417819      7.566431792016144      1.119708115178637
                 191000      2.071949291349858    0.02428904871077818     0.4532190781692526     -1.695698637932437
                 192000      1.994806015176184    0.02427905776867395      0.623308701174843     -1.377443779089555
                 193000      1.741306076353133    0.02427540447882133     0.2178948626616747     -2.428623499718773
                 194000      2.219573500049111    0.02426973164475312     0.3434647519495684     -1.973785386617919
                 195000      1.645923859776605    0.02426562626737289     0.2460792763978066     -2.307385303389187
                 196000      2.071930998937956     0.0242570734747768     0.5301672848905494     -1.540198988058523
                 197000      1.828374319846422    0.02425150638436292     0.3380424696287505     -1.990449569428298
                 198000      1.952708041354743     0.0242427626397631     0.5444015307349883     -1.514294633653036
                 199000      1.830296662743225     0.0242362090053773     0.4020036706070005      -1.81779086696105
                 200000      2.670944340219833    0.02422593425370013      8.585991825995128      1.243211178281749
                 201000      2.593232888787123    0.02418759227734859      5.171573859922169     0.7346722874866597
                 202000       2.62689299756704    0.02415372014376467      6.292979235366461     0.9295284541326203
                 203000      1.923292905244651    0.02414514007562163     0.5586137183816628     -1.492558508745757
                 204000      2.093350668142235    0.02413692001331621      0.534596995288381     -1.536844038983738
                 205000       2.09728520536304    0.02412780094015188     0.5984125173055574     -1.424454755173575
                 206000      2.389319219477874    0.02410431944332997      1.790140594231206    -0.3296593467401116
                 207000      2.687310092650118    0.02409345289680346      8.677147782133629      1.248288455478305
                 208000       2.56411700426088    0.02405640394332305      5.297142835990564     0.7532242627632848
                 209000      2.426821919534051    0.02402729213863494      2.528304933315034    0.01239488584409949
                 210000      2.550369059571338    0.02399120122180376      5.477672784911789     0.7840229216217733
                 211000       2.43823511369801    0.02395989539352978      2.942926939545035     0.1614414889163253
                 212000      2.194599751449401    0.02395498011521529     0.3319113834574499     -2.021055584967721
                 213000        1.8382019547646    0.02394838396280034     0.4518361630012597      -1.71287935219357
                 214000       2.14157385368554    0.02394233040161917     0.4134231157827795     -1.801980240439366
                 215000      2.365894312129684    0.02392183000399216      1.619242701105892    -0.4375945593887243
                 216000      2.463243019840021    0.02388680875862324      3.970156834471392     0.4577874083810866
                 217000      2.585415873763433    0.02385241860160822      5.662317490892821     0.8113743179439901
                 218000      2.481257042898712    0.02381706678932139      4.867908058174594     0.6587221414215404
                 219000      2.403536677289067    0.02379131526775102      2.309075279857652   -0.08817682021731252
                 220000      2.600243019390322    0.02375790267895736      5.742642779303679     0.8214901761746398
                 221000      2.612715918198388    0.02372588389134834      6.091214912900067     0.8790695921870046
                 222000       2.60300644829732    0.02369419695479496      6.134033928178199     0.8847381985529669
                 223000      2.672731312119722     0.0236824444560114      8.769514884177315      1.241670960663656
                 224000      2.382435061993499     0.0236599448693555      2.043944357281738    -0.2156795842887816
                 225000      2.467928073723399    0.02362659736259574      4.377834083236882     0.5445826226416535
                 226000      2.481553757637273    0.02359323066985427      5.058738313045038     0.6877323796006823
                 227000      2.428688971655783      0.023564112481336      3.180052337129067     0.2222779897391093
                 228000      2.323186467569454    0.02355228282423057     0.9717863855760936    -0.9637410778461354
                 229000      2.516685890491254    0.02352078866511883      5.858529550514582     0.8314387340807911
                 230000      2.453459172891703    0.02348895335986775      4.179368376622493     0.4923458076655292
                 231000      2.444602815803021    0.02345776846000345      3.998920205244023     0.4468815314101529
                 232000      1.995372691251992    0.02344933016810821     0.6920103263204146     -1.307657033045017
                 233000      1.728336290320761    0.02344608609120937     0.2540896412542875     -2.309709141586603
                 234000      1.894670939956692    0.02344011831493806     0.4791973762792278      -1.67553825736659
                 235000       1.85797469283403     0.0234341768342729     0.4775720608325075     -1.679189274658051
                 236000      2.734927756674238    0.02340326551541573      4.064321594913414     0.4607778420979406
                 237000      2.454850820314068    0.02337206491930907      4.365536133103365     0.5309379473217383
                 238000      2.684801998274248    0.02335730045842857      8.493651957005362      1.195884082386058
                 239000      2.559212271178884    0.02332671573850706      5.640946791145228      0.785306661918721
                 240000      2.741199917529344    0.02329827883065232       3.53667606261339     0.3172222463700663
                 241000      2.646572164116465    0.02327468402880013      7.360699357901384       1.04917663496765
                 242000      2.402961179448737    0.02325170812412845      2.496074636372927   -0.03324661272979235
                 243000      2.692852918752745    0.02323445035518912      8.279932577178144      1.165126369647272
                 244000      2.646837278782906    0.02321139184111655      7.482694276852948      1.062891548140973
                 245000      2.588559995828073    0.02318211899993958      5.864851293810708     0.8180138134567584
                 246000      1.630144677846872    0.02317914498791109     0.2576600977432471     -2.307205624027334
                 247000      1.596053005251239     0.0231766307155996     0.2170509982704149     -2.478823025937893
                 248000      2.296651392465475    0.02316960670367837     0.6337136727146155     -1.407661245179199
                 249000      2.539628860566058    0.02314035106241771      5.697974348359835     0.7873440648633002
                 250000      2.672091765235603    0.02312703586566782      8.854882053040631      1.227626706066969
                 251000      2.419440312259625    0.02310189478721832      3.159809410260649      0.196081789933703
                 252000       1.79258238809345    0.02309775681494146     0.3739898033174309     -1.938135802784298
                 253000      1.972674466906934    0.02309082160284934     0.6453615522277211     -1.392853930006242
                 254000      1.614065501217645    0.02308757678207867     0.2914470038876837     -2.187946985568232
                 255000      1.673497262930681    0.02308423201536535     0.3009101183309604     -2.156138443529315
                 256000      1.633164435184753    0.02308028680344209     0.3572257150938081     -1.984753135993977
                 257000      2.628347720106191     0.0230544525064932      6.812981684122929     0.9623442192921721
                 258000      2.703129461568816    0.02303342739065452      7.813112928382681      1.098405430223747
                 259000      2.426583989009522    0.02300748447201669       3.55128269367025     0.3087838729857426
                 260000       2.70849650349306    0.02298444610452792      7.425542889573974      1.045398967074552
                 261000      2.565127322055789    0.02295667176512552      5.910912711826538     0.8160642954162864
                 262000      2.611633499064619     0.0229298108894672      6.298860832493468     0.8784620841245586
                 263000      2.664372761424983    0.02291482099792731      8.775331011399775      1.209383834878136
                 264000       2.70561192407014    0.02289377188095811      7.850293152255514      1.097071216417045
                 265000      2.506137930115814    0.02286623494523263      5.644210001643759     0.7659470449610613
                 266000      2.645560978564563     0.0228452498965233      7.865748869170947      1.096916398901322
                 267000      2.676623056887447    0.02283321625078319      9.313353289681078      1.265320974592076
                 268000      2.561973064371274    0.02280622298616395      5.863794367388529     0.8014857715037922
                 269000      2.690232638451185    0.02279261122486828      9.173414209723164       1.24840139295692
                 270000      2.648881068520081    0.02277276913993492      8.200147529793552      1.135373069529536
                 271000      2.665258537911435    0.02275876382483945      9.219958922716334      1.251976314387105
                 272000      2.656203927991819     0.0227421875272686      8.873642230621043      1.212962454361506
                 273000      2.666964154788368    0.02272924094325487      9.491622798297097      1.279717279472449
                 274000      2.674697058135608    0.02271793636676957      9.795554108565801      1.310738818927623
                 275000      2.643314774125036     0.0226973703719577       8.25615990529551      1.138864089835558
                 276000      1.937071868891357    0.02269216970749832     0.5850732781872346     -1.508342821785191
                 277000      1.610863859269054    0.02268902779916431      0.345989906955486     -2.033808786453107
                 278000      2.151442658703452    0.02268567858772189     0.3698753035092168     -1.967200083744401
                 279000      1.936102783677566    0.02268005275824336     0.6376136851640852     -1.422881445343297
                 280000      1.704904670101128    0.02267744230019729     0.2865994792785992     -2.222643443564102
                 281000      1.685110528892305    0.02267434386126628     0.3421108453223842     -2.045730988599944
                 282000       1.76716095516623    0.02267146562966709     0.3172648175029832      -2.12125591656866
                 283000      2.057011550718068    0.02266639065402826      0.573353538450342     -1.529714079796969
                 284000      1.878329496236242    0.02266209905328015      0.481147215869464     -1.705232671980882
                 285000      2.023720727361562    0.02265603045327966     0.6949696441964571     -1.337805612338506
                 286000       1.69486473725789    0.02265265082832296     0.3759908961258612     -1.952258031094588
                 287000      1.991069021375099    0.02264627448960036      0.734437911956094     -1.282999023491386
                 288000      2.121269363519294    0.02264162336886385     0.5258527588499959     -1.617288639457727
                 289000      2.600433617252764    0.02261585374360183      6.008189756645126     0.8174300891631989
                 290000      2.553445007231095    0.02259013027429873      5.615800799891344     0.7487527311320236
                 291000      2.706884048190302      0.022568615393222      7.873538542801994      1.085723265127363
                 292000      2.670743835106039    0.02255682083990092       9.81354025143542       1.30545602463511
                 293000      2.249053631357476     0.0225537158721049     0.3587738150472861      -2.00350785686791
                 294000      1.764031915366124    0.02255062972585679      0.356760174956454     -2.009273072685181
                 295000      2.437456151515354    0.02252860711679494      3.640112754630033     0.3124560245375937
                 296000      2.626087174144165    0.02250509256588954      7.139247076485805      0.985004376958363
                 297000      2.677254159870254    0.02249403911675603      9.994492015188349      1.320939926512111
                 298000      2.669619328101736    0.02248246029768453      9.984104212446534      1.319385150179988
                 299000      2.446296095634935     0.0224602369613129       3.90937408925481     0.3807792191113765
                 300000        2.5556434443682    0.02243557338162851       5.62893638023851     0.7442237386151362
                 301000      2.390310869899353    0.02242064131488413      2.165290555006862    -0.2118079824026566
                 302000        2.5517748006406    0.02239622496355332      5.694070648719777     0.7539732503753037
                 303000      2.448016750570399    0.02237418929732073      4.034936582570317      0.408554053523714
                 304000      2.483484444722642    0.02235079670378084      4.784784908746849     0.5779584776482529
                 305000      2.595605157010104    0.02232688339899988      6.084681666685828     0.8172213343990637
                 306000      2.569857807391274     0.0223031449279553      6.143439712308887     0.8257679334888757
                 307000       2.41221920887097    0.02228523165183195      2.940942067054449    0.08830960008349996
                 308000      2.392477645818046    0.02226971671458075      2.410047245636823    -0.1114704502194432
                 309000      2.662616836221547    0.02225634832199908      9.642165305021015      1.274428423640733
                 310000      2.701746456911631    0.02223806103425623      8.586676495824134      1.157672476915464
                 311000      2.715119729631013    0.02221556864320087        6.9394968077746     0.9436780369069847
                 312000      2.750625462006593    0.02219952790260702      2.621891140042113   -0.03037767264788667
                 313000      2.656511588945951    0.02218403231374718      9.261846279546546       1.23093161373887
                 314000      2.519162879628706    0.02216134616855836      5.310383301444259     0.6736690629686183
                 315000      2.359494924940948    0.02215093809963713      1.550841288397284     -0.557667164105187
                 316000       2.52893112284803    0.02212833966615228      5.482221492843169     0.7040249633641693
                 317000      1.916833766889519    0.02212399104188152     0.5978286790347067     -1.512133030980859
                 318000      1.959052580081021    0.02211914943186137     0.6706130229126732     -1.397463864101113
                 319000      1.799210020093011     0.0221159437591768     0.4351869572880745     -1.830025330098434
                 320000      2.060522288143838    0.02211159477801447      0.599547654468729     -1.509822258007751
                 321000      1.939767090413411    0.02210646987249848     0.7145784407724531     -1.334536745622771
                 322000      2.701626376086474    0.02208878418853143      8.643084435066557      1.157484928604952
                 323000      2.469492185011818    0.02206788946524165      4.419373896126547      0.485777057946058
                 324000      2.524940644477239    0.02204577236427521      5.542528513784855     0.7112270988430855
                 325000      2.459140603148824    0.02202531406232255       4.32283143504334     0.4617584811923373
                 326000      2.726168831859386    0.02200348239010567      5.485763041254906     0.6990123672965824
                 327000      2.711357648300702    0.02198327303541568      7.564103256027868      1.019351087062004
                 328000      2.499026342182068    0.02196186654409346      5.251640355290344     0.6535035246896727
                 329000      2.662623096114437    0.02194762286037323      9.453031292690486      1.240649735284236
                 330000      2.625943991815896    0.02192661396428515      6.895247805158887      0.924189036727046
                 331000      2.679931384474191    0.02191437092649652      9.946088314928874      1.289977405775225
                 332000      2.668811792655463    0.02190167829876242      9.895534555117756      1.284302306656766
                 333000      2.509377033425553    0.02188069179848718       5.41742188287806     0.6808800675988839
                 334000      2.304500140090006    0.02187654532159376     0.6267663486983284      -1.47611094660496
                 335000      2.350732254952241    0.02186815256834216       1.35657008080257    -0.7043536896879329
                 336000      2.704112505378941    0.02185075471478806      8.604181047951124      1.142139152929868
                 337000      2.596273761111519    0.02182984948752769      5.856769511666178     0.7565318872690671
                 338000      2.715217735133631    0.02180980212696075      7.270442394510272     0.9718320871257995
                 339000      2.450838755967235      0.021791299971568      4.110801487151238     0.4007842625803357
                 340000      2.706800117064083      0.021773597025215      8.405519043566162       1.11524204700718
                 341000       2.72019405255247    0.02175329167010536      6.719601341528584     0.8904493536139604
                 342000      2.334185775568996    0.02174684340240091      1.058920123520609    -0.9576263086956025
                 343000      2.473794231166674    0.02172772226682824      4.622428563101203     0.5151646367922323
                 344000      2.567508284057911    0.02170756614201837      5.735959008230622     0.7300712645605765
                 345000      2.474612468999867    0.02168845594779947      4.752036395036477     0.5410088137174224
                 346000        2.6583937731658    0.02167372381935533      9.307423179130284      1.212568353789646
                 347000      2.729459368133888    0.02165401855277509      5.490643483313923     0.6838919481773257
                 348000      2.555744402712537    0.02163433432228756      5.630619658518412     0.7081565422002679
                 349000      2.437439383610526    0.02161731989634557      3.876652532296919     0.3341223100581578
                 350000      2.696149646391288    0.02160319240230393        9.4501256466376      1.224524575307914
                 351000      2.745561347725149    0.02158701516354768      3.613860663025153     0.2625240585160555
                 352000      2.182860461587944    0.02158502933359038     0.3231563118640743     -2.151963709395127
                 353000      2.657776104976791    0.02157053198069511       9.33284310207406      1.210523256214716
                 354000       2.69543286916678    0.02155682665983224      9.597846166996147      1.237886702218813
                 355000      2.676920048511718    0.02154544091976482      10.26549125898697      1.304607580694667
                 356000      2.496297011668005    0.02152678496656182      5.175369709472523     0.6188641879729739
                 357000      2.482921662561679    0.02150843831362474       4.99201399104115     0.5819402093707176
                 358000      2.709271826041271    0.02149144051797805      8.347257024909643      1.095243163083638
                 359000      2.764806012151763     0.0214822550939288      1.771000935124887    -0.4555724255197942
                 360000      2.574940582665918    0.02146351098990087      5.702972317155254     0.7129972659159397
                 361000      2.473194449404895    0.02144570331878281      4.838018322265639      0.547684950945924
                 362000      2.434982118759466    0.02142984531850672      3.829877236280434     0.3132727787372009
                 363000      2.488862770193344    0.02141173711716507      5.233113041082554     0.6246010016130593
                 364000      2.452846351954682    0.02139458420215541      4.568829790548618     0.4880503618902894
                 365000      2.572875893139356    0.02137626747803896      5.755008662969266     0.7180072955280219
                 366000      2.443109308947815    0.02135969204398297      4.331313135322955     0.4330317948972119
                 367000      2.571382154193005    0.02134151709680833      5.836422773438752     0.7304278431882166
                 368000      2.546976587420193      0.021323563396792      5.596732032849595     0.6876510236336081
                 369000      2.589536350208567    0.02130555208904934      5.891873570298089     0.7381971784964227
                 370000      2.721626351486287    0.02128763721727658      6.733537561362595     0.8708825758289144
                 371000      2.647188905494449    0.02127162636646114      8.377654537924384       1.08859751423625
                 372000      2.663138531290112    0.02125857423266128       9.62304603850631      1.226576595646878
                 373000      2.551121326308868    0.02124098383159694      5.731724133302865      0.707604334164886
                 374000      2.638308210324037    0.02122419452651928      7.785272532337846      1.013031032013007
                 375000      2.658781057303451    0.02121072697692713      9.469284634507055      1.208215845129966
                 376000      2.511188189900671    0.02119358592676379        5.4477005996165     0.6545476343733875
                 377000      2.711925821273173     0.0211771358921309      7.923486482564097      1.028408863212959
                 378000       2.71639335418762    0.02116023438995674      7.449803569299847     0.9659667872436716
                 379000      2.522410769205663    0.02114331464104648      5.496335885035418     0.6610608681864186
                 380000      1.919906336243633    0.02114013341752124     0.6225212429359956      -1.51714879668604
                 381000      2.601969261236692    0.02112313494452766       5.76414658971073     0.7076814302294391
                 382000      2.493662477699845    0.02110650236634602      5.364091814737502     0.6349636819211227
                 383000      2.431396601043308    0.02109242372336794      3.750359799972628     0.2764211305764352
                 384000      1.496745641480423    0.02109133184375237     0.2096565470776697     -2.607766996484157
                 385000      2.039926612531728    0.02108826345140294     0.6087195052325975     -1.542025610940412
                 386000      2.005991897698283     0.0210847596499886     0.7009019628499437      -1.40118132919701
                 387000      2.057428604348705    0.02108169330476385     0.6092311206453693     -1.541497089043031
                 388000      1.939878585001039    0.02107822289255003     0.6948958846419752     -1.410097396022562
                 389000      1.998039942684308    0.02107461150659592     0.7255334961709479     -1.367123530304623
                 390000      2.089146788529176    0.02107185904267455     0.5452268910539609      -1.65295936365532
                 391000      2.022555390690628    0.02106806566961299     0.7657476675741124     -1.313488722785039
                 392000      2.046223180087781    0.02106451043530095     0.7152678470336425     -1.381853102932037
                 393000      2.464588898329056    0.02104864506928264      4.885123492253257     0.5386861936429399
                 394000      2.363138148325026    0.02104165774054866      1.513991859613972    -0.6330906092466244
                 395000      2.501356216733654     0.0210252380610016      5.570955764925247      0.668945597099071
                 396000      2.542801324430294    0.02100881766529845      5.696766033944348     0.6904963275600275
                 397000      2.138763638134658    0.02100671770281406     0.4193981988679912     -1.918436740110724
                 398000      2.685958883753246       0.02099406153497      9.530621212335296      1.204404951927997
                 399000      2.541674665392738    0.02097792308667454      5.507441742256016     0.6552262626760389
                 400000      2.206410701411159    0.02097624805251042     0.3364066812612178     -2.140388299750158
                 401000      2.208264236121154    0.02097443988392752     0.3640899312080101     -2.061394392312125
                 402000      2.750935878541977    0.02096272005084672      2.995225981364637    0.04542074382648578
                 403000      2.450446657074317    0.02094803020005427      4.387627392541919     0.4264886795694243
                 404000      2.527534016628581    0.02093213072349039      5.466420230413735     0.6455647367624184
                 405000      2.589984900875283     0.0209162217683691      5.583581528680408     0.6660108783702902
                 406000      2.546909495623983    0.02090034391403474      5.650532171049909     0.6771707821193987
                 407000       2.68132110585357    0.02088803497643224      9.553699373046484      1.201760392038316
                 408000      2.672846116566688    0.02087570684024542      9.559132535826816      1.201738552568155
                 409000      2.622365858998903    0.02085980035113944      6.234060897335263     0.7735072662888057
                 410000      2.367267668581993    0.02085316839039731      1.534477566236702    -0.6286486889728902
                 411000      2.208042883209573    0.02085132989593127     0.3868738785338388     -2.006583366363037
                 412000       2.24114438727749      0.020849590826828      0.365473336083874     -2.063572193126749
                 413000      2.670588533130476    0.02083736898848657      9.578135191886375      1.201886315195325
                 414000      2.673172864700052    0.02082545256860013       9.72167533053902      1.216189320309446
                 415000      2.509230313560923    0.02081019177829603      5.426836178606022     0.6324546020830352
                 416000      2.740487445288499    0.02079674943201975      4.076770409148875     0.3457572435427533
                 417000      2.681071309982986    0.02078516096309713      9.833851377423548      1.225725410387555
                 418000       2.70591438960185    0.02077082317662322      8.355747467598249      1.062154329395083
                 419000      2.441535003405838     0.0207576496213845      4.032386672393922     0.3329287000319985
                 420000      2.187074958048342     0.0207559170819325     0.3787227979785844     -2.032463940877246
                 421000      2.030758176869768    0.02075258845986928     0.7499465189621611     -1.349426961316242
                 422000       2.52633830088041    0.02073760519105477      5.504545566447447     0.6431783833154916
                 423000      2.664076477630616    0.02072519524526595      9.417812451123815      1.179608397263531
                 424000      2.539836491607656    0.02071028072672919      5.590801802078515     0.6574083801807273
                 425000      2.685618411717919    0.02069870095330697      9.793199839781039      1.217414631121935
                 426000      2.556285511247222     0.0206838426142825      5.698652575926526     0.6752380399343818
                 427000      2.518553057718084    0.02066912988932698      5.576522984306836     0.6528621763263948
                 428000      2.517291936959293    0.02065443844844955      5.638537931567282     0.6632104709721521
                 429000      2.687021518695139    0.02064290079785663       9.76610157760131      1.211944277780245
                 430000      2.218101876460086    0.02064105329882769      0.423120473510937      -1.92716092412219
                 431000      2.662761929324722    0.02062879043474959      9.411521543336693       1.17427776659132
                 432000      2.671089963787477    0.02061745531279313      9.876828865777748      1.221984995297543
                 433000      2.700756863279557    0.02060440929949004      8.952498542543752      1.123093194425561
                 434000      2.702405891897183    0.02059125422282055      8.865236838837129      1.112659526473512
                 435000      2.803926793937286    0.02059003958716163     0.2821080773193947     -2.335002147105059
                 436000      2.662243008049812    0.02057835374722283      9.717499743918991      1.203823529529569
                 437000      2.551369289256461    0.02056400109271424      5.803364177374578     0.6876352450898767
                 438000      2.504447537827024    0.02054968165336057      5.851928747848041     0.6952721946708456
                 439000      2.736837584643208    0.02053632958388661      4.823057791502268     0.5012590537922667
                 440000      2.355774859846531    0.02053086384025319      1.417537985829906     -0.723493701079273
                 441000      2.741630223154408    0.02051831501931721      4.290366285211742     0.3833454511039603
                 442000      2.689277223739104    0.02050863221455142      10.55513751266716      1.283114028345031
                 443000      2.687144610647453    0.02049929022007382       10.7210579118171       1.29825553648919
                 444000      2.644027024099088    0.02048593947141227      8.491748592257649      1.064489147313597
                 445000      2.466335781844874    0.02047288068081537      4.824890349761091     0.4985445636018674
                 446000      2.578283867585609    0.02045885229513533      6.080573617635388     0.7291701382047546
                 447000      2.676214466926334    0.02044992456700942      10.89585014014543       1.31201662725996
                 448000      2.402631628740726    0.02044180510104333      2.370702064849727    -0.2135763474277447
                 449000      2.270339880639724    0.02044020760885814     0.3970425466300289     -2.000552473633594
                 450000      2.566612614038741    0.02042624928676541      6.276416101522189     0.7592753743509622
                 451000       2.16604121544053    0.02042471743847846      0.382158109757498     -2.039519611792902
                 452000       2.53285500786285    0.02041088406622515      6.108589428154443     0.7314196127162886
                 453000      2.360577557834234    0.02040527565725537      1.542126572856689    -0.6453887288190119
                 454000       2.49876785536854    0.02039169296139745      5.773301887042983     0.6740272155561454
                 455000      2.642897455617867    0.02037862435958846      8.409899320649453      1.049551466292645
                 456000      2.427562762094715    0.02036803585870123      3.524659419210538     0.1794060530651763
                 457000       2.41080562856274     0.0203590481295809      2.797994731797906   -0.05191613022202878
                 458000      2.408027145537439    0.02035019253974701      2.751494723527252   -0.06910988912114847
                 459000      2.658194722798183    0.02033941184519478      9.943055442431218      1.215090273823648
                 460000      1.792446522123704    0.02033784205403375     0.4037976070490909     -1.988702770135821
                 461000      2.550309579865067    0.02032429974926047      6.292315363569267     0.7568017452329263
                 462000      2.719111241046826    0.02031080590446577      7.333646233961383     0.9092813248108487
                 463000      2.542897412704657    0.02029737129517534      6.300140763293907     0.7567187991200758
                 464000      2.721039412362848    0.02028393264918582      7.117810002288625     0.8780846094760179
                 465000      2.700000484618394    0.02027303441433845      9.808037617878128      1.198149301422474
                 466000      2.681938262147308    0.02026430544603093      10.91066616513102      1.304257281726779
                 467000       2.62354827538803    0.02025100764886121      6.534899663303379     0.7910169837474686
                 468000      2.646280976050736    0.02023881468066372      8.858362364659536      1.094619630118372
                 469000      2.321558050226088    0.02023590885477462     0.8022620483774183     -1.307205850787244
                 470000      2.643943887214038    0.02022358619883869      8.696285169543138      1.075400937103946
                 471000      2.439277892847725    0.02021258714077883      4.097016556973079     0.3222200137036242
                 472000      2.613058829356207    0.02019968175420447      6.001981030144075     0.7034118737426543
                 473000      2.346974435659887     0.0201953031636993      1.270802360458405    -0.8492460206295667
                 474000      2.328847712521519     0.0201919497933325     0.9497987285879202     -1.140565743808045
                 475000      2.769846510885877    0.02018706183111206      1.440961244400033    -0.7239922447135158
                 476000      2.554122134212048    0.02017419264733139      6.133267593121278     0.7237872910292662
                 477000      2.573026831074924     0.0201613913310578      6.091331915953568       0.71629165625743
                 478000      2.432387269638648    0.02015121240468285      3.715270070649016     0.2213712662031226
                 479000      2.223980099327996    0.02014964018397838     0.4335758273563488     -1.926846709990992
                 480000      2.660494760672266    0.02013904434035689      9.822495675425532       1.19299110529422
                 481000      2.539516213543872    0.02012638973390738      6.074710362801043     0.7118216249841747
                 482000      2.298642018430786    0.02012434768464304     0.5748623212649322     -1.646038860762036
                 483000      2.541022426166236      0.020111702962404      6.183396848588356     0.7288250926857673
                 484000      2.071451131880909    0.02010962183679687     0.5891782790865869     -1.622172623515714
                 485000      2.630168983107632    0.02009689633589191      7.090557771368684     0.8649848373710775
                 486000      2.667463854546743    0.02008714957410229      10.27226794001504       1.23518355482667
                 487000       2.65861047879929    0.02007662741585253      9.802858031734226      1.187885740167439
                 488000      2.682849857878308    0.02006728994446946      10.52091227250928      1.258111482766739
                 489000      2.512858618421283    0.02005508912379211      5.777464973124513     0.6581033814714465
                 490000      2.573820877107209    0.02004274033377732      6.146701905186629     0.7194381102403631
                 491000      2.623615887218261     0.0200303006912972      6.579493307644082     0.7868593368446188
                 492000      2.653447550167756    0.02002009299921097      9.955936069452152      1.200560820145604
                 493000      2.601096022659896     0.0200080389294677       5.83681630008333     0.6659750711407256
                 494000      2.386867680548002    0.02000193444635751      2.019683282897113    -0.3955748625523542
                 495000      2.551141867973998    0.01998970246352541      6.377610554794429      0.753666207927599
                 496000      2.284116078053495    0.01998805089988469     0.4868129090568832     -1.819085322247512
                 497000      2.708712324015767    0.01997641358943928      8.611216404340391       1.05327328140733
                 498000      2.498694249492015    0.01996469592475855      5.568522651268613     0.6167507333550369
                 499000       2.26691448744372    0.01996323135710748     0.4338330073334045     -1.935548007459559
                 500000      2.042197490665422    0.01996085076916565     0.7207254928769351     -1.428068613835079
                 501000      2.126937907188124    0.01995930746412299     0.4584010508371203     -1.880659809309072
                 502000      1.888337200356586    0.01995779600902746     0.4487812062449961     -1.901944519043616
                 503000      1.805022768553264    0.01995640268607727     0.4127473179682836     -1.985714227889826
                 504000      1.751890544179662    0.01995529440424741     0.3263282847935136     -2.220701466162061
                 505000      1.985283416260174    0.01995305794026755     0.6760650831131824     -1.492428081197365
                 506000      1.808061662223359    0.01995156622013914     0.4433879511503131     -1.914347070631913
                 507000      1.481591093423382    0.01995078022328739     0.2300639573441284      -2.57047424401974
                 508000      1.977054331795335    0.01994853205379442     0.6805519209854922     -1.486040164369336
                 509000      1.717733228360372    0.01994744418341705     0.3207731285866596     -2.238264708455524
                 510000      1.894999406104099    0.01994575234471713     0.5058711487523586     -1.782801645464754
                 511000      1.905103840354037    0.01994383757319826     0.5757543287082938      -1.65349858210555
                 512000      1.976620605830679    0.01994149414439384      0.712247779521226     -1.440871291644227
                 513000      1.935946512870537     0.0199392464305066     0.6819714034802581      -1.48442214265139
                 514000      2.087516327240147    0.01993734096310474     0.5737461246092589     -1.657318430604888
                 515000      2.156340953038479    0.01993594344690866     0.4160688168943623     -1.978724863528477
                 516000      1.887927509294005    0.01993416837521752     0.5332775681332601     -1.730622523717001
                 517000      2.443794839000189    0.01992393856873384      4.255803448192753     0.3458609583917835
                 518000      2.525644793887335    0.01991200563655848      6.323483097705513      0.741248465317498
                 519000       2.68914732369871    0.01990337521261316      10.72632962758822      1.269246195530614
                 520000      2.446360557358894    0.01989310698484413      4.369986500102401     0.3707886467141714
                 521000      2.623927443390826    0.01988117345981363      7.020303085342595     0.8442350560738496
                 522000      2.697864356477134    0.01987154346683631      10.09834123708378      1.207315345982509
                 523000      2.629533185811399    0.01985976642397082      7.618317888298294     0.9249069309590288
                 524000      2.109743348000937    0.01985800492007094     0.5453805593509962     -1.712008819808321
                 525000      1.692712216575154    0.01985684092399732     0.3555182447593123      -2.13997469317985
                 526000      2.026557460696672    0.01985428936739207     0.8061491473650062     -1.321410996631297
                 527000      1.970400639361138    0.01985197021901729     0.7289003704715878     -1.422259526981179
                 528000      1.795245036415091    0.01985044098507307     0.4717554630482997     -1.857412853874948
                 529000      2.103102198958088    0.01984856673864368     0.5832013217241666     -1.645435594257494
                 530000      1.725035426766433    0.01984744166835089      0.344102070954967         -2.17308639433
                 531000      1.928407556718254    0.01984521279005373     0.7001431324113687     -1.462852243409186
                 532000      2.580773082500595    0.01983357584556541      6.311495606915575     0.7354043592602244
                 533000        2.4795397379281    0.01982276817502135      5.073015009687094     0.5164219399901351
                 534000      2.617741256202996    0.01981115820269957      6.484241016273076     0.7612755364439873
                 535000      2.695400217235195    0.01980163915882433      10.06300375511723      1.200285861962979
                 536000      1.791829206140373    0.01980010552222381     0.4818611893300428     -1.838756490480705
                 537000      1.973751995648779    0.01979777347779604     0.7476450559150457     -1.399602019268651
                 538000      1.813976244587737    0.01979623941084901     0.4824570548564617     -1.837715938948514
                 539000      1.966378213245201    0.01979386629541485     0.7623543966660434      -1.38031619950106
                 540000      1.889174199744645    0.01979211655007492     0.5537076255420467     -1.700179341116566
                 541000      2.462454636334191    0.01978190823447051      4.627575933778656      0.422456406820288
                 542000      2.490503972199611    0.01977103646647466      5.354941581637291     0.5678932945270611
                 543000      2.299476344118732    0.01976905238700643     0.6359554865925416     -1.562853565780255
                 544000      2.512358517905596    0.01975773222031031      6.183402104411936     0.7110689796636581
                 545000      2.737756582317553    0.01974748293464514      4.762963063902328     0.4495514416477197
                 546000       2.59691321860479    0.01973632353134791       5.98794375615172     0.6778642835780212
                 547000      2.705644884794849    0.01972610092695668      9.314480372261926      1.119168335261109
                 548000      2.327360619328322    0.01972316190532997     0.9820780500282854     -1.130635378979383
                 549000      2.696223928089862    0.01971424145206128      10.34032377103841      1.223047909761567
                 550000      2.657980229270253    0.01970518825580868      10.25630553193195      1.214430092376423
                 551000      2.766620919896425    0.01970046815351186      1.683822092023677    -0.5926358984503666
                 552000       2.27270456130227    0.01969895439959116     0.4934212087212811     -1.820171095017852
                 553000      2.483926170655937    0.01968845557318401      5.257741896598465     0.5453895275870404
                 554000       2.67434040931966    0.01968048121600568      10.92708818538667      1.276527642103431
                 555000      2.673551105835319    0.01967255454746402      10.97410484301612      1.280418324334544
                 556000      2.482200844040336    0.01966217264232864      5.246590869093814     0.5419305646023758
                 557000      2.547292237579771    0.01965116578618419       6.39310241288117     0.7390117630648674
                 558000      2.579915323184826    0.01964026012409953      6.216885600632855     0.7105060592860073
                 559000      2.338039847605996    0.01963696192511013      1.157323428718582    -0.9708210094335652
                 560000      2.581644442076475    0.01962609560735702      6.236828417389957     0.7129873137408134
                 561000      2.374062407465963    0.01962131375682922      1.767952983937993    -0.5479057791769673
                 562000      2.635096569092367    0.01961050022546953      8.044178548004011     0.9666692544380623
                 563000       2.54444017375255    0.01959964434652528      6.470869609934739     0.7484773642267724
                 564000      2.525031636846684    0.01958888029993777      6.300481859938198     0.7212436275621371
                 565000      2.445245820253727    0.01957972741075669      4.296581496575812     0.3379698586854346
                 566000      2.528228063724862    0.01956899666260027      6.395595819386948     0.7352115489734441
                 567000      2.472022017882919    0.01955913418671052      5.024997764302998     0.4935228459519816
                 568000      2.535512381883075    0.01954843063316551      6.537255973766574     0.7560679480145639
                 569000       2.54424522756601    0.01953772663942898      6.698433205900063     0.7798763828690184
                 570000      2.449631938225697    0.01952845755784957      4.525386318401833     0.3872311491950196
                 571000      2.631107688944286    0.01951782999315909       7.66293304477648     0.9133786586812213
                 572000      2.462887084983415    0.01950823682723803      4.903720264364566     0.4664863702249858
                 573000       2.67264782317316    0.01950049963672196      10.89812414019218      1.264686202609946
                 574000      2.485984172658087    0.01949044289705797      5.563317779515312      0.591774328590878
                 575000      1.781626761421102     0.0194890542949363      0.487633435377259     -1.842682884861427
                 576000      2.685734316528426    0.01948125574450934      10.85453750480397       1.25969139295674
                 577000       2.65535861375918    0.01947231658842466      9.997086546775289      1.176942937762764
                 578000      2.685804268231991    0.01946457805661928      10.91590322973029      1.264472479389028
                 579000       2.64922085951568     0.0194551608176248      9.527464104156017      1.127946396468735
                 580000      2.717360999417876    0.01944473597257801       7.54378873307914     0.8939563674383035
                 581000      2.306160022841935    0.01944269896007432      0.745685028447026     -1.420324919245513
                 582000      2.641442223961225    0.01943279058409906      8.825013601761821      1.050207457393457
                 583000      2.589706905760275    0.01942272103618154      6.010426013926764     0.6655946361900251
                 584000      2.515743927408896    0.01941252508360772      6.394976267379059     0.7270866422913618
                 585000      2.690277709185051    0.01940454887074924      10.71279802508989      1.242602058083909
                 586000      2.601153189678959    0.01939461045017912      5.938797058695854     0.6521572508983634
                 587000      2.522627047916566    0.01938447189909779      6.510031385554781     0.7434720431083442
                 588000      2.795521339473574    0.01938330213976183     0.4280563359785514     -1.978433047169635
                 589000      2.528013048763564     0.0193731727811878        6.6066799453141     0.7576259506201001
                 590000      2.456647363476522    0.01936421678519552      4.745885543432301     0.4263603463567012
                 591000      2.507658023564206    0.01935420155333955      6.420059076164057     0.7279922877771552
                 592000      2.150594807645613    0.01935301036286172      0.440537463551969     -1.951256369969823
                 593000      2.461544602497581    0.01934394283155224      4.925716232383488     0.4625044682333998
                 594000      2.450350999238966    0.01933512602955987      4.685424749568747     0.4120354541993942
                 595000      2.625216923969584    0.01932506301590962      7.236201010291709     0.8461546394424923
                 596000      2.151194701965866    0.01932383004671214     0.4608750415768546     -1.907633842716715
                 597000      1.700209898191114    0.01932283026620403     0.3714495243728297     -2.123399543902962
                 598000      2.283018746625392    0.01932130307451459     0.5758868717708462     -1.684980329542614
                 599000      2.756469952199442    0.01931569222191226      2.445299711160142    -0.2392590315135666
                 600000      2.711532582247738    0.01930592985094566      8.401846897467806     0.9945192830891352
                 601000      2.665822089687574    0.01929825655806212      10.78454410148537      1.243784203240991
                 602000      2.611486152773303    0.01928850622776826      6.262845366331985     0.6997994372558486
                 603000      2.545371569838927    0.01927865296103347      6.702566515832179      0.767144372465044
                 604000      2.260043677006895     0.0192773745740521     0.4871871319061806     -1.854519431136074
                 605000      2.086612535698436     0.0192758189542225     0.5977316530082744     -1.650106522312509
                 606000      2.589687565538549    0.01926619427998603      6.122844109292375     0.6760341184619013
                 607000      2.249181749883565    0.01926495449169528     0.4738382399760709      -1.88294622777863
                 608000      2.355248869480805    0.01926141001805189      1.457056935580215    -0.7598223451537236
                 609000       2.67279160948143    0.01925418835319546      11.06902186939245      1.267534435769556
                 610000      2.647536070277043    0.01924521685416248      9.461241189736807      1.110121570974584
                 611000      2.681416840588821    0.01923807624641924      11.14362404866066      1.273414390969818
                 612000      2.690773420052862    0.01923042887002625      10.76986650964835      1.238901395707511
                 613000      2.696809491234915     0.0192222533655415      10.31483925938809      1.195307638321937
                 614000      2.310581216935073     0.0192202292478324     0.8110527240800275     -1.347803446968137
                 615000      2.319299746509743    0.01921792188188134      0.933240336624896     -1.207593802998259
                 616000      2.338527894720652    0.01921496483939423      1.222438777969249    -0.9378073063168275
                 617000      2.740388344843963    0.01920696387982973      4.284411253651775     0.3159114986880805
                 618000      2.678221414698418     0.0192000852505179      11.33509729420039      1.288474024375678
                 619000      2.433748334672905    0.01919253833003659      3.933311427265658     0.2296586860807866
                 620000      2.490250211813709    0.01918337202150289      5.764977205014984     0.6115005007179849
                 621000      2.539841365586658    0.01917386166690203      6.670836876996749     0.7569487386601136
                 622000      2.547532924317927    0.01916435659539737      6.771732162567986     0.7714644769669998
                 623000      2.595549546421843    0.01915513486474265      6.030422947452545     0.6550434054314848
                 624000      2.042405755997454    0.01915334154119287     0.7311632402803006     -1.454985902050465
                 625000      2.531592024859342    0.01914390259896725      6.749091284470071     0.7670475718599188
                 626000       2.50303165484935    0.01913460662690496      6.353426332393146     0.7061482459537113
                 627000      2.588583095705995    0.01912539475090827      6.205601013354707     0.6821247313391773
                 628000      2.225969330585975    0.01912426833084314     0.4547846709153965     -1.931317663237194
                 629000       2.21680458500261     0.0191231095301991     0.4684343823222806     -1.901806281679619
                 630000      2.115447386609138    0.01912172446380887     0.5638369000985223     -1.716509720572439
                 631000      2.775339129023169    0.01911890997171535       1.20012030756061    -0.9612448580023564
                 632000      2.603676659546213    0.01910977261386338      6.133673691203259     0.6696491646938088
