#! FIELDS time e sigma_e height
#! SET action OPES_METAD_state
#! SET biasfactor       2.698418390276557
#! SET epsilon     0.01374333274381851
#! SET kernel_cutoff       2.928208142815685
#! SET compression_threshold                       1
#! SET zed      0.1298113655884466
#! SET sum_weights       747.2660362437238
#! SET sum_weights2       1572.757007660359
#! SET counter  549
                      0      2.495206924649032    0.02769988495172779       225.161690906313
                      0       2.18937496533394    0.03114766117641894      2.509580144627554
                      0      2.678363262368867    0.02736532728780166      573.9005246363602
                      0      2.545445161584006    0.02870780689456809      254.2358922633902
                      0      2.281567804670904    0.02738661073762005      5.695950409437884
                      0      2.715410204923014    0.02536519327813999      237.3940261417141
                      0      2.449190698234504    0.02759298442826479      112.1683992549258
                      0      2.329351798918829    0.02895683249315683      13.33006560632714
                      0      1.910979936444963    0.02669649699007804      4.869502016024347
                      0      2.633522444463344     0.0274935168981778       250.918833733314
                      0      1.952194384646687    0.02512592212324723      8.955570509941303
                      0      1.595573988003807     0.0265918433840345      1.352474301797937
                      0      2.115909157541893    0.02604737030542168      5.589384360418943
                      0      1.737942638809401    0.02886319489958402      4.264770705683456
                      0      2.035677059122189    0.02672404299900723      6.740838392263818
                      0      2.743317005178944     0.0245126256857372      52.30195796983602
                      0      1.795398199117547    0.02490239230180476      4.472189320977737
                      0      1.678825801608595    0.02555393923979702     0.7646360071915116
                      0      1.839725045844772    0.02499166579195575      5.218826600185996
                      0      2.384102474798798      0.027155189070414      26.30787334541009
                      0      1.996188992762426    0.02509031449326937      3.838738615550595
                      0       2.58883496008826    0.02336249386827562      117.8892666409679
                      0      2.777613545380595    0.02150996551915466      2.985797533084628
                      0      1.874430591171297    0.02159123161501189      4.044976981650453
                      0      1.563192027043586    0.02131050121894995     0.4903819759363861
                      0      2.081501659633569     0.0207236421159263       1.35747041987601
                      0      1.450776537600995    0.02069152600818056     0.1951868307059354
                      0      2.418371291672875    0.02038110915229259       13.1033878318202
                      0      2.234419894839605    0.02197253239806348      1.213163945562409
                      0      2.843361895943249     0.0200775858134396     0.2030508838753131
                      0      2.815002888154617     0.0198930505380344     0.2633109556930026
                      0      2.144862639941544    0.01983593506399722      0.489183861702256
