#! FIELDS time e sigma_e height logweight
#! SET action OPES_METAD_kernels
#! SET biasfactor       3.469395073212715
#! SET epsilon    0.007640039155174105
#! SET kernel_cutoff       3.122291642622147
#! SET compression_threshold                       1
                   1000      2.473472863673338    0.06206017502565676    0.03010226110527593     -3.469395073212715
                   2000      2.665506075109745    0.06131567352800419    0.03242854651032627     -3.407025245310495
                   3000      2.715973907815926    0.05433970967203094     0.8948329327546274    -0.2102075464872246
                   4000      2.716470874261865    0.05132810061411869      1.875604035552179     0.4728245700759468
                   5000      2.647922326994503    0.04851726054019825      1.115032584371261    -0.1035413120283695
                   6000      2.531287346839856    0.04805094089119959     0.1418457120306224     -2.175098192578484
                   7000      2.469353461676818    0.04749427917081706     0.1809145029637169     -1.943466015573518
                   8000      2.554435140611902    0.04644514465984539     0.4089987182958648     -1.150115887434244
                   9000      2.604851022636051    0.04477504507990903      1.111226791131557    -0.1872289852090792
                  10000      2.382075863028307    0.04452510735727282     0.1153858138625367     -2.457765184479551
                  11000       2.68105363223859     0.0435676358102931      2.315208548379712     0.5194697837382153
                  12000      2.711778873475796    0.04260688344138904      2.503501528994272     0.5753616246616192
                  13000      1.832177031679751    0.04255101320293057    0.04390380985646614     -3.469395073212715
                  14000      1.727477955317678    0.04249179959840795       0.04685955345212     -3.405633830886867
                  15000      1.932844069949693    0.04243106120424711    0.04839828327660309     -3.374754827995109
                  16000      2.085680623040425    0.04237600696640973    0.04408512567836501     -3.469395073212715
                  17000      2.122009754758312    0.04224918503671428     0.1044478591517197     -2.609826785259723
                  18000      2.117402338227612    0.04195008068789767     0.2652455287235576     -1.684963564349254
                  19000      2.129582811324575    0.04144211228276568     0.5129413981369454      -1.03764066748315
                  20000      1.945897293982753    0.04130119124132732      0.130466490838071     -2.410092079434386
                  21000      2.679490531553505    0.04153422513356852      4.180350418642319      1.062568302382422
                  22000      2.460627154694313    0.04123150360298203     0.3846010090875217     -1.330690769603493
                  23000      2.556546380610086     0.0405749674278805      1.068570004836487    -0.3248719410271205
                  24000      1.660136613463918    0.04052505876276932    0.06517311433694743     -3.123132296451178
                  25000      2.504409247034606    0.03993549412501946      1.041816233830187    -0.3661134880073377
                  26000      2.714247313509564    0.03967415121850942      4.282268511675393      1.040838205875101
                  27000      2.475672318814603    0.03918093406064378      1.101602620156852    -0.3293882628182289
                  28000      2.316776641607342    0.03912983910663038    0.09375606860394974     -2.794518122224529
                  29000      2.853206929103608    0.03910366909355115     0.0477743300351714     -3.469395073212715
                  30000      2.568756883376331    0.03849686335801167      1.813716939046746     0.1516105016274011
                  31000      2.447039336706243    0.03804589426738848      1.234456776659517    -0.2449203709943798
                  32000      2.333627880541526    0.03794852625485003     0.2168293355646141     -1.986758599924352
                  33000      2.291100083872845    0.03783700217872946     0.2536061443593013     -1.833029872949726
