#! FIELDS time e sigma_e height
#! SET action OPES_METAD_state
#! SET biasfactor       2.698418390276557
#! SET epsilon     0.01374333274381851
#! SET kernel_cutoff       2.928208142815685
#! SET compression_threshold                       1
#! SET zed      0.1238776048359986
#! SET sum_weights       1159.170924181588
#! SET sum_weights2       2729.817134895662
#! SET counter  732
                      0      2.657064855300349    0.02636118394179807      790.4393929678116
                      0      2.511431808081914    0.02523760116112899      408.9949136389345
                      0      2.562936015820052    0.02629192251187567      380.2739650679114
                      0      2.424253723337706    0.02851065183015987      121.4717267461797
                      0      2.255131409398881    0.02656994458781831       4.56279717800273
                      0      1.994743938430641    0.02699558548832965      6.978334676208418
                      0      1.794616970064664    0.02667146478005016      2.946117891400833
                      0      1.886027672631829    0.02708319731969425       5.50345621244321
                      0      2.108267663949682    0.03031225845967239        6.6175007517035
                      0      2.695238549538991    0.02513814285608155      775.3673709284622
                      0      2.359905213111358    0.02870742978602614       36.8604456498273
                      0      2.468947956818158    0.02465105982813126      207.8772721969866
                      0      1.838865563187084    0.02736000108117861      3.603208106043756
                      0      1.712006240223611    0.02432352596772224      1.260826507301157
                      0      1.954294566602749    0.02419545808411687      4.628481920673878
                      0      2.205732184681106    0.02511360307139153      3.502731398718876
                      0      2.044240789967995    0.02561690337471368      6.441135068809399
                      0      2.764003442005373     0.0225065312276335      14.71877964057992
                      0      1.676213469894715    0.02311960894743965     0.9544234841999413
                      0      2.293518831037322    0.02321490642051875      5.480701759043367
                      0      2.732362367132678    0.02229832802116919      157.7383695801821
                      0      2.167489774492779    0.02333718651673528      4.222079827042759
                      0       1.61902312314293     0.0224204048188827      0.614503982664378
                      0      2.616184496762475    0.02424679281335923      248.4234874604796
                      0      1.920215756632082    0.02124510842349875      3.659144576646331
                      0      1.554698781456922    0.02280191197243558     0.3899113310875805
                      0      1.527766791193581    0.02178229772246655     0.2090883072926212
                      0       1.58184588973245    0.02134445147615734     0.4768253158756276
                      0      1.501654683109281    0.01999228636952022     0.2129450927240895
                      0      1.438139929294544    0.01999154170477463     0.2020211069085093
                      0      1.757818157189292    0.01995581165188228     0.3121616883957113
                      0      2.071623279483641    0.01862538606829819      1.090132591983362
                      0      2.326682832430269     0.0184256909214507     0.9970734578356268
