#! FIELDS time e sigma_e height
#! SET action OPES_METAD_state
#! SET biasfactor       5.011348439085033
#! SET epsilon    0.001910020759284688
#! SET kernel_cutoff       3.538542402811424
#! SET compression_threshold                       1
#! SET zed      0.1461763000385712
#! SET sum_weights       74.39053468253978
#! SET sum_weights2       163.6722309049891
#! SET counter  81
                      0      2.667967778930283    0.04599552538192776      34.62951168847072
                      0      2.519531052874022     0.0474163648443278      27.48844705322817
                      0      1.737174523452501    0.04450376701388292    0.02565852051260261
                      0      1.909191936148544     0.0469418039512054      1.442407059785948
                      0      2.118611066625946    0.04607296380488289     0.2030026044939514
                      0      1.984305111367809    0.04281871162425419     0.8225038598413125
                      0       2.42596825159446    0.03979438642364468      7.001342707822461
                      0      2.270078968877753    0.03738320354098394     0.4238664066384042
                      0      2.599284978118501    0.03991411382921891      22.03986332800243
                      0      2.770977115433454    0.04013434846954806     0.7002534538340101
                      0       2.71538478673147    0.03441279201079274       25.6168925030841
                      0      1.634318735815759    0.04149699397830483    0.09698827018177945
                      0      2.324422972414331    0.03777520782635996      1.044723931800586
                      0      1.496520712334779    0.03588774646431923     0.0115902038808266
                      0      2.038014011694315    0.03690106452731082     0.9188641030942677
                      0      1.804478036716706    0.03564393915331834    0.07557449582191002
                      0      1.571644718327058    0.03150446536066756    0.02597539408627484
                      0      2.184790429334757     0.0313164128854566    0.05137683217103597
