#! FIELDS time e sigma_e height logweight
#! SET action OPES_METAD_kernels
#! SET biasfactor       4.240371756148875
#! SET epsilon    0.003891431002318289
#! SET kernel_cutoff        3.33135957893421
#! SET compression_threshold                       1
                   1000      2.420914933143942    0.06284082615044533    0.01375115918422312     -4.240371756148875
                   2000      2.686878233060671     0.0624949438374419      0.013827265865069     -4.240371756148875
                   3000      2.201125395271652    0.06215570374272645    0.01390273380605053     -4.240371756148875
                   4000      2.569699232859846    0.05697011479520598     0.3422689921458772     -1.123976058047578
                   5000      2.705649895052001    0.05290752152841064     0.4461983713190939    -0.9327906966675721
                   6000      2.546757327142874    0.05044219660754359      1.596339708511878     0.2941968231698312
                   7000      2.678864784652826    0.04779584671832481      1.048559384831097    -0.1799886075884644
                   8000      2.337912597282895    0.04764068206205362    0.04136008948385531     -3.416096386081994
                   9000      2.229233086030897    0.04736880124519592    0.07516030691283154     -2.824512772794475
                  10000      2.002795130717344    0.04730203661913444    0.01826843547183142     -4.240371756148875
                  11000      2.231538164867707    0.04639268282506323     0.3004694010368494     -1.459612170185219
                  12000      1.904657344426853    0.04629799289748083    0.02884830016891603     -3.804950159401452
                  13000      1.979324250694685    0.04592932010881992     0.1201527296719159     -2.386232464953306
                  14000      1.914636954788224    0.04519407665257798     0.2748497861596504     -1.574909094182146
                  15000      2.020791441565693    0.04435129480791328     0.3604691323157551      -1.32255160924216
                  16000      2.003171025586736    0.04301331851073498      1.121837823604616    -0.2178665072666587
                  17000      1.726875975035264    0.04297019072898599    0.02011008536389749     -4.240371756148875
                  18000      2.479379698070193    0.04189265793069681      1.412812218574522   -0.01365177972105919
                  19000       2.39101120877132    0.04133225687262339     0.4008654216722942     -1.286830843834974
                  20000      2.674658429062587    0.04073249519146656      2.004535554513899      0.308094009612384
                  21000      2.309485449892216    0.04034330802576205      0.346519048213549     -1.456736518108684
                  22000      2.478316452065848    0.03982661258656639      2.226252454739588     0.3905104428255106
                  23000      2.620812192465001    0.03916757063085107      1.993425163872994     0.2633589094301892
                  24000      2.666604302823415    0.03886287490645716      2.875687599005171     0.6219866706394913
                  25000      2.607630279034364    0.03836098904515911      2.658273538023054     0.5303733369188179
                  26000      2.728619837849133    0.03778516274008854      1.622518915753326     0.0215517711715167
                  27000      2.640428372332392    0.03760408397224404      3.634664801630031       0.82328499115997
                  28000      2.401931214331068    0.03733359517505162     0.6266964123566648     -0.941744012428416
                  29000      2.500978925428272    0.03684021829050844      1.836135508417078     0.1199086703162595
                  30000      2.518676934154285    0.03637630742831312      2.181294778667378     0.2794917413298639
                  31000      2.539811699806982    0.03595279780911629      2.460656441395283      0.388290504369763
                  32000      2.491385291220101    0.03558149336813198      2.852784195233971     0.5257765192800083
                  33000      2.673127957218597    0.03524521736175128      3.076615238312709     0.5918153242492532
                  34000      2.115686193898039     0.0352181741884999    0.08673393899362357     -2.977692319267835
                  35000      1.833185201134602    0.03519551731077208    0.07267190980439643        -3.155226191046
                  36000      2.146203257125062    0.03515559109484101     0.1302618880830864     -2.572769223992466
                  37000      2.438234297258212    0.03482346234153136      1.748273819106368    0.01457571465200471
                  38000      1.845572580423121    0.03478351350331391     0.1389812752567601     -2.518617102910111
                  39000      1.871246841349802    0.03471718604057159     0.2377251437643083     -1.983749853739345
                  40000      1.969421652490965    0.03456015059994676     0.6287188451966251     -1.015714369837342
                  41000      2.316843650546434    0.03447121654054312     0.3373111256009949     -1.640969442750606
                  42000      1.840534933054609    0.03439272425170434     0.2984066357255978     -1.765797697737325
                  43000      1.660322177400082    0.03438419011000277    0.03068015509155932      -4.04088694067231
                  44000      1.601554759783808    0.03437523518688883     0.0322412711540775     -3.991516098723333
                  45000      1.548946985838343    0.03436542360656105      0.035394404167213     -3.898495176748595
                  46000      1.751685588807149    0.03434814842141946    0.06281858269958394     -3.325300794732128
                  47000      2.090900302006216     0.0342783529789276     0.2677312743926706     -1.877602024777844
                  48000      2.062971728575666    0.03413896805267391     0.5871763214270745     -1.096335199280831
                  49000      2.014971189292712     0.0339124309970051      1.145528899500979    -0.4346964676603127
                  50000      1.726850260642799    0.03388759003417186    0.09745117652250229     -2.899699470558563
                  51000      1.779614521060058    0.03383980253232965     0.1926398421571738     -2.219639799062999
                  52000      2.054348492660113    0.03361718069573658      1.200889009900419    -0.3962451716174701
                  53000      1.765189377083381    0.03355055573595522     0.2870523298867396     -1.829381880274826
                  54000      1.721903922274328    0.03348261859658084     0.2961715429052174     -1.800134561585216
                  55000      1.973379934664588    0.03325453755972441      1.382414383979589    -0.2663218123781573
                  56000      2.646411756245038     0.0332869636474407      4.762541787889202     0.9716027908306157
                  57000       2.29097435628142    0.03318877706483604     0.5086318268033651     -1.268163634338351
                  58000      2.251586450132703    0.03309019087921217     0.5195647186378034      -1.24987156931497
                  59000       2.34707326053002    0.03296683986474288     0.6885803123254279    -0.9719656779005958
                  60000      2.311469895478469    0.03280512390401405      1.000144777392071    -0.6036150755339125
                  61000      2.423736885307994    0.03257530551276196      2.018377984683206    0.09150415046832715
                  62000      2.310417448263859    0.03239347501818089      1.323385464734522    -0.3361943487719172
                  63000      2.688626241387473    0.03239272936671952      4.910604652324152     0.9749865144697929
                  64000      2.722892491261728    0.03219690812584629      3.411295994193345     0.6046181408217783
                  65000      2.646035355559937    0.03238837830553654      6.463966275559469      1.249698205890503
                  66000      2.704392406064114    0.03229553646896012      5.204781625430047      1.030162215060265
                  67000      2.707299223865236    0.03221493201056529      5.566967569317291      1.094935993538388
                  68000        2.3299981831214      0.032082168868003      1.228361327070389    -0.4203631466741791
                  69000       2.49853157566841    0.03187620885002351      3.055329018014957     0.4844026502730778
                  70000      2.574728918757366    0.03168304309542389      2.662464482253466     0.3406892483638307
                  71000      2.614848573443784    0.03153688825984387      4.828776250246717     0.9314064255506319
                  72000      2.712355278561972    0.03141866473056726      5.366798161604222      1.033289057450948
                  73000      2.702783312730709    0.03136393413009153      6.380801451023943      1.204607784718746
                  74000      2.225842236804921     0.0313254877207858     0.3947667727848312     -1.579372628973765
                  75000      2.574688385835815    0.03114723565995579      3.304445810491597     0.5396497133075421
                  76000      2.521597101816396    0.03097476436101108      3.337727266813549     0.5441183742048896
                  77000      2.468865168462967    0.03081476406420483      2.811434898601984     0.3673443587237915
                  78000      2.389045206358169    0.03072881249213863      1.109663562006135    -0.5650869580128443
                  79000      2.505519377109079    0.03056980567979197       3.85138109389899     0.6741000267559828
                  80000      2.757979490101738    0.03043726915689532      2.214801412897186     0.1164859983251441
                  81000      2.602332628074753    0.03029387512860364      4.432851452518187     0.8056440346209738
                  82000      2.692422247231895    0.03020619635654447      6.029537182231827       1.11037277374318
                  83000      2.698175836105216    0.03012603318718315       6.32727920869254      1.155915444574387
                  84000      2.636377562956411    0.03000506282855421      5.388386056893046     0.9912674733768374
                  85000      2.687971295832057     0.0299361284667763       6.79822521169049       1.22138307851652
                  86000      2.722008548882947    0.02981652099627182      5.521505834502229      1.009368692709091
                  87000      1.920190698954234    0.02979303277783867     0.3719821840076699     -1.688979313755841
                  88000      2.674517859540642    0.02972415589492696      7.041415449802401      1.249424690979653
                  89000      2.627581050049218    0.02960209365412928      5.367686327131207     0.9738974922841144
                  90000      2.607177207020936    0.02947497027693213      4.655403245434713     0.8272254090635661
                  91000       2.67923415319464     0.0294088447563334      7.334212539038501      1.279500958121636
                  92000      2.470058376421646    0.02930935282521974      2.459749100172996     0.1836214648595781
                  93000      2.575043297866205    0.02919625216692956      3.283102260708231      0.468484574956903
                  94000      2.709292552230898    0.02910666194785347      6.624725420675682      1.167431443747765
                  95000      2.125618987871636    0.02909729256226024     0.1823954872683961     -2.425277373971703
                  96000      1.725356511148271    0.02908731077140065     0.1948940559896541     -2.359341709788211
                  97000      1.835180583202731    0.02907667766210915     0.2082701916646333     -2.293327208153315
                  98000      1.948811400751729    0.02904960933957809     0.5539042331806152      -1.31610299835019
                  99000      1.533167502472303    0.02904750543557744    0.04064292380311926     -3.928342488345398
                 100000      2.647974430596519    0.02895334655392444      6.404093869984472      1.128278685884449
                 101000      2.519410385978566    0.02885617379450455      2.858148026121051     0.3181532759520886
                 102000      2.509262260541186    0.02875700480987683      3.092697496930983     0.3935805073459155
                 103000      1.779569768399614    0.02874652955468388     0.2225569021843166     -2.238399983323897
                 104000      2.577368471242413    0.02864510147749545      3.430771491649011     0.4934230487874339
                 105000      2.726732374176017    0.02854091440620541      5.025067536902789     0.8714329828084135
                 106000      2.682933874618199    0.02847285380899752      7.277920666636307      1.239451771904047
                 107000      2.399282458267273    0.02843729611214909     0.8890600152487729    -0.8642335722498664
                 108000      2.686667331489533    0.02837400470199796      7.537839358954582      1.271064420169386
                 109000      2.609962386806226    0.02827444850299166      4.627846186629553     0.7797055282249655
                 110000      1.651438274056063    0.02827210478237274     0.0565891706326204     -3.624406584085718
                 111000      1.923224761862496    0.02825591637722025     0.4067020302291131     -1.652716171398692
                 112000      2.542490745023463     0.0281703569001791      3.088432172978305     0.3715892638583029
                 113000      2.371214996865597     0.0281427600909757     0.7348873182073588     -1.065092531173058
                 114000      2.659531405385322    0.02807267629066366      7.200020549408672      1.214536047160057
                 115000       2.68166589138147    0.02801806278006128      7.973657075846851      1.314648082001989
                 116000      2.641482532523223    0.02793654592883765      6.613696344731334      1.124733861888912
                 117000      2.532797545792353    0.02785748429998395      3.156998197956837      0.382378742900679
                 118000      2.466485506090887    0.02779441165871047      2.251387065648943    0.04203691869279919
                 119000      2.731000093963146    0.02770632205758532      4.910559028416475     0.8187038484558687
                 120000      2.714946391189276    0.02762730688010117      6.431124511324179        1.0856095091806
                 121000      2.390776949375172    0.02760092939269884     0.8389270671934852    -0.9521266209665221
                 122000      2.361820047012164    0.02757702523729613     0.7567671143488088     -1.056061270835189
                 123000      2.505574564505912    0.02750565140158377      3.034405999955326     0.3300626155517261
                 124000      2.685966487711084    0.02744890842060503      7.828502561266857      1.275753086786066
                 125000      2.191537688707807    0.02744400328688851     0.1522859407605391     -2.664192213768603
                 126000      2.239439654617012    0.02743448335266931     0.3004204304066924     -1.985116174305439
                 127000      2.659229050300919     0.0273717052780277      7.520837117213095      1.232842714075373
                 128000        2.3764407769788    0.02734648105911602     0.8698598875276858    -0.9251798340403884
                 129000      2.568122154488889    0.02727731981812525      3.219870549600639     0.3810521755512396
                 130000      2.711699841608313    0.02721112159050752       7.18383475580586      1.181114538552289
                 131000       2.72490965193786    0.02713601759939777      6.109112716311055      1.016298890308507
                 132000      1.895188427480986    0.02712763791077913     0.2900730992319923     -2.031413826370775
                 133000      1.815328382453708    0.02712168775760031      0.204473947482738     -2.381325575923724
                 134000      2.214658967079341    0.02711400107782041     0.2660778175385962     -2.118260788659897
                 135000       2.51327247365257    0.02704670500101461      3.418283843689983     0.4323592492680916
                 136000      2.330436483220497    0.02702516486426403     0.8009908510589988     -1.019481852158021
                 137000      2.520082874610664    0.02695721679265025      3.627082920190332     0.4883352057601816
                 138000      2.444254782573236    0.02691626346973921      1.721397228581909    -0.2584775650992498
                 139000      2.534515855008801    0.02684888062823063      3.751944881102371     0.5181539085382393
                 140000      2.514746190687769    0.02678105305671728      3.958987772135023     0.5693384792686395
                 141000      2.546100358540305    0.02671443919962668      3.928395955423828     0.5590908397287837
                 142000      2.558317912280186    0.02664869758428679       3.94603506111333     0.5611070088516894
                 143000      2.452656989349828    0.02660417652497019      2.095316210529318   -0.07357186874469665
                 144000       2.49158355272708    0.02654125055397194      3.756847791584725     0.5079358376490846
                 145000      2.401058012631862    0.02651385367763531      1.185133687443412    -0.6468216009120634
                 146000      2.508273345526581    0.02644895831785051      4.343190008405685     0.6494813153306591
                 147000      2.677650929294821    0.02640998714626386      8.495217875002343      1.318901079622184
                 148000      2.542973693717856    0.02634710893954954      4.285269146413623     0.6321973504572845
                 149000      2.340660724474209    0.02632821111575149     0.8327221369754193     -1.006758793454268
                 150000      2.290742197080954    0.02631389130720732     0.6190847258015483     -1.303760716272881
                 151000      1.822903299692161    0.02630851630260227     0.2237312335813062     -2.321761659274558
                 152000      2.341711707333204     0.0262878425605398     0.9266580553518521    -0.9014086437635329
                 153000      2.519012324749185     0.0262254758140173      4.614765858539474      0.701647867213568
                 154000       2.67385837514551    0.02618560832805839       8.41009283643867      1.300297909907866
                 155000        2.7111149056528    0.02613704738156807      7.774523247634413      1.219861323113835
                 156000      2.740860008603824    0.02607685408317339      4.700598573511864     0.7143933985885728
                 157000      2.705659950184968    0.02603042734337046      7.949671829354292      1.238052222477726
                 158000      2.449646012343746     0.0259948348453033      1.963389909516168    -0.1617741787599795
                 159000      2.135633321194948    0.02599198340024303     0.1306449387173712     -2.871828429517167
                 160000      2.694083445554401    0.02595164444233377      8.481136078918473      1.299734827429796
                 161000      2.421686743062565    0.02592529155714929      1.402377015678171    -0.5009568967785897
                 162000      2.588723416889258    0.02587463295478818      3.482275341755973      0.406604417908712
                 163000      2.243264366043754    0.02586810898272098     0.3158572425256814     -1.993798597244906
                 164000      2.610241883961796    0.02581325417170493       4.29003126298503     0.6128375457005644
                 165000      2.575884351867169    0.02576256936881714       3.66536831943964     0.4535069033440471
                 166000      2.456901204947747    0.02572494512061298      2.313587026320041  -0.008084268419778246
                 167000      2.415391914796277    0.02569887999428932      1.467803990565423    -0.4641297513949577
                 168000      2.499782753972722    0.02564753896145948      3.986896545952448     0.5331161780900111
                 169000      2.723423492666069    0.02559582101108047      6.686174238032573      1.048126381972217
                 170000      2.491827073043764    0.02554646217837106      3.866266818625731     0.4984436733612981
                 171000      2.593634137302575    0.02549744219563279      3.905970966942631     0.5067399783461433
                 172000      2.649960806677286    0.02544728227342053      6.663737171023533      1.038944852137548
                 173000      2.708385879720301    0.02540655693248687      8.074446834071809       1.22936708867823
                 174000       2.69826808057039    0.02537097197773712      8.650690157234076        1.2969002274702
                 175000      2.715964192751806    0.02532780261629668      7.819605255113972         1.194192222181
                 176000      2.714280879166346    0.02528696127972941      8.132275870544591      1.231785155489501
                 177000      2.508678850195302    0.02524027612109807      4.177454308464668     0.5637984591094048
                 178000      2.427395138985236    0.02521566186685718      1.638314881166249    -0.3732110560041494
                 179000      2.404002867954314    0.02519515286782005      1.328658018583163    -0.5835235084630332
                 180000      2.487314565373258    0.02515147385269924      3.777870219139587     0.4597323518524057
                 181000      2.601734217359323    0.02510668408481517      4.075775419295326     0.5338505621985733
                 182000      2.636960818667792    0.02505866754117184      5.776066155898809     0.8805980701973875
                 183000      2.427807666769394    0.02503332080257889      1.789183108143289    -0.2923776411619227
                 184000       2.56569052358839    0.02499145981275661      3.749272071522795     0.4457513036743542
                 185000      2.473864698412703    0.02495267772194123      3.316147217851486     0.3214402102447015
                 186000       2.56845992397152    0.02491098389790914      3.863688710179509     0.4725866159387884
                 187000      2.590689724191149    0.02486834862332427      4.151660363226545     0.5427596347931716
                 188000       2.64576524748844    0.02482383904505894      6.443976549975811     0.9806057073193354
                 189000      2.353332393960751    0.02481173375813464      0.819810834795901     -1.081709540145768
                 190000      2.274394875842023    0.02480488798180681     0.4485573606191686     -1.685022543735391
                 191000      2.484158118623425    0.02476412973326842      3.978251763272862      0.495894129542356
                 192000      2.412326300521027    0.02474188808980664      1.661697890255461    -0.3780069757836682
                 193000      2.533443374401093    0.02469966958107187      4.510470835528264     0.6188468502248631
                 194000      1.506275433937791    0.02469902383583375    0.04182393080838692      -4.06186743607916
                 195000      2.104696853590195    0.02469584121181855     0.2093303081440459     -2.451551557583131
                 196000       1.90144853169598    0.02469157642061934     0.2825733527086439     -2.151699518850996
                 197000      2.069595162022959    0.02468630645928522     0.3516978133211513     -1.933078823658783
                 198000      1.944950001869374    0.02467977966524876     0.4395987197700407     -1.710253259606881
                 199000      1.927609778420553    0.02467342137643408     0.4283238731281241     -1.736493612235119
                 200000      2.553043568417478    0.02463171497188831      4.565182211800614     0.6281487050889947
                 201000      2.435049720285376    0.02460420487424007      2.261694825825416   -0.07531274887937223
                 202000      2.536712227549177    0.02456235813846949      4.907661587502584     0.6976681251274809
                 203000      2.438558525190127    0.02453376039082938      2.439106631974362  -0.002662580247195533
                 204000      2.470756410266864    0.02449676049170084      3.717005365107001     0.4171146564687384
                 205000      2.695596318316204     0.0244726412470632      9.339786695759752      1.337494661846222
                 206000      2.421380565287924    0.02444709863955043      2.176119405978967    -0.1202898168321501
                 207000      2.313635829335976    0.02443670126469943     0.7712240884732051     -1.158034710951336
                 208000      1.608913587321557    0.02443604015337134    0.04593807915965131      -3.97874635876188
                 209000      1.754286674701134    0.02443320169078855     0.2000288418632344     -2.507695343353055
                 210000      1.838230207334218    0.02443015211867632     0.2153200983530817       -2.4341559787688
                 211000      2.508198718429636    0.02438985070579626      5.056160547360246     0.7204299390330063
                 212000      2.277929781632009    0.02438246541473608     0.5436300965936433     -1.509966551712533
                 213000      2.350688555826427    0.02437055512288728     0.9091360535471696    -0.9962294380349199
                 214000      2.667634096319085    0.02433914750064488      8.380000825091923      1.223589513053261
                 215000      2.645391030876826    0.02430119194747926      7.007559414262197      1.043170320946338
                 216000      2.676080751925782    0.02427502149053385      9.131551207227284      1.306838919640407
                 217000      2.387262284755348    0.02425878247597685      1.351539530030339    -0.6043215111346545
                 218000      2.327557409653934    0.02424764508395073     0.8892349169950274     -1.023418889281669
                 219000      2.471308976917578    0.02421304169524651      3.836884274113691     0.4372074891032988
                 220000      2.592377911937072    0.02417642035385941      4.447286704522678      0.583327411291745
                 221000      2.658534462236777    0.02414473024242548      8.225730682458906      1.196988714120768
                 222000      1.692700232936425    0.02414336941189827     0.1045318910950543     -3.168597854526622
