#! FIELDS time e sigma_e height
#! SET action OPES_METAD_state
#! SET biasfactor       4.240371756148875
#! SET epsilon    0.003891431002318289
#! SET kernel_cutoff        3.33135957893421
#! SET compression_threshold                       1
#! SET zed      0.1502545258517764
#! SET sum_weights       294.8510146619219
#! SET sum_weights2       691.5330990670334
#! SET counter  223
                      0      2.495719608360834    0.03259093023202838      88.33021546380651
                      0      2.656333452376832    0.03479576656747597      160.1219568549749
                      0      2.235727196303617    0.03574244074661872      2.186219423649336
                      0      2.550770833614566    0.03422573322976158      76.09580895931967
                      0      2.321974231315441    0.03420549163811381      10.31420874628023
                      0       1.99366676183272      0.042248466390607      4.777390249741312
                      0      1.925594246190839    0.03428398764393056      3.076855578584766
                      0      1.751121073805047    0.03916482181686187       1.57372335957232
                      0      2.427270967954042    0.03338324617900131      33.07564411282827
                      0      2.705524401922909     0.0316788642584814       194.255166406141
                      0      2.123926350569262    0.03300247003818742     0.7393665612065232
                      0      1.838507387119866    0.03481847981425633      1.599580435632822
                      0        1.6545614737617    0.03085346462886074    0.08726932572417972
                      0      1.605878796765373    0.02917715468422094    0.07817935031372882
                      0      1.540512650266362    0.03259881641806586    0.07603732797033226
                      0      2.062743794662381    0.03461003185670859      2.407494419041316
                      0      2.600109797894806    0.02792292191480169      38.06910094331064
                      0      2.368606171811443    0.02937187570311154      5.442000738457264
                      0      2.191537688707807    0.02744400328688851     0.1522859407605391
                      0      2.740860008603824    0.02607685408317339      4.700598573511864
                      0      2.276331688449449    0.02463723341004776     0.9921874572128119
                      0      1.506275433937791    0.02469902383583375    0.04182393080838692
                      0      1.692700232936425    0.02414336941189827     0.1045318910950543
