#! FIELDS time e sigma_e height logweight
#! SET action OPES_METAD_kernels
#! SET biasfactor       1.927441707340398
#! SET epsilon     0.01821196306674905
#! SET kernel_cutoff       2.830433390657354
#! SET compression_threshold                       1
                   1000      2.610608200581089    0.05785834540142751     0.1509064987297364     -1.927441707340398
                   2000      2.514123035330534    0.05293007720029548     0.5853860528983654      -0.66085654773456
                   3000      2.517386452578174    0.05007039754600487      1.430355631287314     0.1770085104533017
                   4000      2.580671372699402    0.04748499966624235      1.150322503142702   -0.09388835698057948
                   5000      2.751972598120827    0.04685172999355842     0.1863581201382662     -1.927441707340398
                   6000      2.664147854512724     0.0453131969291049     0.6767323717804477    -0.6712256483961566
                   7000       2.70940514538027    0.04388281902237899     0.8648717937498853    -0.4579956833308363
                   8000      2.549983433197973    0.04278971357710207      1.643493983255523     0.1587776276782644
                   9000      2.697140521304186    0.04170874802668873      1.112895308248156    -0.2566686654073051
                  10000      2.714336687841722    0.04076137644543099      1.288177346892815    -0.1333812750322635
                  11000      2.459366995360858    0.04000468054014775     0.8932134495490657    -0.5182778028667252
                  12000      2.215320812996456    0.03976050916171468     0.2195947816290147     -1.927441707340398
                  13000      2.221887362266738    0.03930529300616713     0.4846059584262269     -1.147404545444673
                  14000      2.463593415440839    0.03863522820042429      1.394376770030861     -0.107732498669695
                  15000      2.680509826872321    0.03807024534535315      1.698461878620742      0.074811516958828
                  16000      2.540421511539548     0.0375585021221274      1.803332609968561      0.121191614783886
                  17000      2.693860685063366    0.03708257089048353      1.864599841222834     0.1418489774151296
                  18000      2.735573173170351    0.03660807111236306      1.676907449681752    0.02287546936245089
                  19000      2.689456542311864    0.03623009766249619      2.149148508871919      0.260617359615239
                  20000      2.738687756980672    0.03582849890750877      1.940133295816739      0.147155753265464
                  21000      2.460989067626181    0.03544193195876647      1.380352890876643    -0.2041097399564316
                  22000      2.649528878813966    0.03507310810627801       1.73890287845092    0.01634450852102395
                  23000      2.598114958778429     0.0347286474213097      1.466735668051497    -0.1637403442187879
                  24000      2.466551347827226     0.0344004112980009      1.581425545973597   -0.09794935702874644
                  25000      2.690666014259584    0.03413749058535727      2.359575729770786     0.2945334761468481
                  26000      2.535680216199144    0.03384015063156757      1.741060015320306   -0.01820244426257005
                  27000      2.624594710350515     0.0335580317576783       1.67574955615263   -0.06480776941211853
                  28000      2.691354311083621      0.033327989323235      2.447006774944859     0.3069185550727883
                  29000       2.35316326019471    0.03325644974355166     0.2625415639418375     -1.927441707340398
                  30000      2.385132294879754    0.03311324427692604      0.594373151081498     -1.114659187038071
                  31000      2.579087805923101    0.03286531225692833      1.883187410092809    0.03103897276976217
                  32000      2.577524394068039    0.03263437705958715      2.122208508389576     0.1434789772547493
                  33000      2.487389692296082    0.03240622549743873      1.826445954491329   -0.01362203574029319
                  34000      2.659172311046352    0.03220250794535864      2.344484423757567     0.2297652895850791
                  35000      2.674653083083028    0.03201884064144896      2.573285132135835     0.3171632815236751
                  36000      2.679582112147226    0.03184594674296325      2.690619124014231     0.3563368756378991
                  37000       2.62803143139176    0.03165105085023485      2.191157614389605     0.1448567832548697
                  38000      2.415898277719368    0.03150655375641521     0.9954271374626105    -0.6487323323293859
                  39000      2.665108915221876    0.03135582732008366      2.856578206831684     0.4006800443707522
                  40000      2.504925279844986    0.03117592716692138      1.937686075819351   0.006796186387433999
                  41000       2.45301579248935    0.03100666525753362      1.682510363749003    -0.1398554302906688
                  42000        2.6576810916923    0.03086164975828466      2.815490543045493     0.3703062495399132
                  43000      1.861498630127445    0.03081911289325302     0.2833047257741355     -1.927441707340398
                  44000      1.841520224786727    0.03076091857122397      0.403412246775682     -1.575895850541194
                  45000      1.955755564294845    0.03071892004837674      0.284228752608331     -1.927441707340398
                  46000      1.783566774564814    0.03067070329724421     0.3329057410683386     -1.770932542171112
                  47000      2.730115177048719    0.03052625924652415      2.673508161773624     0.3076342381253621
                  48000      2.716218271208001    0.03041483722785695      3.211239995525703     0.4872431478217047
                  49000      2.291782271116139    0.03036356298630553     0.3950103658744242     -1.609944530370659
                  50000      2.515305628555899    0.03021989768932244      2.540157061874088     0.2463819235902697
                  51000      2.702555296991378    0.03014294217221309      3.673174655273002     0.6126625599033089
                  52000      2.587350343290464     0.0300021443071712      2.475854773519686     0.2135099932262332
                  53000       2.69667103862398    0.02992799548042299      3.808765970548492     0.6417550282384273
                  54000      2.752994272832187    0.02979152824307492      2.401902692420498     0.1761407154984955
                  55000       2.71692755992078    0.02969747133602592      3.602342773276533     0.5783017439182253
                  56000      2.698766101388862    0.02961968525670489        3.9140689926992     0.6586721164986626
                  57000      2.562046980048761    0.02949165061363854      2.586723482814418     0.2401546413083241
                  58000      2.686180220660561    0.02941157371880362      3.948563735105803     0.6603955999868841
                  59000       2.71222933252342    0.02932622108111974      3.921891051148593     0.6507114195322945
                  60000      2.423884453016565    0.02922862243863255      1.415642246753241    -0.3716127997971581
                  61000      2.655468025106622    0.02912327742704438      3.423994683235377     0.5080011092637491
                  62000      2.441510470396502    0.02901766146717247      1.789551106943298    -0.1444750913427074
                  63000      2.510534726983754     0.0289043049696119      2.413066945419603     0.1505445125937343
                  64000      2.681030651636825    0.02882370162695987      3.973691218057978     0.6465489001931727
                  65000      2.166632801359673    0.02879105735922737     0.4222702364254797     -1.596389530877507
                  66000      2.457133369374039    0.02868521022702317      2.202894535596789    0.05180929820928945
                  67000      2.701500851316286    0.02861656511670577      4.235772270700505     0.7032068536531653
                  68000      2.612603234900823    0.02851213342965327      2.529599696502214     0.1840462363216332
                  69000      2.538048490385798    0.02840970483068113      2.610165473429326      0.211799863068739
