#! FIELDS time e sigma_e height logweight
#! SET action OPES_METAD_kernels
#! SET biasfactor       1.927441707340398
#! SET epsilon     0.01821196306674905
#! SET kernel_cutoff       2.830433390657354
#! SET compression_threshold                       1
                   1000      2.705639021008365    0.05785834540142751     0.1509064987297364     -1.927441707340398
                   2000      2.651723172598707    0.05250244830863736     0.9353486922640126    -0.2003206455745928
                   3000      2.466081943513715    0.05124587192685041     0.1703786080425814     -1.927441707340398
                   4000      2.431545864259852    0.04860058216577894     0.6128253810308089    -0.7003842959499127
                   5000      2.692764455803632    0.04658366290189418      1.280957196056686  -0.005487056182313726
                   6000      2.653304504861285    0.04507188884865288      1.552364282820766     0.1536932953560173
                   7000      2.553147248482137    0.04397943824592743     0.5625169205594517    -0.8859564144823618
                   8000        2.7215736045928    0.04279038463564247      1.549227421024912     0.0997252257016894
                   9000      2.482671461019434    0.04183583936600811     0.7911708932408938    -0.5948324764175907
                  10000      2.372739861074363    0.04114215899796293     0.5668790247573077    -0.9449205583202543
                  11000      2.556693653794821    0.04028304257951648      1.058883992748509    -0.3411984450146289
                  12000      2.646167263196782     0.0396481526761406      1.857903359858708     0.2051484200534519
                  13000       2.50734374796882    0.03894492273905498      1.218537856889871    -0.2345444896627563
                  14000      2.562894583281095     0.0383087922697882      1.484205087514754   -0.05378579487074751
                  15000      2.727737497545753     0.0377361967219678      1.590568254749553  0.0003665421643146706
                  16000      2.333623144322318    0.03740184027818887     0.5384700157982851     -1.091648118617754
                  17000      2.554868155592907     0.0369113064159403      1.693306590370211    0.04085652853652476
                  18000      2.549962789976802    0.03647989066002552      1.904741866052558      0.146763101734233
                  19000      2.644332848609005    0.03606031210806906      1.844866885356926     0.1032554367903958
                  20000      2.703968690093048     0.0356737269100676      1.944386922628607     0.1450166352391192
                  21000      2.524003002650893    0.03529393734823696       1.78757173804285    0.05022476840969906
                  22000       2.35043916293381    0.03502762595039569     0.7740292350965027    -0.7943531338710429
                  23000      2.581427014976517     0.0346931663599481      1.921137531905781     0.1051156456008115
                  24000      2.723570804047424    0.03436903842869354      1.805415198030866    0.03360214313810454
                  25000      2.451217130905746    0.03409610935594457      1.082974939078545    -0.4854494521028032
                  26000      2.254355168154917    0.03399374895352275     0.3104425972153976     -1.737924175609042
                  27000      2.530580551559609    0.03373910012900559      2.266822123883328     0.2426917490216743
                  28000      2.692276772570682    0.03348761122475088      2.251875946188965     0.2285946167226622
                  29000       2.68166446458004    0.03325170898210221      2.357209559835287     0.2672401310796715
                  30000      2.630491886159074    0.03300045132571289      2.009374081903737    0.09999994722497096
                  31000      2.477779019526076    0.03276071454635446      1.577662900706303    -0.1491699167170556
                  32000      2.686939287776628    0.03255797371716237       2.50463368307594      0.306820234244376
                  33000        2.5759376618433    0.03233696519627596      2.119620760435847     0.1331036330580803
                  34000      2.440531549770888    0.03214452580285557      1.249478932244722    -0.4013757863517336
                  35000      2.333552632192306    0.03200026026545696      0.824332526141807    -0.8217818054944774
                  36000      2.662911382575404    0.03181575779917828      2.463203977783243     0.2670800656177297
                  37000      2.685097475491681    0.03164568140215246       2.63294679903552      0.328360803323432
                  38000       2.35877968526914    0.03150130922549191     0.9806101095699482    -0.6638957947826202
                  39000       2.68423300896025    0.03134239888475533      2.700522257575183     0.3440723986791864
                  40000      2.763409768158921    0.03117962297172882      1.364879186805696    -0.3435138737710972
                  41000      2.683684171558212     0.0310662448151531      3.196371066939108      0.503793416510199
                  42000      2.680619675569589    0.03095479279475966      3.288437002947299     0.5285956577712859
                  43000      2.516189374410477    0.03078794188305001      2.046128698455339    0.04872812182077802
                  44000      2.577006746092118    0.03062629053190314      2.155744935313047    0.09565058703460462
                  45000      2.540662873239259    0.03047268671173744        2.4337305159081     0.2119114744098607
                  46000      2.446429500363075    0.03033794160482944      1.409858369905624    -0.3384561824043519
                  47000      2.451622137759113    0.03019878980943985      1.604860079705733    -0.2135061361509661
                  48000      2.242289310818507    0.03014713145738122     0.4194666705046323     -1.557025992707191
                  49000      2.515442630915533    0.03000537501312724      2.320561374931388     0.1488410988566986
                  50000      2.149059041779042    0.02996980458184727     0.2913332418628337     -1.927441707340398
                  51000      1.928397917279062     0.0299343960374904     0.2916778516556691     -1.927441707340398
                  52000      2.662635480021478    0.02985068907473824      3.522907477747264     0.5611499985969423
                  53000      2.639490025681862    0.02973946650769655      3.144149497526175     0.4436738636450812
                  54000      2.639851734568372    0.02963690138372154      3.321396577115604     0.4950610412664006
                  55000      2.804577260691943     0.0295822674797816     0.5421943460614783     -1.319300221781136
                  56000      2.611241781975605    0.02946522032555329      2.947748043388908     0.3699075372844611
                  57000      2.737831106410002    0.02934069040233332        2.3751986688608     0.1497118253458754
                  58000      2.483806607559762    0.02921939265234223      2.209785936406718    0.07338370802751973
                  59000      2.691121705305012    0.02913903877915978      3.677185359085195     0.5798818631595467
                  60000      2.422508019965738    0.02903715300413405      1.519385194645755     -0.307462638290701
                  61000       2.32366396659947    0.02895911283267905      1.026342999690987    -0.7024576308332859
                  62000      2.479066750209892    0.02884668582596719       2.32818251237762     0.1127384736673898
                  63000      2.702065737989172    0.02876552308355991      3.614674524966976     0.5498348096210032
                  64000      2.631380452863699    0.02866957606244303      3.240245408908244     0.4371410011898618
                  65000       2.58901426956153    0.02856399869200073      2.587685334641931     0.2085663586140397
                  66000      2.280752949059759    0.02851135161269418     0.7256738987586537     -1.064696792379295
                  67000      2.461055381203934    0.02840966674173836      2.228475985747718    0.05370284063475986
                  68000      2.470509817932709    0.02830932116824069      2.439500887092608     0.1406400220099787
                  69000      2.488992912895438    0.02821153404165374      2.637243931420224     0.2151207471457366
                  70000      2.501784781993636    0.02811662282790126      2.772703920830199     0.2618393877107791
                  71000      2.638251152952057    0.02803568001193613      3.445125075855652     0.4760936331760285
                  72000      2.698434452770113    0.02796003759471195      3.620485412238129     0.5230398083583998
                  73000      2.695716843840919    0.02788897686342183       3.77469618039957     0.5622068514825912
                  74000      2.634594008318243    0.02780879953388837      3.451817850683895      0.469908943900364
                  75000      2.661523435446555    0.02774378123699871      3.981650192794257     0.6103635079584433
                  76000      2.487669524771345    0.02765678664019152      2.761762266055164     0.2413955619041375
                  77000      2.433332462978356    0.02757657498559464      1.991717549070262   -0.08838052580879001
                  78000      2.386421420578465    0.02752021794845564       1.12555147309381    -0.6611505156956153
                  79000      2.676452146402313    0.02746319956480858      4.172431436739972     0.6470012928625136
                  80000      2.681239510472305    0.02740667157633035      4.230240584757161     0.6587007769906592
                  81000      2.643219508414984    0.02734012045174857      3.916031448600953     0.5790894301937187
                  82000      2.719214592069763    0.02726330628827959      3.318541043555615      0.410722385494632
                  83000      2.674877775574523    0.02720592425059462      4.259460148724983     0.6582326172943266
                  84000      2.539891938834709    0.02712894240282517      2.580429054451531     0.1542122663992266
                  85000      2.560281993491419    0.02705346069147384       2.54228486371998     0.1365336010464897
                  86000      2.647886407495718    0.02699087671743902      4.005379248691432     0.5887926171700164
                  87000      2.683898349359098     0.0269334827409584      4.241047420845486     0.6438359338887253
                  88000      2.547184753820076    0.02686086129401055      2.676140292731187      0.180701261579424
                  89000      2.520489897294783    0.02678908074835616      2.797419845294284     0.2223473160382543
                  90000      2.514113149242421    0.02671835045832218      2.884554941082683     0.2503766717337637
                  91000      2.565240126123328    0.02664901931843488      2.723151269691768     0.1901975538895465
                  92000      2.591269241746319    0.02658107007916551      2.642868599256072     0.1577196669356922
                  93000       2.67166687007732     0.0265280968358442      4.303254161346085     0.6432313852429974
                  94000      2.681468421833114    0.02647523356080858      4.323808484640581     0.6460017587118236
                  95000      2.712792945137484    0.02641206809871233      3.606902169328003      0.462325747536624
                  96000      2.538019878910009     0.0263470690830771      2.978494745153249     0.2684305301605809
                  97000      2.416979458789747    0.02629768360348407      1.562499051659144    -0.3785772071403583
                  98000      2.597060575967202    0.02623502992851927      2.690647536842467     0.1625328603629891
                  99000      2.738656463659061    0.02617379258783842      2.588034559482136     0.1213127953118651
                 100000      2.667002317533202    0.02612391075457749      4.344722581270334     0.6374683624590809
                 101000      2.538760996494571     0.0260630243194531      3.046273338106713     0.2800920420931181
                 102000      1.704658763529241     0.0260504500736914     0.3351650471345558     -1.927441707340398
                 103000      2.046433545272918    0.02603789874828797      0.335326610308724     -1.927441707340398
                 104000      2.066620259591066    0.02602262181432675     0.4149592582849678     -1.714953269088133
                 105000      1.851610550520291    0.02601005007368978     0.3377219394274599     -1.921393944081688
                 106000      1.875774074650716    0.02599441711639643     0.4277899697929593     -1.685585702178012
                 107000      1.671985814045968    0.02598014908157033     0.3888148855953954     -1.781663733807823
                 108000      2.703804194713064    0.02593426787204535      4.482433374207043     0.6613866786942543
                 109000      2.667700976454185    0.02589850689644489      4.998564677119185     0.7689915626827395
                 110000      2.161580619252897    0.02588346348027063     0.4308693240182468      -1.68269070047783
                 111000      2.689070475926475    0.02584656842399582      4.988927047719751       0.76505414651121
                 112000      2.606223984689907    0.02578944839473578       3.18243022913236     0.3132659970233452
                 113000      2.675289473192243    0.02575524061506727      5.149190625119758     0.7931331053659649
                 114000      2.705921289440025    0.02571017122838125      4.609218058030589     0.6806003429982362
                 115000      2.610961142557104    0.02565487060431766      3.315942899700849     0.3491308959692619
                 116000      2.599494907947542     0.0256002315218528      3.181176654769582     0.3055079786206297
                 117000      2.717962319907115     0.0255501743934138       4.10633782874184     0.5588311720393944
                 118000      2.698016022817419    0.02551017642005845      4.890852109949495     0.7320994295487514
                 119000      2.034524111012971    0.02549549281906366     0.4889907526005427     -1.571254578397225
                 120000      1.912903311877943    0.02548147087847599     0.4664782736588367     -1.618936839257383
                 121000      2.492637478758861    0.02542954782208387      2.933108579727568     0.2176300451083134
                 122000      2.550901779177075    0.02537770394241085      3.261599377069072      0.321744110303161
                 123000      2.416727700320824      0.025338225680371      1.704516871396682    -0.3287486995900941
                 124000      2.563763069033628    0.02528748414348371      3.260059065009315     0.3177103265374877
                 125000      2.604001695706948    0.02523735062452413      3.322395868831088     0.3346666725133269
                 126000      2.720884454285764    0.02519049789855123      4.068240499041426     0.5353328898334792
                 127000      2.694347495375761    0.02515435030159278      5.022572569649613     0.7446285600961295
                 128000      2.681510259556331    0.02512053997711834      5.200968263505155     0.7781860878249501
                 129000      2.563407466218466    0.02507235463130258      3.321368360842254     0.3277981227027073
                 130000      2.691475502276911    0.02503790016017427      5.173590750749573     0.7696131044456682
                 131000      2.666504268796858    0.02500254661362876      5.136285215875982      0.760963219535321
                 132000      2.559911689213176    0.02495569488932396      3.392422619496166     0.3443017891874309
                 133000      1.765598415848091    0.02494657686676246     0.3548222230940996     -1.913746344121809
                 134000      2.434821940913023       0.02490709401505      2.119510719853522    -0.1280066295996785
                 135000      2.677978761714921    0.02487679143420302      5.461817545474162     0.8173723538345965
                 136000      2.671922773444853    0.02484590920976821      5.460959040866922     0.8159729802869112
                 137000      2.511774314375561    0.02480105533169093      3.227060033049558     0.2881131599995713
                 138000      2.648674100636291    0.02476239627132547       4.80622110822542     0.6848928038131141
                 139000       2.03018951107968    0.02474898302402735     0.5799116823331784     -1.430439622865458
                 140000       2.62801530456687    0.02470574138794709       4.02108197597002     0.5042421139251544
                 141000      2.531426004655842    0.02466211076249345      3.510670610844492     0.3667306028865199
                 142000      2.727407737502893     0.0246193444848554      3.891976672332211     0.4681051034268921
                 143000      2.515687237779956    0.02457667319972858      3.421662493963928     0.3375797292428912
                 144000      2.676275450200706     0.0245469844784585      5.522417016672125     0.8150600824324005
                 145000      1.965865570049865    0.02453786614844005     0.4110893746033655     -1.783071712406606
                 146000      1.872985620824548     0.0245255191871661     0.5714156505076347     -1.454268787086301
                 147000      2.594108250503009    0.02448390737354129      3.365923149881184      0.317373761836123
                 148000      1.831965483114114    0.02447328788322163      0.492248359084439     -1.605534224920046
                 149000      1.905009200931537     0.0244599911338673     0.6309510847559449     -1.357832734080273
                 150000      2.687006215240044    0.02443419730199906      5.796650230805271     0.8589193219180808
                 151000      2.646099517324195    0.02439958541544195       5.04535822951006     0.7186902368874459
                 152000      2.163686957399574    0.02438853176561276     0.5332112661234116     -1.529069111655206
