#! FIELDS time e sigma_e height logweight
#! SET action OPES_METAD_kernels
#! SET biasfactor       5.011348439085033
#! SET epsilon    0.001910020759284688
#! SET kernel_cutoff       3.538542402811424
#! SET compression_threshold                       1
                   1000      2.712502743870677    0.06321896844457647   0.006322704301097473     -5.011348439085033
                   2000      2.510377178449437    0.06280959804543298    0.01598757306849014     -4.090180207044084
                   3000      2.302022426686653     0.0624639019985802    0.01385069718249561     -4.239175449888505
                   4000      2.541315581137673    0.05492676725881585       1.25055947559092     0.1352472630382601
                   5000      2.705386857031749    0.05413907850106777    0.09305187452020156     -2.477386449644582
                   6000      2.735546195657177    0.05213634093620144     0.3004836609227389     -1.342844233305332
                   7000      2.454640161979692    0.04906477822768395     0.8812237378191913      -0.32764685889957
                   8000      2.622074947610809    0.04683614081688005     0.8794397845794439    -0.3761596003087377
                   9000      2.617611621780025    0.04540991960012043      1.810367071352384     0.3149156389220839
                  10000      2.540522070553891    0.04402507991237749      1.844864222706264     0.3028205900729181
                  11000      2.295078418343273    0.04395727179913388    0.03556375225793421      -3.64755485043542
                  12000      2.151441544080416    0.04393756466737296    0.01028610351791284      -4.88853638856673
                  13000      2.612807863225922    0.04324620867356216      2.728964367875667     0.6764871913845135
                  14000      2.704104283826787    0.04238754348747732     0.8328811455947075    -0.5303543581750435
                  15000      2.673640161598516    0.04135214348547554      1.870553969682391     0.2540143229891985
                  16000      2.073108208327159    0.04133881973838298    0.01237649368036603     -4.764498834855221
                  17000      1.995165567219519    0.04132506371131203     0.0127985344010502     -4.731299991332796
                  18000      1.887241134673495    0.04131391232999959    0.01038191787823717     -4.940834910311398
                  19000      1.841884096117398    0.04129255589668936     0.0199745585220365     -4.286958212232471
                  20000      1.593318963578193     0.0412821900863321   0.009682500924964458     -5.011348439085033
                  21000       1.98790404064258    0.04124139515120828    0.03854030449556264     -3.630952788856931
                  22000      1.797217974761799    0.04120543156132998    0.03407462508449912     -3.754976784659098
                  23000      1.878704450023833    0.04113577686612613    0.06703842682343625     -3.079955625331268
                  24000      2.032085641841094    0.04105799463928188    0.07567326816439784     -2.960689301099228
                  25000      2.338716759373615    0.04091729224277316     0.1413756043283964     -2.339126865210115
                  26000      2.404943498104341    0.04037453972990399     0.6802860824786371     -0.781387040380815
                  27000      2.595437226332613    0.04088446356123647      4.556862984157671      1.133040009346471
                  28000      2.667079957919993    0.04020849841081245      3.583427304107268     0.8760535042781334
                  29000       1.76621457169969    0.04017909505417249    0.04633733585379123     -3.472804978301231
                  30000      2.186147659495834    0.04016483063403565    0.02242418215990456     -4.198968151077938
                  31000     0.8287278178173055    0.04015849016949664   0.009953433060067638     -5.011348439085033
