#! FIELDS time e sigma_e height logweight
#! SET action OPES_METAD_kernels
#! SET biasfactor       4.240371756148875
#! SET epsilon    0.003891431002318289
#! SET kernel_cutoff        3.33135957893421
#! SET compression_threshold                       1
                   1000      2.669340994496478    0.06284082615044533    0.01375115918422312     -4.240371756148875
                   2000      2.467423325920377    0.06237830890582543    0.01863482234688711     -3.943850240367031
                   3000      2.283882758119213    0.06147956200123254    0.03862613427349474     -3.229465945716428
                   4000      2.534672756666705     0.0548893510332948     0.6392842601329055    -0.5364312747544367
                   5000      2.793948101392654    0.05448384046720792    0.03517604106029126     -3.443830489530991
                   6000       2.62583708256113    0.05049722210086519     0.9883212990636592    -0.1841736679768099
                   7000      2.543814991454726    0.04891844948950742      1.994160541389574     0.4860332338068534
                   8000      1.733957050290921    0.04885133764969013    0.01768905919955594     -4.240371756148875
                   9000      2.013309576123026    0.04878454990213617    0.01771327613755489     -4.240371756148875
                  10000      1.898808342563958     0.0487014190601076    0.02224235709232219     -4.014393224595536
                  11000      2.069406634796495    0.04850173822843792    0.05486197472333781     -3.115679723593724
                  12000      1.369863803363394    0.04843663049927469    0.01784051026579573     -4.240371756148875
                  13000      2.077272911941162    0.04768058103573583     0.2364452688146029     -1.671858872722053
                  14000      1.523691545089963    0.04761858699029772    0.01841804867454165     -4.225545583130168
                  15000      2.706527770916673    0.04590174120317853     0.8295180050926854    -0.4547519747939088
                  16000      2.686760635976006    0.04479889724354982      2.336091564096987     0.5563182229536742
                  17000      2.651819566015634    0.04448600376714386      3.559045494363136     0.9703224447435401
                  18000      2.320197014566648    0.04435216523646038    0.09935577588091496     -2.611231208068558
                  19000       2.67113737495032    0.04480332563441621      5.698565070866459      1.448152208549716
                  20000      2.599053692667346    0.04341067309949853      3.816410022305721      1.015670968608719
                  21000      2.067370353211753    0.04321757957637625     0.2685971183723087     -1.642639938383187
                  22000      2.467276445520796    0.04280319434609692      0.633115369995052    -0.7948344425339628
                  23000      2.455371952790116     0.0423298349749771     0.7806706342020271    -0.5964543474982243
                  24000      2.363196955038125    0.04220670350889503     0.1901821598805477     -2.011538432776191
                  25000      2.222276506113122    0.04216551560301462    0.06287487351829292     -3.119350503249199
                  26000      2.503528703670375    0.04135721361805506      1.787623553277595     0.2087894106181805
                  27000      2.355591873415906    0.04117743105130095     0.3221911291208254     -1.509064586807088
                  28000      2.681991068118802     0.0404616917504131      4.922281998342537      1.199783325329131
                  29000      2.497135806514356    0.03978910052277934      2.105993523387605     0.3340357947437848
                  30000      2.481029475048019    0.03913027364988049      2.437557686144623     0.4635484570486365
                  31000      2.434225644179561    0.03860992351305678       1.86582992086726     0.1828707189359535
                  32000      2.070757532939416    0.03848278716524218     0.3669529423162397     -1.446655169238806
                  33000      2.701730260425403    0.03792338596027921       4.45800167243719      1.035924013497619
                  34000      2.569227450320448    0.03740173853515295      2.787745534587101     0.5526058430789971
                  35000      2.472542611327377     0.0369054365983652      3.090973083830951     0.6425002664567687
                  36000      2.338841709627064    0.03680202183235446      0.408954587586009      -1.38294293936081
                  37000      2.224171359535402    0.03677906142505129    0.08729676551880422     -2.927857729002863
                  38000      2.536882019505286    0.03631984617254574      3.510950200139171     0.7539064692968019
                  39000      2.745110286131967    0.03594726418260455      2.317883178588426     0.3283627645709218
                  40000      2.435003248262674    0.03560147406048522      2.247171279604512     0.2877146971734316
                  41000      2.712853274634381    0.03522386930478404      3.961758242005828     0.8440673230558697
                  42000       2.70791587325373     0.0348871444107103      4.630666539208021     0.9904746628217568
                  43000       2.62444813303139    0.03455122229024368      3.499341881838455     0.7006732818512504
                  44000      2.643531161295008    0.03424368197845905      4.571300581254871     0.9589552731896114
                  45000      2.629360337245509    0.03394890540037485      4.546398906807441     0.9448475202906094
                  46000      2.618535985191544    0.03366708596681378      4.546285792986479      0.936486710700614
                  47000      2.661351889872355    0.03343597566579642      5.675532030283411      1.151452182632915
                  48000      2.658983044849427    0.03322060150668588      5.976176002656918      1.196606547542005
                  49000      2.518280371651711    0.03299985128807342      2.701726700549321     0.3960495801395068
                  50000      1.970169482393383    0.03299319120384757    0.05681282926908782     -3.466036460545848
                  51000      1.757045932074684    0.03298926704186017    0.03340406004712869     -3.997240122903576
                  52000      2.536782912681576    0.03276940295306267       2.90628178404743     0.4620252077482677
                  53000       1.94016776581477    0.03276334585591586    0.05377211474042679     -3.528034435658597
                  54000      2.002201120168331    0.03274809093005496     0.1370084824669045     -2.593212333305855
                  55000      2.151209739932416    0.03273747730777688    0.09500684478019471      -2.95963038520464
                  56000      1.862342025586722    0.03273327198851828    0.03741945820174906     -3.891516946691966
                  57000      2.349967952037042    0.03268946003792394     0.4096197175457647     -1.499817927151381
                  58000      1.598511895485851    0.03268619799761541    0.02919266660614801      -4.14122939787799
                  59000      1.918205595369462    0.03267768505729866    0.07668776338428597      -3.17566525342229
                  60000      1.948857084626503    0.03266399710965262     0.1242166733285566     -2.693798969383412
                  61000      1.885693072642575    0.03265367537693516    0.09347291868331629     -2.978470668254909
                  62000      1.965967801216607    0.03263415181177246     0.1790468710800421     -2.329092878421768
                  63000      1.954492890561832      0.032609235415531     0.2306923205462857     -2.076419420990461
                  64000      1.847436190714002    0.03260110449599793    0.07401237889284401     -3.213521311610393
                  65000      1.770075270181456    0.03259558012723815    0.05018750836652427     -3.602156982529996
                  66000      1.721860294572768    0.03258948892144534    0.05541707295941418     -3.503222308105031
                  67000       2.56793045568735    0.03236623168510681      3.707054481138744     0.6930087060215392
                  68000      2.511012021647397     0.0321560106899848      3.441011603563803     0.6120203276433263
                  69000      2.751997561053388    0.03199566542530094      2.157574893986192      0.140240732635522
                  70000      2.724801809329997    0.03179329929845059      3.964291120696461     0.7422380463910268
                  71000      1.693889875670914    0.03178824203398449    0.05373039447348994     -3.559024520663219
                  72000       2.33761644727961    0.03175069903101529     0.4186032445105147      -1.50726153853991
