#! FIELDS time e sigma_e height
#! SET action OPES_METAD_state
#! SET biasfactor       5.011348439085033
#! SET epsilon    0.001910020759284688
#! SET kernel_cutoff       3.538542402811424
#! SET compression_threshold                       1
#! SET zed      0.1212900214485678
#! SET sum_weights        362.102837677397
#! SET sum_weights2       1065.495727937951
#! SET counter  319
                      0      2.573995494073765    0.03455653878969393      121.8393387108915
                      0      2.430393897075377    0.03490845637368181      67.12162427013753
                      0      2.505808950639091    0.03401931817081202      93.14069045910715
                      0      2.678702198260219    0.03326356105884963      235.8275846137433
                      0      2.251142887501751    0.03340680926722112      1.820429018272085
                      0      2.048138378341652    0.03088064657823841      3.963379778779904
                      0      1.917779993517571    0.03160659747744683      4.181383256015113
                      0      1.747285297313921    0.03275173787532525      1.062083032604056
                      0      2.851296619135379    0.04216447444716573    0.01331635393595014
                      0       1.98292731597081    0.03280932337299305       4.13236313344937
                      0      2.326449621772554    0.03073761968902235      2.939679228870393
                      0      2.722730591532027    0.02906187329536931       88.1278244299362
                      0      1.850002874522775     0.0318915881241601      1.502702294786093
                      0      2.174348370935046    0.03133534823453137      1.403927890895558
                      0      1.685746816619464    0.03226904722805735     0.5929349141694937
                      0      1.632781827017555     0.0334478180661754     0.5514361647841632
                      0      2.642764901359099    0.02997883998824368      125.9696880922434
                      0      1.477532538438588    0.03415647512773301    0.01193857135200977
                      0       1.57649405404071    0.03222350419514212     0.2288983999611681
                      0      2.107807893671004     0.0304605457878096      1.437899127080274
                      0      1.789784760826101    0.02755387897324259     0.9406639765181622
                      0      2.366190130615177    0.02904217185752893      5.108771797632146
                      0      1.523402176145256    0.02844393489033059    0.09192656089196541
                      0      2.291947655914498    0.02632019599900469      1.039465231169542
                      0      1.819113449355676    0.02434194249144698     0.1569707260926567
                      0       2.21431138930859    0.02425058101218712     0.1733299351669093
                      0      1.224505661387461    0.02425040324110344    0.01648281225352859
