#! FIELDS time e sigma_e height logweight
#! SET action OPES_METAD_kernels
#! SET biasfactor       3.469395073212715
#! SET epsilon    0.007640039155174105
#! SET kernel_cutoff       3.122291642622147
#! SET compression_threshold                       1
                   1000      2.729536029042699    0.06206017502565676    0.03010226110527593     -3.469395073212715
                   2000      2.518779060329372     0.0613590197611887    0.03044624246170084     -3.469395073212715
                   3000      2.643028703105955    0.05472891941448126     0.6712172412224051    -0.4906147381935241
                   4000      2.689004927067791    0.05129614846364983      1.575547119933902     0.2978736981465185
                   5000       2.69634689114503    0.04868216214565868      1.895948513094907     0.4306873683162337
                   6000      2.620942819404076    0.04651090322045558      1.276652233282755   -0.01041659031727646
                   7000      2.476917876742666    0.04633433220192105    0.07070732944346952     -2.907667401491099
                   8000      2.714468188093217    0.04464195906900003      1.708762872413601     0.2400992831039461
                   9000      2.508938345846238    0.04433653285907738     0.1711130047974538     -2.067966649492757
                  10000      2.617994737124982    0.04301943618413331      1.409689833380886    0.01067715949659177
                  11000      2.699352573902292    0.04194056687096676      2.027356742819189     0.3486418268522357
                  12000      2.690463209694594    0.04103235694932306      2.256410992185351      0.433791881549039
                  13000      2.481200052893779    0.04086031150165163      0.179618994147041     -2.101102719877513
                  14000      2.506911752463262    0.04060030625987387     0.2877939794825691     -1.636079356145461
                  15000      2.626951205346958    0.03979331624764709      1.651190325849603    0.09085083991716235
                  16000      2.698656497052628    0.03909540059683754      2.219922860399445     0.3691327137682806
                  17000      2.519350517137044    0.03886307196633264     0.3552438011522641     -1.469251030664708
                  18000      2.490618582988633    0.03861582692344794     0.3943364746994529      -1.37123308329742
                  19000      2.468992691658596    0.03836663403674467     0.4125895654045916     -1.332458354161321
                  20000      2.461898191305161     0.0380878339542686     0.4895287729936367     -1.168761688232065
                  21000      2.539267098841187    0.03777783736164688      0.583947225106953     -1.000566612934179
                  22000      2.497202763232446    0.03738582254951291     0.8520663946913296     -0.633143833032985
                  23000       2.33084721006319    0.03735684122345518    0.05000828581000288     -3.469395073212715
                  24000      2.071976628735435    0.03732793995283618    0.05004700487682557     -3.469395073212715
                  25000       2.31178028715481    0.03727758545687786    0.08861769546421139     -2.899376060530581
                  26000      2.405332298853422    0.03710550388394048     0.3307272699940394     -1.587040451911772
                  27000      2.552184164012078    0.03665964972334623      1.271694789703281      -0.25231738366841
                  28000      2.528369197537095    0.03621264486947107      1.612163752313956   -0.02735897635043127
                  29000      2.549500833490675    0.03579367813806816      1.894765050969661     0.1225215744594918
                  30000      2.430485613265376    0.03553889241867726     0.7256287369972589    -0.8444336808442769
                  31000      2.692468771936229    0.03537520225733252      3.288354944559486     0.6620539341226716
                  32000      2.736323853977658    0.03503806315355251      2.542707487382654     0.3953198802545153
                  33000      2.717595553506283    0.03487150461602485      3.572783802986845     0.7306705155032894
                  34000      2.632912220752633    0.03454010440063248      2.443265958214857     0.3411121848603434
                  35000      2.032200324271908    0.03451857515921919    0.07268990753968359      -3.17439970013116
                  36000      1.893241700293541    0.03450250741250054    0.05414538632008518     -3.469395073212715
                  37000      1.886716027377048    0.03447432235236082    0.09621946779079937     -2.895253368836471
                  38000      1.976730271929382    0.03445201324001412    0.07604725385685253     -3.131177497626927
                  39000       1.95013549796981    0.03441501164463217     0.1282319090740711     -2.609766572745054
                  40000      1.784218238614174    0.03439900444817628    0.05469506941249015     -3.462298651049794
                  41000      2.140452775506419    0.03438040480053561    0.06383833679546837     -3.308259166916283
                  42000      1.672405707834416    0.03436456616101709    0.05436272886752348     -3.469395073212715
                  43000      1.994849510311521    0.03430477595631421     0.2144670934778291     -2.098658939776834
                  44000      2.135990612884114    0.03426741074694773     0.1322161468478079     -2.583467003178099
                  45000      1.888746450432526    0.03420770745399814     0.2171595188836767     -2.089016664831946
                  46000      2.060354169807554    0.03415272262529438     0.2007562466519913     -2.169166063965315
                  47000      2.387107537305311     0.0340105388197617     0.5815245703076887     -1.109776174940583
                  48000      1.745956287621133    0.03398554317601624    0.09117269044708007     -2.963409202332001
                  49000      2.299612806860466    0.03393417606319939     0.1931511695550286     -2.214204046937468
                  50000      2.137600260406686    0.03386986131026752     0.2471257037095739     -1.969677140076923
                  51000      2.728227063953129    0.03410125082276678      5.256292732556554      1.094415476976447
                  52000      2.544955650331222    0.03380771560057689       2.63456613330984      0.395062999568925
                  53000      2.496021022510523     0.0335275140274679      2.332622948762409      0.265015217270039
                  54000      1.414278169153456    0.03351521538752897    0.05574040241903338     -3.469395073212715
