#! FIELDS time e sigma_e height logweight
#! SET action OPES_METAD_kernels
#! SET biasfactor       1.927441707340398
#! SET epsilon     0.01821196306674905
#! SET kernel_cutoff       2.830433390657354
#! SET compression_threshold                       1
                   1000      2.654847587771428    0.05785834540142751     0.1509064987297364     -1.927441707340398
                   2000      2.424038913815416    0.05566206205584254     0.1568608852123671     -1.927441707340398
                   3000      2.411846924322048    0.05145539112226587      1.173299934572062   0.006190913969445041
                   4000      2.030373168099163    0.05038024273601314     0.1733060392855924     -1.927441707340398
                   5000      2.252287439865372    0.04938905952825592     0.1767840977378801     -1.927441707340398
                   6000      2.632990491294229    0.04709620380918872     0.7415173835650885    -0.5412088368749495
                   7000      2.658781852663115    0.04553032716803598      1.480146075645469     0.1161748555331635
                   8000      2.481185973858975    0.04399330127740792      1.037227417040828     -0.273755975549423
                   9000      2.322366530965092    0.04282953585281994       0.78333964301621    -0.5813055132479923
                  10000      2.561204183480766    0.04174053333461747      1.021972310631515    -0.3411374850133943
