#! FIELDS time e sigma_e height
#! SET action OPES_METAD_state
#! SET biasfactor       5.011348439085033
#! SET epsilon    0.001910020759284688
#! SET kernel_cutoff       3.538542402811424
#! SET compression_threshold                       1
#! SET zed      0.1289890418187011
#! SET sum_weights       67.70934686849199
#! SET sum_weights2       146.6753705087108
#! SET counter  87
                      0      2.335279569569776    0.04333557295488581      1.592253407296723
                      0      2.566237250308189    0.04444490357489356      34.98089240645165
                      0      2.717417668584775    0.04308074959531649      17.80936580714913
                      0      2.077754920360641    0.04300244678309566      1.038252746612551
                      0      2.645436971147392    0.04252015751109568      27.54999054610215
                      0      1.660082016235571    0.04399790413291215     0.1308937641475039
                      0      2.193960948844482    0.04188573288243244     0.3001143866442029
                      0      1.879288932354044    0.03671455712941765     0.4612508232993449
                      0      1.948348654882448    0.04091788687367376      1.018220406855201
                      0      1.721898455678276    0.04193745935765183     0.1670166912260049
                      0      1.840030723891567    0.03659285359647768     0.3336038884288695
                      0      2.489583942126948    0.04147181585208448      18.60535111847127
                      0      2.274145118291021    0.03530411658685792     0.5162564218290324
                      0       2.43652802993667    0.03720025148788404      4.935310379270389
                      0      1.506716109229534    0.03430256180211894     0.0596813054562125
                      0      2.000597595239444    0.03510645347617434     0.6003154280783212
                      0      1.409794317860918    0.03186389011904251    0.01296794578304977
                      0      1.568916162198767    0.03186123949022147    0.02682591620820532
