#! FIELDS time e sigma_e height logweight
#! SET action OPES_METAD_kernels
#! SET biasfactor       5.011348439085033
#! SET epsilon    0.001910020759284688
#! SET kernel_cutoff       3.538542402811424
#! SET compression_threshold                       1
                   1000      2.639870375121368    0.06321896844457647   0.006322704301097473     -5.011348439085033
                   2000      2.489959634133641    0.06089796673310082     0.1039484339583359     -2.249005105168078
                   3000      2.709122733973921    0.05883110228183778     0.1100119001312721     -2.226840632820581
                   4000      2.685977733199612    0.05324417401763133      1.245407609269796     0.1000067016001485
                   5000      2.582782821947773    0.05062433636868744     0.4876711940787372    -0.8880260284960412
                   6000      2.475871777775363     0.0490353225954983      0.334413292927002     -1.297181301502762
                   7000      2.516740118781021    0.04676980705839565     0.8788678297462115    -0.3782274727627015
                   8000      2.710201562103835    0.04502853390159139      1.283514835974771   -0.03744590643687538
                   9000      2.600917123965294     0.0436040928691848     0.9600741331897679    -0.3599383185555308
                  10000      1.984199215092489    0.04358253290489167   0.009171445922332004     -5.011348439085033
                  11000      1.859842136080956    0.04356023105452565   0.009510149679356735     -4.975595623283835
                  12000      2.031095284781561    0.04350745858354439    0.02273438598645569     -4.105288876617961
                  13000      1.672121993157495    0.04348606665964704   0.009191791173571124     -5.011348439085033
                  14000      1.823667942517429    0.04341167753254594    0.03248375000286132     -3.750631404337788
                  15000      2.202828496113378    0.04339045180877586   0.009212046130725597     -5.011348439085033
                  16000      2.163229257623048    0.04331417194466448    0.03366749696524227     -3.717087072899166
                  17000      1.962094749798199    0.04317722596489582     0.0619743557729807      -3.11006597878187
                  18000      1.916902053217272    0.04287584308425496     0.1456102717793057     -2.262857590929764
                  19000      2.354313590585944    0.04272279656866399    0.07310692142488187     -2.955444139336902
                  20000      2.689499245774523     0.0451036011125992      4.034534861423386      1.109508547482712
                  21000      2.413016748466727    0.04447860552835903     0.4701481868716736     -1.054043606058245
                  22000      2.523534262196974     0.0431279410511168      1.920595990714822     0.3224620587933342
                  23000      2.540021402421694    0.04214636191138589      3.083709047863022     0.7729369143971457
                  24000      2.310248580248054     0.0420403058705961     0.1164326472154117     -2.506158049186992
                  25000      2.229396192519001     0.0419721159214842    0.07484655272289849     -2.949654296037061
                  26000      2.402109842401277    0.04142230786388638     0.7388319971200122    -0.6732097112313361
                  27000      2.710267514232105     0.0410120035659014      4.319152643595442      1.082579467234245
                  28000      2.498947481017474    0.04019940611752588      3.418584546036056     0.8287342500742627
                  29000      2.727888230317064    0.03966781093690099       4.63369681775244      1.119550487220146
                  30000      2.666650201882578    0.03911818555742089      4.815120154745782      1.144003899607731
                  31000      2.514187774953152    0.03848100158715101      4.036731318814507     0.9512553769990064
                  32000      1.999225098631026    0.03844836067295406    0.09156098008533667     -2.835778582132257
                  33000      2.058251948372332    0.03842432046359488    0.06741542825684557     -3.142535339071776
                  34000      1.913829830357177    0.03836613393568582     0.1664552409717662     -2.240198249207985
                  35000       1.58683115278597    0.03836183209414121    0.01206683662428937     -4.864575916843729
                  36000      2.132981521671339    0.03834112120548037    0.05858951131836811      -3.28502116743999
                  37000      2.040553883956873    0.03828746359752014      0.154711568776374      -2.31541478302321
                  38000       2.14101962410793    0.03824692863956046     0.1168570571476181     -2.597085127069051
                  39000      1.662540744217363    0.03823874853635489    0.02331735503108853     -4.209052545688909
                  40000      1.734884091240729    0.03823022366680549    0.02432778905580037     -4.166854163458431
                  41000      1.774716671031216    0.03821302658535745    0.04933702251616829     -3.460248610601335
                  42000      2.639411870003871    0.03769148838194377      4.613151763203336      1.064001037438955
                  43000      2.690896103221111    0.03757773888619012      7.231172105526784      1.510468401921346
                  44000      2.690686857159936    0.03743017066180758      7.998542522104724      1.607391859521702
                  45000      2.729729075520809    0.03699787650079982      6.565654815641897      1.398368203119234
                  46000      2.600202578593879    0.03658951043046774      2.968757822164632     0.5935606604788178
                  47000      2.632873931125051    0.03615045266310862      5.474436132402536      1.193434188988606
                  48000      2.472143000594406      0.035839015078713      2.404013409148787     0.3618321389506405
                  49000      2.527578561432283    0.03546065400660288      3.848737359176098     0.8218243176104342
                  50000      2.523439357002278    0.03509089778098996      4.547759933485981     0.9782320015625784
                  51000      2.487383152713074    0.03474509990372096      4.411281492139655     0.9378592249140671
                  52000      2.361003181595708    0.03470038311246823      0.336319241610201     -1.637288280886103
                  53000      2.488154416084484    0.03437351764719997      5.139309591334293      1.079860619537416
                  54000      2.245591741162919    0.03436416732045108    0.07346869760218708     -3.168226034836706
                  55000      2.289784020253503    0.03434783182452294     0.1293184289147153     -2.603283140664916
                  56000       2.15997613150549    0.03433285857048482     0.1186486980201311     -2.689829960242546
                  57000      2.324446917337865    0.03429939802020197     0.2702602679621277     -1.867586587510786
                  58000      2.217680314652924    0.03428408257124546      0.122194294521266     -2.661806303753263
                  59000      2.440446494605407    0.03405185484348881      2.506315221676708     0.3523535783468201
                  60000      2.439466905833038    0.03381191221447965      2.808027069034253     0.4589507366447874
                  61000      2.604183296086377    0.03354631547966502          3.75217798605     0.7409189410616215
                  62000      2.683314350284328    0.03332928122830898      7.207127843472563      1.387162279134533
                  63000      2.668386127684133    0.03311468608676182      7.296838531747197      1.393073486688324
                  64000      2.478076232298747    0.03286832576699553      4.734006742365824     0.9529368245040155
                  65000      2.735784836813347    0.03263037224890609      5.309420626096511      1.060381675835762
                  66000      1.688569266703767    0.03262757747123818    0.03176246240596391     -4.058656810684683
                  67000      2.038606114388822    0.03261647749899571     0.1274478090000481     -2.669575296151862
                  68000      1.505813563942297    0.03261534159550834     0.0129094372331305      -4.95935845007874
                  69000      2.433617490634197    0.03243225753865753      2.929248335940611     0.4595548178193615
                  70000       2.52043042351637    0.03221285253842233      5.561220698225877      1.093838592051733
                  71000      2.298357257376226    0.03219607740574536     0.2107836810926075     -2.179422816272961
                  72000      2.518938975667395    0.03199022365057978      6.162031041377457      1.189492220691148
                  73000      2.696007514314299    0.03184113498105051      8.284226249059296      1.480767699240545
                  74000      1.760919639410101    0.03183779879858915    0.04604313023383297     -3.711867044845167
                  75000      1.819016059176888    0.03183425510646801    0.04894394107916398     -3.650881343014798
                  76000      1.906791607182853    0.03182547958571236     0.1221328722992762     -2.736723058127095
                  77000      1.917391944154402    0.03181424214018098     0.1571301478252866       -2.4851113566518
                  78000       2.21358501802021    0.03180506639168954     0.1281439962484367     -2.689319641309714
                  79000      2.323121586898965    0.03178580826834764     0.2731764177191577     -1.932962126673597
                  80000      2.631807081719051    0.03159159134865935      5.123109844937597     0.9923080726525602
                  81000      2.483231480545709    0.03140326973894594      5.631001672402808      1.080854800356024
                  82000      2.425788632473339    0.03127401918968324      2.556810945485295     0.2872038903096624
                  83000       2.41565365743661      0.031155451156742      2.335988155788051     0.1930796593642509
                  84000      2.434472629111665    0.03100459371137917      3.525706589082433     0.5998716825030647
                  85000      2.473186234525365    0.03083614828373863      5.706995908769374      1.076035859824725
                  86000      2.533760364952795    0.03067310236621714      5.402190059001692      1.015846001741467
                  87000       2.68198263809242    0.03053138766671348      7.472436422368279      1.335631802979018
                  88000      2.606594877192399    0.03039411463420921      3.801537928845738     0.6553101328620939
                  89000       2.65656969140649    0.03024957780744328      6.789862287815944      1.230568325125867
                  90000      2.250903354716236    0.03024214565497365     0.1458869721020684     -2.610031180006753
                  91000      2.532606633475583    0.03009688711711262      5.536313086962255      1.021405957590641
                  92000      2.537856803792069    0.02995562294601123       5.62035581109154      1.031767462642316
                  93000      2.754844090746967    0.02984399396607352      3.256462802469371     0.4822806265950562
                  94000      2.347347240781089    0.02982733725644513     0.3638580202809605     -1.709910773236736
                  95000      2.223596668688812    0.02982026965302892     0.1517588596572353     -2.584618677738993
                  96000      1.939820100474636    0.02981382449505298     0.1383715727808534     -2.677185022931496
                  97000      1.722147664883248    0.02981182563633105    0.04257903827176196     -3.855832620150429
                  98000      1.735934539150815    0.02980912426876446    0.05764061696035427     -3.553057836283715
                  99000      1.542937143807657    0.02980830118426408     0.0175053357448035     -4.744807189094017
                 100000      2.041454185940778    0.02980261875667417     0.1220347229926942     -2.803197954880764
                 101000      1.706519145747507    0.02979977284901404    0.06082751638978044      -3.49955681144569
                 102000      1.796864461127901    0.02979698213163894    0.05966729484713869     -3.518908678289919
                 103000      2.154100698634333    0.02979173305791351     0.1128265190022797     -2.882017491372479
                 104000      1.566188715805118    0.02979071266022182     0.0217676336866856     -4.527478978690303
                 105000      1.597944439121937    0.02978956160900233    0.02456488275779314     -4.406623897757525
                 106000      2.453050925903084    0.02966179024254762      4.606789658764462     0.8230463595181372
                 107000      2.637751199368181    0.02953217331951358      5.877454727651697      1.062259526577633
                 108000      2.639721581143794    0.02940679947164263      6.313133428792155      1.129513494650801
                 109000       2.33767144088099    0.02939237188879375     0.3468100629778984     -1.772587398943878
                 110000      2.089668683298328    0.02938860777178752    0.08856473151998631      -3.13775901845509
                 111000        2.7337230784098    0.02926748164982635      5.153198511376721     0.9217500882297672
                 112000      2.173022987139155    0.02926198028975171     0.1335710428245876     -2.731177276541857
                 113000      1.834303300262107    0.02925943127429152    0.06153918152275321     -3.506223812887319
                 114000      2.022185126883198    0.02925408994054737     0.1298032724905019     -2.760060434530589
                 115000      2.530501623203059    0.02913467485863152      5.905285574406003      1.053432288427584
                 116000      2.130209576898981     0.0291297877018098     0.1222557321277222     -2.824223542390476
                 117000      2.508115463969451    0.02901705002623836      6.926042913356792      1.208827668880293
                 118000       2.48786679600304     0.0289053880387717      6.730970050777704      1.176402724419236
                 119000      1.622154165576228    0.02890431292830329    0.02837910211262994     -4.292455987748374
                 120000      1.860389436439899      0.028900990050074    0.08819200922945751     -3.158707628281607
                 121000      2.104694817006129    0.02889629591867319     0.1250596488744135     -2.809595608726035
                 122000      1.619940337656366    0.02889489517649933    0.03705565681845684     -4.026013878431769
                 123000      1.835150909876978    0.02889149308668835    0.09044584685430804      -3.13380135197306
                 124000      1.974580205482454    0.02888667030636427     0.1287206420527256     -2.781075096910145
                 125000      2.392420836265024    0.02883592875122784       1.54982054237144    -0.2945832813969511
                 126000      1.830806587603616    0.02883190892289132     0.1080990072504754      -2.95756957769191
                 127000      1.905864154741123    0.02882539320286706     0.1763996420653479     -2.468091019643375
                 128000      2.123000149812565    0.02881933207148521     0.1640808321298441     -2.540694241529561
                 129000      1.993454594024119    0.02881364257784549      0.154029340694629     -2.604107757346086
                 130000      2.086142041040693    0.02880777690175972     0.1590126122667027     -2.572470937696663
                 131000      1.762419022044173    0.02880463429912706    0.08470867770771158      -3.20234550515798
                 132000      2.355527382392034     0.0287820665996464     0.6401383644178761     -1.180662988134995
                 133000      1.907280294756014    0.02877450225188921     0.2069940173835088     -2.309920293363216
                 134000      2.093480932431235    0.02876751520524707     0.1911539852914248     -2.389773725980839
                 135000      1.870470614658209    0.02876126060422179     0.1709955813600533     -2.501432761285364
                 136000      1.737180597779296    0.02875771085605052    0.09649828333139794     -3.073668687357574
                 137000      1.759359158959538     0.0287533896988171     0.1177576541443745     -2.874715444210135
                 138000      2.180375290139199    0.02874656742131552     0.1872048003991123     -2.411378268257751
                 139000      2.639115932789605    0.02864054577569627      6.638846912065005      1.153417126689291
                 140000      2.282281948855102    0.02863191070318888     0.2452951594361283     -2.145115768692625
                 141000      2.570394925208735    0.02853448134355473      4.315532573351994     0.7189894060905619
                 142000      2.510009938235301    0.02844321189978544      7.978596519606496      1.330327493592146
                 143000      2.563393907831752    0.02834617085472142      4.793426025943139     0.8173927932327268
                 144000      2.369904624623608    0.02831783617107832     0.9207016318067228    -0.8334719590396543
                 145000      2.077802720249033    0.02831130959339402     0.1995816881621603     -2.362614867117149
                 146000      2.089585496385056    0.02830352549170638     0.2391215089508545     -2.182141640246026
                 147000      2.635150452729584    0.02820622711012216      6.558355593490767      1.125938110661428
                 148000      2.519310714752893     0.0281206946386648      8.064850615772997       1.32967639594331
                 149000      2.710998219883616    0.02802682137248949      6.563634318050277      1.120361857060084
                 150000      2.067492661514744    0.02801959953259757     0.2404344718391606     -2.186748006541152
                 151000      1.812455315718925    0.02801593652379739     0.1208428797346136     -2.874835144169689
                 152000      2.515137671335827    0.02793652933599978      8.446520574771869      1.369345155693682
                 153000      2.331767835869054    0.02792173428863561     0.5199687745093725     -1.418925688132042
                 154000      2.288961568918974    0.02791274759197884     0.3109221024116476     -1.933473947542349
                 155000      2.122457225792613    0.02790554648455267     0.2481712453999581     -2.159155359884641
                 156000      2.143285349893109    0.02789783620865629     0.2664504799771704     -2.088362300510598
                 157000      1.989996514615079    0.02789310068208615     0.1624045616391004       -2.5836299540941
                 158000      1.641341990665229    0.02789184581829375    0.04263319758099986     -3.921132223943159
                 159000      1.737018761441974    0.02788827827553035     0.1220481476720364     -2.869477754223553
                 160000      1.882931665261418    0.02788247032912884     0.2001374298287515     -2.375097373744888
                 161000      1.996978345035443    0.02787698162290721     0.1891385457926117     -2.431818731305655
                 162000      1.692574091702255     0.0278746943444237    0.07814758097886902     -3.315781473883463
                 163000       2.23879883629411    0.02786929506775859     0.1862472425468726     -2.447499241583645
                 164000       1.91770115070412    0.02786235752116347     0.2406399949567775     -2.191521236342899
                 165000      1.702981476761051    0.02785927733258744     0.1057372232533171     -3.013976822108264
                 166000      2.514773051195472    0.02778565624734724      8.790018756953113      1.403792208586124
                 167000      1.952115003790059    0.02777948745761407     0.2200004887664847       -2.2841721860824
                 168000      1.650667235484887    0.02777767719625041    0.06378133629794365     -3.522406508580565
                 169000      1.898975617589381    0.02776984896490912     0.2809994297723108     -2.039796338634797
                 170000      1.578374874744168    0.02776876844919671     0.0380482997162583     -4.039331491318367
                 171000      2.023114083125686    0.02776244523736692     0.2262549410517808     -2.256753203280856
                 172000      2.501472672543786    0.02769579122177091      9.324997627450539      1.459634609075557
                 173000      2.528799527001194    0.02762451195649994      8.992901413003473      1.420794464961791
                 174000       2.62888498445591    0.02753965368295365      6.195610404734825      1.045123398008099
                 175000      2.613640965531246    0.02745747808687793      5.624034786662074     0.9453433342680947
                 176000       2.11030733670125    0.02744969673944032     0.3087264892435512     -1.957288984209506
                 177000      1.505833588729895    0.02744914530709314    0.02139789132632167     -4.626472429067457
                 178000       1.85188023351275    0.02744433328838041      0.189314303598311     -2.446531516303832
                 179000      2.434729316489973    0.02737980019257891      3.453734368858051     0.4549170314421004
                 180000      1.660687302863555    0.02737775715667802      0.080757005136095     -3.300924230835613
                 181000      2.240968310937738    0.02737252427461698     0.2090979168652305     -2.349757450614553
                 182000      1.780135589012583    0.02736914861441218     0.1341774968446248     -2.793519898404448
                 183000       2.73659749114183    0.02729312136689461      4.897986986245996     0.8011144452116017
                 184000        2.6888033592989    0.02721540828989949      7.239964458995267      1.189055029343245
                 185000      2.666141298672712    0.02714031059543582      7.626068679491616      1.238248003673681
                 186000       2.47938946576276    0.02706626227583941      7.628412935336561      1.235823276046269
                 187000      1.457901258961746    0.02706586392249867    0.01705830676794859     -4.867189255628181
