#! FIELDS time e sigma_e height
#! SET action OPES_METAD_state
#! SET biasfactor       4.240371756148875
#! SET epsilon    0.003891431002318289
#! SET kernel_cutoff        3.33135957893421
#! SET compression_threshold                       1
#! SET zed        0.14971617883831
#! SET sum_weights       120.6423473338495
#! SET sum_weights2       290.1770411495133
#! SET counter  112
                      0      2.684903703603362    0.04079650093639139      88.91330758678825
                      0      2.371629328348709    0.03691045391541165      1.380306024397948
                      0      2.145114561418761    0.04061254119127435     0.8758665664155439
                      0       2.45471641128488    0.04108254194525152      20.68196580022664
                      0      2.526043186363909    0.04110078167545248      43.75866393379518
                      0      1.833872510286356    0.03645263533591128     0.1379743462924984
                      0      1.669878193471674    0.04209043583543391     0.2824070576596605
                      0      2.036031348488826    0.03242417171307507     0.2256940176557179
                      0      1.967249282551787    0.04072143667170203     0.6449441148898556
                      0      1.520625119140065    0.04142373360327378    0.06104809191143011
                      0      2.325185877822438    0.03741183883148848      1.091034532729589
                      0       2.61266872414357    0.03985405045231977      36.94028958072112
                      0      2.729066634545856    0.03352474627876238      16.60180320242678
                      0      2.251187756677403    0.03382194387838947     0.6596070155181384
                      0      1.772568731793934    0.03199066202700376     0.1868828298519552
                      0      2.798349763908183    0.03055492472609396       0.63618116762522
                      0      2.075320788422066    0.02948616094531286     0.3806490367477043
                      0      1.890169072933838    0.03316842512618393      0.323226228571471
