#! FIELDS time e sigma_e height
#! SET action OPES_METAD_state
#! SET biasfactor       4.240371756148875
#! SET epsilon    0.003891431002318289
#! SET kernel_cutoff        3.33135957893421
#! SET compression_threshold                       1
#! SET zed      0.1240605442894442
#! SET sum_weights       35.93530455700785
#! SET sum_weights2       89.23003667057263
#! SET counter  56
                      0      2.692725259592779    0.04481015620379799      33.30861780283489
                      0      2.446054216770379     0.0440393682543927      2.723658601279192
                      0      2.615959378841584     0.0444192064188151       9.17748894405292
                      0      2.041986804621325     0.0415259256281802    0.02080951094023172
                      0      1.974513111222137    0.03979529308582012     0.4663642447917482
                      0      2.087007914685969    0.04185977923754978      0.312127447903545
                      0      1.554352720933889    0.03813943846362851     0.0822072718833948
                      0      1.740075543892783    0.03964988850480132    0.09367299048788597
                      0      2.299144320906543    0.03965460899689728     0.2595182730741382
                      0      2.560552008708988    0.03917474220554448      2.812411529172141
                      0       1.88630391580464    0.04021023392544099     0.6241759453196047
                      0       2.77077930348279    0.03871905327868973      2.038269587321184
                      0      1.802330578197449    0.03871225746127967     0.1245706466942754
                      0      2.211305314762384    0.03850159163424989    0.03707091807326054
                      0      1.658792102104709    0.03970547392583482     0.1310079878532721
                      0      1.601978220551419    0.03841431202459175    0.04083551744595217
                      0      1.430982594062327    0.03838258250575315    0.02275509969814528
                      0      2.516625698366881    0.03752513235827598      1.112775880149064
