#! FIELDS time e sigma_e height logweight
#! SET action OPES_METAD_kernels
#! SET biasfactor       3.469395073212715
#! SET epsilon    0.007640039155174105
#! SET kernel_cutoff       3.122291642622147
#! SET compression_threshold                       1
                   1000       2.69146868192923    0.06206017502565676    0.03010226110527593     -3.469395073212715
                   2000      2.491670341645027     0.0613590197611887    0.03044624246170084     -3.469395073212715
                   3000      2.564142920540949    0.05448975859105107     0.7825363863185615    -0.3415466515331175
                   4000      2.326994165351858    0.05407794676072385    0.03916770484393469     -3.343820825674414
                   5000      2.496045040393222    0.05051093818827664      1.372616641230984     0.1445642236869749
                   6000      2.484071590599077    0.04847643084609866      2.047405471667614     0.5033065236630785
                   7000      2.652880342447035    0.04748915378795353     0.3532162777797498     -1.274517943296744
                   8000      2.666481801773231    0.04617686807436103     0.5878480409455404    -0.7931523788025219
                   9000      2.747702498071449    0.04551545478995912     0.2910144248944541     -1.510675071180314
                  10000      2.696595931286971    0.04409474857137431     0.9912585591197777    -0.3167837382712661
                  11000      2.467809398717308    0.04304503938864751      2.169916792723062     0.4425912553947904
                  12000      2.281013649565469    0.04291560382199757     0.0856850130873206     -2.792186422097452
                  13000      2.562806096778572    0.04181577111165397      1.410729416526938   -0.01696410721531411
                  14000      2.682879311662833    0.04088947942225903      1.285234015229982    -0.1325309443154136
                  15000      2.583686880041305     0.0400480048060039      1.486982010412623  -0.007517138028538298
                  16000      2.644824920085131    0.03929678072855473      1.599544457810387    0.04651691283246139
                  17000      2.644940257241265     0.0386500768443254      2.028991866037075     0.2677432530021335
                  18000      2.628368100321823    0.03809188373493261      2.286557125459525      0.372703919491827
                  19000      2.690080533433968    0.03754009853663397      2.084090100454759     0.2653974511163795
                  20000      2.722051834357787    0.03703506336605698       1.54963170270004   -0.04446214824478305
                  21000       2.48843370679491    0.03656179226540596       1.65430228727368   0.008038546992180807
                  22000      2.732018926615544    0.03613966728019177      1.438660545069334    -0.1432409798449641
                  23000      2.548466194000171    0.03573176689155984      1.615424375496418    -0.0387067468427815
                  24000      2.178551390402923    0.03570717116417402    0.05794735973296714     -3.367213292019265
                  25000      2.429365723532284    0.03536512681868351      1.219448465620317    -0.3302196665794245
                  26000       2.06128425700168    0.03534392567586551    0.05285636943654807     -3.469395073212715
                  27000      2.002809248904288    0.03531806006728848    0.06490004846746251     -3.264857020947128
                  28000      1.868759221363605    0.03529695959036094    0.05292670004845425     -3.469395073212715
                  29000      1.741233492952547    0.03527590407618072    0.05295829098602388     -3.469395073212715
                  30000      1.935364235345167    0.03524614616658019    0.07557208766112582     -3.114656642351704
                  31000      1.951868320775151    0.03518674385506799     0.1552297163976006      -2.39652436350159
                  32000      2.068506626500934    0.03513848895062058     0.1259347521971702     -2.607038827084723
                  33000       1.72261921200978    0.03509695345772582     0.1084981092310191     -2.757252764189151
                  34000      2.690590695663213     0.0351100565157371      3.900965637396006     0.8253671594535616
                  35000      2.670220361290415    0.03521646630515641      4.625381450979156     0.9987280472119779
                  36000      2.496978240991824    0.03487037371910218      2.748935031874005     0.4685065914413004
                  37000      2.559809207288208    0.03453613519402161      2.588425577096518     0.3987114161892777
                  38000      2.676808645101223    0.03447952586020642      4.751608301009403      1.004504282748925
                  39000       2.63122343505849    0.03424697377001461       4.03191947333796     0.8334962001817913
                  40000      2.755973352525376    0.03398784021896061      1.667626702422993   -0.05694026281029381
                  41000      2.704181520221251    0.03381498100193242      4.549436292185193     0.9415627004411723
                  42000      2.690292466608791    0.03369430769290024      5.155180436062333      1.062986468681514
                  43000       2.54945661147349    0.03343088249256264       2.38723765108279     0.2852724390553048
                  44000      2.019933622939113    0.03340652590772033     0.1398756795828792     -2.552594548726681
                  45000      2.582979653397479    0.03314758469144671      2.706980280952305     0.4024590179091135
                  46000      2.710368790688476    0.03295684176963345      4.601097818850535     0.9271492494250858
                  47000      2.474030172934889    0.03273889556559226      2.141772075904127     0.1558528348865622
                  48000      2.559863940249985    0.03250895209631296      2.807803802350886     0.4195735510665836
                  49000      2.526127332493878    0.03228775066898593      2.863561567827754     0.4324095133447953
                  50000      2.683482088342167    0.03215388952807544       5.19544902446884      1.023971916584461
                  51000      2.726910263684581    0.03195230502450769      3.929736711534781      0.738472189857686
                  52000      2.466830468427628    0.03177428417345469      2.178646562764606      0.143016567850055
                  53000      2.358288874381862    0.03175514792714791     0.1637462712919357     -2.445726886051152
                  54000        2.2626648825046    0.03174243945297299      0.108050861716446     -2.861843213602932
                  55000      2.308191157223575    0.03172382438256301     0.1599195390843383     -2.470361076765568
                  56000      2.478632879126793    0.03153597630531013      2.763836088446276     0.3734040386825247
                  57000      2.628780304523044    0.03135433462030329       3.87127415643544     0.7045916529427723
                  58000      2.739872690316354    0.03117470770608766      3.545779301748965       0.61102052045831
                  59000      2.675834017561519    0.03108214777145965      5.795590180256744      1.099386380123999
                  60000      2.394342745185783    0.03102481459286222     0.6363332442007776     -1.111590091201922
                  61000      2.175431456388975    0.03101607925852147     0.0896410233595468     -3.071781020236796
                  62000      2.498891710529754    0.03084947388018838      3.080790830345263     0.4599614609836692
                  63000      2.605397301855295    0.03068621238913407       3.33706900215675     0.5345617611029073
                  64000      2.638962652072184    0.03054307276038091      4.651653688353622     0.8620161350771715
                  65000      1.903019436249772    0.03053325796343972     0.1134131782612576     -2.852245731683129
                  66000      2.768033921703205    0.03041355098647974      1.870854536054124   -0.05306099935656049
                  67000      2.712499833454448    0.03028337095222484      4.909720908847712     0.9074712849977539
                  68000      2.697180817729884    0.03017715607187442       5.58751355539741        1.0332750404252
                  69000      1.975159634152238     0.0301654718122324     0.1513594879253356      -2.57574416624448
                  70000       2.52777011132064    0.03002974727978957      2.844466892642341     0.3532195702090331
                  71000       2.42377649840872    0.02995008516636959      1.264365496592489    -0.4602419814233985
                  72000      2.412050728677271    0.02987889610784317      1.117770058482379     -0.585856465440642
                  73000      2.481881536827232    0.02975079635969899      2.821477854161275     0.3357721472414473
                  74000      2.265468727749467    0.02973940382588711     0.1601146583872904     -2.533736773068833
                  75000      2.375811931956977    0.02970303864685724     0.5420561087852348     -1.315480971461422
                  76000      2.424544673085358    0.02961432239050055      1.578834977415967    -0.2493992343805069
                  77000      2.545631571053997    0.02948987170937083      3.017058638488936     0.3939847062996011
                  78000      2.502196699973897    0.02936645052499857      3.224238966268099     0.4562052648710844
                  79000       2.20675129170674    0.02935835990478737     0.1220555838327211     -2.818045954408835
                  80000      2.609502401435851    0.02923719915227922      3.375202565988826     0.4975526219213837
