#! FIELDS time e sigma_e height logweight
#! SET action OPES_METAD_kernels
#! SET biasfactor       4.240371756148875
#! SET epsilon    0.003891431002318289
#! SET kernel_cutoff        3.33135957893421
#! SET compression_threshold                       1
                   1000      2.630595816231578    0.06284082615044533    0.01375115918422312     -4.240371756148875
                   2000      2.447072970728089    0.06194204695720346    0.03730990585425389     -3.256641755893355
                   3000      2.697656256656254    0.05615024203025999     0.4312925300495852    -0.9072822657181909
                   4000      2.546162862589442    0.05382406227360133     0.2106846162910268     -1.666016914106466
                   5000      2.307636279935785    0.05332910517246533    0.04490296700107518     -3.221113723030335
                   6000      2.440543244314774    0.05017726446742512     0.5019131222536642    -0.8681107746767381
                   7000      2.617829215096243    0.04767314769543274      1.040292877736943    -0.1904739775180196
                   8000      2.676224650591053    0.04642780092468706      1.679779976591471     0.2622166939700691
                   9000      2.522408358831087    0.04496870036752978     0.6791960469410975    -0.6752233260164268
                  10000      2.119706217962916    0.04491479878514631    0.01923940943822375     -4.240371756148875
                  11000      2.692317101884659    0.04444430406955932      2.398789300713348     0.5748564011457912
                  12000      2.694024258675438    0.04400318044511272      3.132011976181533     0.8315929538613483
                  13000      2.476796263916268    0.04319673717150173     0.7191833705078792     -0.658218516562138
                  14000      2.318749256721971    0.04307824153243447    0.09210349374125205     -2.716168931644695
                  15000      2.663848311627397    0.04229824871005467      3.219036199744318      0.819483119222003
                  16000      2.485802136096855    0.04161652018714455     0.8821719291507745    -0.4912156648648097
                  17000      2.470176669214271    0.04087442069505427      1.142563656371224    -0.2505655467327721
                  18000      2.210196499693706    0.04084548147979928    0.03434775970558761     -3.755766841597935
                  19000      2.382703794085413    0.04055496464010319     0.3845969733144098      -1.34724567215573
                  20000      2.734298962535325    0.03976524763338025      2.484625135827304     0.4987705909839589
                  21000      2.017438653985109    0.03974900459179667    0.02328899114593862     -4.171534276223792
                  22000      1.863713439669807    0.03973385772870014    0.02174805702388903     -4.240371756148875
                  23000      2.013422529004287    0.03969877451639193    0.05087322067858982     -3.391442853817747
                  24000      1.814926237153399    0.03967468924924119    0.03490894207472524     -3.768643390933883
                  25000      2.248858640143874    0.03960510912686868     0.1030879943848416     -2.687558774983964
                  26000      2.003246246477251    0.03953672677881807     0.1021024139589001     -2.698893441441698
                  27000      1.649223149118407    0.03952186579274387    0.02186471175714376     -4.240371756148875
                  28000      1.835413574745667    0.03946703204344129    0.08219881175860699     -2.917493303141577
                  29000      1.529615435436049    0.03945212236625229    0.02211450636213075     -4.230778206802134
                  30000      1.938392197321305    0.03939964607624967    0.07923380116082421     -2.955940017668656
                  31000      1.859825139515232    0.03929174444623029     0.1681246690166928     -2.206379627696959
                  32000      1.637240083557226    0.03925648067005143    0.05386248752383479     -3.345549026680597
                  33000      2.315391654006842    0.03908313969525352     0.2840838847128253     -1.687139113795091
                  34000      2.425498285274243    0.03848846336861919      1.479182495665606   -0.05249645122513669
                  35000       2.09637208357351    0.03845037168017288    0.06542055394544125     -3.171894989116124
                  36000       2.71639943014344    0.03840120379633597      4.484712527480837        1.0544186427628
                  37000      2.661950065301261    0.03846965695023865      5.530281274169353      1.265763914732874
                  38000      2.575184792410721     0.0380326430506872      1.390782557952787    -0.1260331635437623
                  39000      2.720810427353851    0.03797983272538723      6.119663058310771      1.354217778047837
                  40000      2.619848083363132    0.03742794396360299       3.62260464611342     0.8152663106233864
                  41000      2.692957145294427    0.03740381837171376      7.264507361759208      1.510428717404392
                  42000      2.429279186589582    0.03708507354464512      1.503416651765504   -0.07338971812715667
                  43000      2.645867053956678    0.03667639185977153      5.607439134772792       1.23188284537319
                  44000      2.302129176077606    0.03661856632561258     0.2610060707015076     -1.837000786317196
                  45000      2.529109977857182    0.03640947629656538      1.073052883649259    -0.4290077354228067
                  46000      2.550471403966343     0.0361514027942527      1.446413515571519    -0.1375417546544221
                  47000      2.530362342647133    0.03588373275253845      1.595060814731544   -0.04714863222274315
                  48000      2.505420580914801    0.03559951169994539      1.834150854251769    0.08456898392642657
                  49000       2.72736716643926    0.03525794002766348      5.369426734484507      1.149067340150545
                  50000       2.47200054614608    0.03499358817838338      1.972348678981733      0.140045343031736
                  51000      2.591047435977682    0.03468713880193822      2.727004557440624     0.4552281914039814
                  52000      2.665553159374961    0.03445712757531929      6.484694788115695      1.314816062449629
                  53000      2.507244809585201     0.0342149241383751      2.208432650792664     0.2306004211129204
                  54000      1.970917883032059    0.03419998404990781      0.104006272196719     -2.825423456606092
                  55000      1.871888398647424     0.0341795760631835     0.1430838612071987     -2.507040666281941
                  56000        1.8839888387585    0.03415408686895265     0.1800700448293036     -2.277871675157303
                  57000      1.638334889598431    0.03414500566122361    0.06339716249911445     -3.322064408084559
                  58000      1.785373868364672    0.03413423717617832     0.0753846414716105     -3.149195377591677
                  59000       2.10664094170021    0.03412372526334006    0.07367737030065268     -3.172411242823477
                  60000      1.747772523417493     0.0341159206886518    0.05464232551616916      -3.47152690845718
                  61000      1.605182810016535    0.03410491563548601    0.07735871575006252     -3.124205063719092
                  62000      2.426538190900602    0.03390503654869409       1.80209898822366    0.01817110198568039
                  63000       2.36064567224788    0.03382079702527001     0.6615096454442304    -0.9864993667078645
                  64000      2.227327838776326    0.03380328037721287     0.1295120108669501     -2.617768365998201
                  65000      2.457916274976969     0.0335601948403979      2.648699486185572     0.3930648846990946
                  66000      2.679507014353069    0.03345793119134388       7.73906533915738      1.462225225211842
                  67000      2.233777662809174    0.03343653709850859       0.17967972001601     -2.301274681264495
                  68000      2.365565471179492    0.03334625994392266     0.8264464096416376    -0.7780191457010528
                  69000      2.446176342644625    0.03312577144445204      2.706421564294083     0.4015943170435791
                  70000      2.455930337714545    0.03289671411014956      3.157405992550051     0.5487790175418182
                  71000      2.358204268189204     0.0328100397095073     0.8746506407588787    -0.7375407450203361
                  72000      2.461275817858578    0.03258374833392346      3.533198818533853     0.6516727259841107
                  73000       2.67866538076242    0.03247004010835581       7.71288471766603      1.428865529478195
                  74000      2.462752973487833    0.03225684146271469      3.724791455973136     0.6943964621909176
                  75000      2.464583138958052    0.03204683473878239      4.080436003239896     0.7790577024128444
                  76000      2.474758293368676    0.03184304291650644      4.298749930169653      0.824798629693413
                  77000      2.549364441871881    0.03169989969586777      2.196437111170538     0.1488055071302315
                  78000      2.394733289686126    0.03157941340636859       1.78718773772429   -0.06119584026959852
                  79000      2.332401200491463    0.03152818002916144     0.6696392507087254     -1.044478955591493
                  80000       2.16882798231904    0.03152171770489506    0.07930054006301247     -3.178178142989642
                  81000      2.535116931862046    0.03136364975831052      2.814536525321088     0.3861026124774507
                  82000      2.644934116586365    0.03120137498541367      6.136068198378287       1.16030178013921
                  83000      2.694058141675938    0.03108825155769773      7.603851617650117      1.371140332887196
                  84000      2.573542726009854    0.03095202455217901      2.629127730730892     0.3047459782686458
                  85000      2.397141171358696    0.03084191984327918      1.990205325043446    0.02276804809073617
                  86000      2.516074925567083    0.03069616625532581       3.21460470782641     0.4974976045622403
                  87000      2.362129516987776    0.03062230207902255      1.273472865857099    -0.4308682841537766
                  88000      2.667014161206271    0.03050580396203082      7.310233144877621      1.312847564341958
                  89000      2.625346711509565    0.03035269585999068      4.977475103630052     0.9234635322001921
                  90000      2.675712473593433    0.03025285228524239      7.863526981797984      1.377481139444486
                  91000      2.649001812097421    0.03012725667658775      7.006950757498694      1.257988358957497
                  92000      2.700770117504723     0.0300124083854875      7.478379498458576       1.31928247069988
                  93000      2.653610179842334    0.02989851468380994      7.545850602400825      1.324462063909394
                  94000      2.583752241997996    0.02979153416729645      2.855744086655054     0.3492121375323509
                  95000      2.463147591794769    0.02967130317304442      3.658452547184122     0.5928760500540484
                  96000      2.564726583390476    0.02957687631618532      2.521814251773889     0.2176268719436928
                  97000      2.554955099480712    0.02948123703548315      2.637863289419958      0.259378695454917
                  98000      2.729179425139262    0.02935640273418312      5.085756730840732     0.9116099460596845
                  99000       2.52291784286978     0.0292586456261356       2.93164384938568     0.3573938511938247
                 100000      2.435941690172155    0.02915641337098509      3.271561679264392      0.463597787763807
                 101000      2.661197845339049    0.02906496647948366      7.849713975148401      1.335666080479317
                 102000      2.579531450050451    0.02897122689794047      3.059684346695351     0.3902703552676905
                 103000      2.470773005031316    0.02886785430687309      3.818685178198685      0.608290275283532
                 104000      2.502163573700035    0.02877213691785103      3.404785072151383     0.4902447048517559
                 105000      2.673000426861844    0.02869086934866292       8.12544044477819      1.357234304098923
                 106000       2.28254802532815    0.02868167264181426     0.2383973746266177     -2.171902583670806
                 107000      2.475556138661964     0.0285813489698254      4.168026460928464     0.6858524619718953
                 108000      1.981441009290762    0.02857757714442007    0.09866677732246562     -3.057729159642224
                 109000      2.062453241712563    0.02857486436546736    0.07081585456870207     -3.389489467933689
                 110000      2.067113714010551    0.02857150693767636    0.08782527127194037      -3.17434059397134
                 111000      1.764204210838193     0.0285689235858804    0.06748048167745156     -3.437941906319811
                 112000      1.722902254291533    0.02856678221768043    0.05589597742395053     -3.626362841960914
                 113000      2.030444541064357    0.02856278555027752     0.1048526201028979     -2.997439429120595
                 114000      2.008078167260424    0.02855778826206575     0.1315253074190348     -2.770970863578931
                 115000      2.137955473375618     0.0285549369250277    0.07469466216360673     -3.336861365378225
                 116000      2.012040176424561    0.02854907007489404     0.1549553354921773     -2.607338560161521
                 117000      1.889153331707337    0.02854333551295841     0.1515532230233445     -2.629739494131962
                 118000      2.048248331462938    0.02853774112254579     0.1479321933468018     -2.654118364343562
                 119000      2.127573586799894    0.02853406814283217    0.09673125360276907      -3.07906454246282
                 120000      1.675945066762246     0.0285316878532583    0.06251732807425578     -3.515640749577778
                 121000      1.655431067408243    0.02852837992581808    0.08712027630175653     -3.183910812398235
                 122000       1.97301605165494    0.02852232028431951     0.1608176245115059      -2.57114193666499
                 123000      1.907642957560422     0.0285161830414769     0.1630705109216487     -2.557445399453693
                 124000      2.075357556715177    0.02851057582440216     0.1489291099081922      -2.64835432090379
                 125000      2.037257212887809    0.02850278128163211     0.2084125594902057     -2.312578595530861
                 126000      1.967946721662229    0.02849555668057298     0.1931271499322398     -2.389002892103767
                 127000      1.993253829875906    0.02848627861623728      0.249682957998069     -2.132485376877756
                 128000       1.93219509177312    0.02847889897071005     0.1978871691034999     -2.365239399890103
                 129000      1.856419719984674    0.02847081221171919     0.2175221515563908     -2.270919720055174
                 130000      1.454569675058379    0.02846962114919478    0.03150610820513045     -4.203080808713719
                 131000      1.906505528277443    0.02846010606140511     0.2573247509687746      -2.10325761222334
                 132000      1.503091381947268    0.02845865188682451    0.03855815120853414     -4.001480095607396
                 133000      2.017167219852513    0.02844733219068015     0.3082085747130685     -1.923268712475027
                 134000      1.726761530901214    0.02844419080931865    0.08383194626804924     -3.225341735736083
                 135000      1.577645586043156    0.02844179307223693    0.06389558353177155     -3.496989947023425
                 136000      1.862104778382076     0.0284302439944765     0.3155393653175682     -1.900362887878584
                 137000      1.792090375001954    0.02842567873673374     0.1226251178615034     -2.845675044652442
                 138000      1.868140241513522    0.02841175057884184     0.3841356059804729     -1.704301398010615
                 139000      1.746735582393379    0.02840725648976507     0.1210561964423738      -2.85920034728228
                 140000      2.069887521250498    0.02839844198777398     0.2403917564409928     -2.173495646065085
                 141000      1.844094408535327    0.02838540448841582     0.3603123720089987     -1.769253399365669
                 142000      1.894822863433679    0.02836947899066936     0.4447962138589216     -1.559169726458189
                 143000       2.04603412903262    0.02835719784506443      0.340344865325288     -1.827259537687641
                 144000      2.223679845667101    0.02835120969431795     0.1634066676815014      -2.56118815446953
                 145000      1.562598054746614    0.02834861394168988    0.07026156955636899     -3.405296717323747
                 146000      1.917396029095519     0.0283342259854822     0.4025715329392851     -1.660156565852061
                 147000        1.7870005797747    0.02832795897164739     0.1717951253499822     -2.511947939561686
                 148000      2.653260650678939    0.02827994806435356      9.361558948811156      1.484420273305896
                 149000      2.674903577970583    0.02825264168062326      10.33938268496152      1.582802567467254
                 150000      2.263701908757775    0.02824426606542706      0.247438818257747     -2.150046022857094
                 151000      2.203146096694238    0.02823884371701551     0.1590935057512819     -2.591909258431161
                 152000      2.079328865830615    0.02822947759964469       0.27811880042689     -2.033684742186908
                 153000       1.93430293864869    0.02821716492977364     0.3693327638263887     -1.750471326329438
                 154000      1.945251197908018    0.02820418051768612     0.3910742036646586     -1.693732307766328
                 155000       1.77367309662987    0.02819799417932647     0.1831061269095478     -2.452783080967226
                 156000      2.095083626598075    0.02818918329725811     0.2630087429457836      -2.09097423309648
                 157000      2.061189076753278    0.02817575735562147     0.4068375553475251     -1.655223922367203
                 158000       1.49424098121807    0.02817401260663611    0.05125039062581564     -3.726976586953235
                 159000      2.474430239085579     0.0280800780613993      4.928673128407523      0.835785606414468
                 160000      1.722063949657281     0.0280757081318227     0.1321695599422779     -2.783109474755296
                 161000      2.225656565339434    0.02806801494748474     0.2350908428900701     -2.207497166332292
                 162000      2.566920280297317    0.02799010559824187      3.341581228899399     0.4439506307973436
                 163000      2.552559456564938    0.02791118053773621      3.518684483476292     0.4927699759233115
                 164000      2.649491134374022    0.02785687677488147      9.299089627398734      1.462651801410494
                 165000      2.722823920226124    0.02776990892306959      6.699959539177181      1.131709946853329
                 166000      2.640389802550767    0.02770475456026838      8.786326793755725      1.400456220706471
                 167000      2.403869250985413    0.02765105967327974      2.244155640898961    0.03364883348741346
                 168000        2.6973209681398    0.02759963788940595      9.647131657854064      1.490118724104865
                 169000      2.458699028217089    0.02751815061510389      4.838575926876962      0.797121694549178
                 170000       2.39010334024382    0.02747333048933727      1.907547676064315     -0.135310350628951
                 171000       2.59945288472804    0.02739446725675174      4.752995478622333     0.7747715522095094
                 172000       2.40270944578233    0.02734292419671938      2.360424750511084    0.07295480194739926
                 173000      2.547026364164525    0.02727835980009955      3.331218952795614     0.4150874332180999
                 174000      2.515961472496401    0.02720990001435913      3.781142413447662     0.5392625057248666
                 175000      2.317378522741258    0.02719780254971164     0.4780236052070846     -1.529303545228843
                 176000      1.806143597168589    0.02719220034502553     0.2166985023425623     -2.320662663728033
                 177000       1.83811502347814    0.02718309787026321     0.3568516717175782     -1.822184252824245
                 178000      1.668405911308728    0.02718053479600424    0.09835659691865778      -3.11099913806414
                 179000      2.191741345687114    0.02717636324701437     0.1610352424230405      -2.61812900590418
                 180000      1.879184439475877    0.02716384833174622     0.4982627823305474     -1.489085244181344
                 181000      1.851331233161487    0.02715150175780408     0.4923541113616159     -1.501469286846463
                 182000      1.670167431815349    0.02714845063827263     0.1179162912788421     -2.930804886399667
                 183000      2.095691180701937    0.02714132342888847     0.2795618686951035     -2.067818801945271
                 184000      2.025730861692783    0.02713227327256483     0.3579192871292621     -1.821068420170023
                 185000      2.242367486759598    0.02712587265249608     0.2511134679781826     -2.175706957700623
                 186000      2.549013128844137    0.02706184679258206      3.538078386100705     0.4673640572303351
                 187000      2.173729341124969     0.0270580820156429     0.1484634503539701     -2.703775297536126
                 188000      2.680847625706575     0.0270102574668221      9.540529722844081      1.457421148236973
                 189000      2.319983026304032    0.02699762457666001     0.5289562866213622     -1.435445163254638
                 190000      1.977551081089044    0.02698995322831491     0.3158605615399308     -1.951334291849219
                 191000      1.545359867564806     0.0269883377482452    0.06515867168273493     -3.529869605705541
                 192000      2.536292766191535    0.02692487025917958      3.725831230944039     0.5139958183923241
                 193000      2.573513444102761    0.02686222959509467      3.728948111040074     0.5125028195560111
                 194000      2.219312007673498    0.02685612675325648     0.2570732850642659     -2.162244661662565
                 195000       2.44597442133963     0.0267911665917159      4.124198191780107     0.6105992893189574
                 196000      2.429500035651694    0.02673117831373619      3.632112629041938     0.4813005194843435
                 197000      2.408087680421096    0.02668085864779257      2.801790894169318     0.2198606592895656
                 198000      1.900116204150529    0.02666956017636131     0.5052353895520347     -1.493552555870367
                 199000      1.600532497133506     0.0266673890712406    0.09379643756208828     -3.177531529185134
                 200000      2.284406049160439    0.02665959094705685      0.344539565870696     -1.876741935900997
                 201000      2.274767326977432    0.02665148196247104     0.3592271557770887     -1.835300149504409
                 202000      2.307713964657601    0.02664016940569169     0.5086147836630441     -1.487988716546816
                 203000      2.198365044969903     0.0266345133833151     0.2489618184979414     -2.202592425481939
                 204000      2.166229624283168    0.02663027569532313     0.1856739113967326     -2.496059118034224
                 205000      2.243975684487867    0.02662230566588706     0.3547291548901564     -1.848995863628552
                 206000      2.232069424518923    0.02661373168098193     0.3831072269376669      -1.77235761411619
                 207000      2.310445133828031    0.02660100908058678     0.5794961683151071      -1.35899164007107
                 208000      2.276459471996202    0.02659014234164826     0.4921659103399064     -1.522743406975625
                 209000     0.4365585754317337    0.02658939635495159    0.03249920352185588     -4.240371756148875
                 210000      1.402110494741794    0.02658861471109548    0.03406156187685074      -4.19344720460834
                 211000      2.626444203827957    0.02652412961327975      7.236498832291616      1.162847810645917
                 212000      2.291074919721848     0.0265109559041083     0.6169892709498543     -1.299690128613135
                 213000      2.445220557914749    0.02644640165402366      4.947357044232814     0.7796290470322935
                 214000      2.714328228574157    0.02638715946474572      7.843872335560208      1.238265578471877
                 215000      2.261759483125263    0.02637548532953596     0.5652433330733474     -1.392408532020246
                 216000      1.619188198104216    0.02637268766246409     0.1306431448281816      -2.85730140396889
                 217000      2.037663003390648    0.02636374631927265     0.4287882574897716     -1.669146795503548
                 218000       1.53880549507461     0.0263619955668695    0.08157590962216331     -3.328642436913711
                 219000      1.724344454321462    0.02635874674603852     0.1523532951813833     -2.704097542258126
                 220000      1.966039787040212     0.0263508006219347      0.380359232590076     -1.789485027463503
                 221000      1.782257722400028    0.02634579251970912     0.2370544047912162     -2.262501584765678
                 222000      1.702744471392678    0.02634254241379075     0.1528498914209939     -2.701458288650731
                 223000      1.950184276211695    0.02633331131445463     0.4456956040446008     -1.631628896698326
                 224000      2.034475310483414    0.02632344743460635     0.4784161610770031      -1.56115877818515
                 225000      1.927376818717133    0.02631239644033758     0.5398907908429166     -1.440692785603089
                 226000       1.64574997097042    0.02630897106749675     0.1621700513326984     -2.643544370688093
                 227000      1.631370528783483    0.02630515104649478      0.181262576984319     -2.532388382331178
                 228000      2.740748365897763    0.02624405722959038      4.826143456591464      0.747142702467774
                 229000      2.434473079466611    0.02618531296837931       4.49840315692787     0.6745765974234359
                 230000       2.75936967398238    0.02614088254647698      2.804703682940351     0.2004538022163543
                 231000      2.546289189658569    0.02608629862747765      4.014479195025291     0.5569732816387644
                 232000      2.592349720151627     0.0260293639362706      4.545063927812586     0.6789225137472144
                 233000      2.543357066528481    0.02597318791577852      4.540891256362864     0.6758435144640185
                 234000      2.631717405938479    0.02592079154070541      7.982466024821028      1.237948236021476
                 235000      2.657779408315744    0.02588950372014781      10.17884833159516      1.479804936803297
                 236000       2.67416605044739    0.02586345756105711      10.70495935394844      1.529193630353566
                 237000      2.209175030758447    0.02585660890045541     0.3790190053912462      -1.81194725948938
                 238000      2.250272139533548    0.02584651564999964     0.5684425119501825     -1.407023854699252
                 239000      2.700602834193859    0.02580654072708807      9.642010680029356      1.422413077769257
                 240000      2.666836397187608    0.02578126746619006      11.00144667440138      1.553330378794677
                 241000      2.677671761896682    0.02575813147351656      11.32279164752411      1.581223454760617
                 242000      2.734567861482397    0.02570273429646436      5.803206253756859     0.9106633840635922
                 243000      2.482940095573186     0.0256522481770398      4.558179220029344     0.6672099037155321
                 244000      2.405470275496831    0.02561361746273712      2.956092432432784     0.2326478520021356
                 245000       2.51400462288154    0.02556606755773785      4.197508788383241     0.5814126276897498
                 246000      2.513251509619446    0.02551792258670043      4.398724151267061     0.6263510228535306
                 247000      2.626275764110197    0.02546664211658571      7.606967794591677      1.172089523625279
                 248000       2.38879106164965     0.0254356338259656      2.334349731452962   -0.01046010008195102
                 249000      2.414666367815856    0.02539376561464622       3.61330230673606     0.4247812540426279
                 250000       2.62377121786901    0.02534382595138332      7.574555930368144      1.162985312561083
                 251000      2.545817223711959    0.02529793858662188      4.462352547885595     0.6320544554713672
                 252000      2.487366345100069     0.0252509283904754      4.831286824183227     0.7096312161694209
                 253000      2.391448738145503     0.0252180842823283      2.698489627638195     0.1259090244912094
                 254000      2.225349856043306    0.02521088211729772     0.4886241234336558     -1.583230579680553
                 255000      2.497612572092463    0.02516450851545861      4.909531146136229      0.722268494996735
                 256000      2.724693412142327    0.02511608840905958      6.979763000673284      1.072179013192574
                 257000      2.401663692096218    0.02508030091583673      3.194804687801841     0.2892641070922397
                 258000      2.545851975457674    0.02503639658578944      4.644169765184407       0.66159868631407
                 259000      2.619350499776051    0.02498954270798099      7.084215341649654       1.08198200122859
                 260000      2.526488631506774    0.02494531164044864      5.001292120264238     0.7320376352168376
                 261000      2.466382832325678    0.02490074493616971       5.27183376014045     0.7829314220207972
                 262000      2.607749409942723    0.02485513520219591      6.175790052015853     0.9393566349237186
                 263000      2.178497312036395    0.02485162329449587     0.2565265060522939     -2.241944770365211
                 264000      2.560698064268602     0.0248097201025933      4.752028722847419     0.6754625801935886
                 265000      2.177274930533863    0.02480598986966416     0.2758196439676134     -2.171267501962557
                 266000      2.528534721588345    0.02476296867151275      5.247832350976324     0.7728198821017919
                 267000      2.340900533274258    0.02475187155962158     0.8714048245302817     -1.023092086282144
                 268000      2.668098447444383    0.02472510094827296      10.65224557956165      1.479245120590684
                 269000      2.402590439941249    0.02469234800827134      3.261614738258686     0.2943712274119434
                 270000      2.689565033243578    0.02466277289421533      10.34080863422675      1.447048444706673
                 271000      2.615471402186092    0.02461975624043667      7.051556937766119      1.062453092287796
                 272000      2.747828209815125    0.02458369727716646      4.012666371614718     0.4971948996423654
                 273000      2.828182821989084    0.02458317349794357    0.04095209295145614     -4.087634717533442
                 274000      2.696353201743271    0.02455408682474411       10.4106334035525      1.449361474061739
                 275000      2.674046904032845     0.0245333344349033      11.53742346578652      1.551284186034576
                 276000      2.673125988536931    0.02451346927759368      11.75837667955452      1.569444066184364
                 277000      2.526078411636835     0.0244740367041295      5.272630303852101     0.7657976139897238
                 278000      2.491157869330922    0.02443507430027569      5.239907457328301     0.7579788465887422
                 279000      2.513176623081234    0.02439573881554635      5.532694538877122     0.8107388713677072
                 280000      2.553268958040281    0.02435761899687659      5.204784776342317     0.7480784853200827
                 281000       2.51846437081373    0.02431847531779038      5.806587987159268     0.8558849331922264
                 282000      2.696900483839741    0.02429122049429138      10.75455963901585      1.471100243422899
                 283000      1.728905503847795    0.02428938593183555     0.1619764602595606     -2.724609361573588
                 284000      1.604802831375353    0.02428784823221896      0.135545826836887     -2.902813900104535
                 285000      1.989237214428892    0.02428390098133145     0.3537801086613765     -1.943610663312246
                 286000      1.992450582445195     0.0242796124564318     0.3855808222224118     -1.857712009973109
                 287000      2.668551750484839    0.02425934600492992      11.79289990177624      1.561955030314442
                 288000      2.721787464684215    0.02422081949138568      7.868301044486931      1.155710172324536
                 289000      2.650263187380999    0.02419245452905877      10.67989327080599      1.460059066113965
                 290000      2.738226114139626    0.02415580675867406      5.512223743647741     0.7971483594540134
                 291000       2.51916167129841    0.02411905652618676      5.709557487322273     0.8307992158649258
                 292000      2.511252531846193     0.0240824340389724      5.816120402466675     0.8477715764169409
                 293000      2.502832663096363    0.02404606296197713      5.861914094225161     0.8541029062186881
                 294000      2.582020382220659    0.02401296849317605      4.735137237176896     0.6392601858519039
                 295000      2.646665498037164    0.02398432979263066      10.43394188189104      1.428120264085057
                 296000      2.731305677927131    0.02394799975619832      6.559699476651065     0.9624850310810452
                 297000       2.55949954075295    0.02391459911526382      5.127245945701207     0.7147132142062383
                 298000      2.584885610548837    0.02388181359355891      5.009763547018171     0.6901613873265117
                 299000      2.680421151769576    0.02386090504810256      11.74496966868608       1.54132182095378
                 300000      2.660259377089375    0.02383856297737795      11.59489049919723      1.527524527231644
                 301000      2.648386604404951    0.02381226609907072      10.92667141540831      1.467062987253979
                 302000        2.4177949969758    0.02378683994089967      3.466149171030435     0.3178321506147633
                 303000      2.615499170472549    0.02375205069514593      7.305284480905085      1.061922297347693
                 304000      2.665067719756387    0.02373216687213986      12.09277030408206      1.565094596174792
                 305000      2.662615298632561    0.02371241591310521      12.20336748000573       1.57336616353598
                 306000      2.659275570874137    0.02369236103950067      12.24054474852544      1.575561896646957
                 307000      2.481731845901435    0.02366180212690153      5.105679804265788     0.6998710682420968
                 308000      2.211904840639309    0.02365846213766932     0.3784868786114764     -1.902197577710259
                 309000      2.475029104849487    0.02362802134123533      5.153858647380709     0.7078344764856345
                 310000      2.814838554189973    0.02362729689921416    0.08108367788684898     -3.444215467538847
                 311000      2.642609718050907    0.02360121243227225      11.01713442573561      1.466405258686466
                 312000      2.733945448341299    0.02356964556757668       5.85184943837073     0.8323728717667003
                 313000      2.738726658632618    0.02353944876596309      5.349734603858805      0.741380075348986
                 314000      2.333510065910674    0.02353404894249485     0.6466009564667836     -1.371922232999082
                 315000      2.344409813795867    0.02352704533869102     0.8518701677043017     -1.096515086422014
                 316000      1.901136179876866    0.02352343860810284     0.4263309198035856     -1.788886677774188
                 317000      2.264664648378479    0.02351945422630363     0.4728324915359779     -1.685530737853537
                 318000      2.623069624179825    0.02348768192938428      8.662385732279867      1.221121721633731
                 319000       2.66487262443338    0.02346978086350771      12.61191825941196       1.59601137120681
                 320000      2.738090836814504    0.02344013777146795      5.486986494084126     0.7624844767265849
                 321000      2.689444994540579    0.02341767543932019      11.76381356153671      1.524174708000877
                 322000       2.48975960744109    0.02338886933646303      5.336676414598196     0.7325187425274499
                 323000       2.30243861542949    0.02338457666302158      0.538475560006762     -1.561281042869117
                 324000      2.744030964059361    0.02335737187005606      4.837889416436764     0.6330466384838307
                 325000      2.557754795100986    0.02333025068752384      4.871424735062961     0.6387927167496855
                 326000       2.29957682157462    0.02332580866642824     0.5661731172807126     -1.513639533199941
                 327000      2.651719124553451    0.02330546434863403      12.14899073030328      1.551589391125825
                 328000      2.544153651615099    0.02327761408321597      5.308864861648464      0.722525606254673
                 329000      2.558373753636838     0.0232506030159466      5.059172095172631     0.6731893580024201
                 330000      2.365482181688061    0.02324033161899129      1.428672401509514    -0.5917097385228288
                 331000      2.684310956730528    0.02322122498045477      12.39204859513606      1.567777192658462
                 332000      2.681714159905163    0.02320347350030726      12.74411058648546       1.59502667518758
                 333000      2.011656614156021    0.02320083004782025     0.3499483542914491     -2.000126200820456
                 334000      2.002081159533749    0.02319805080506523     0.3685741140470193     -1.948389768076762
                 335000      2.511924803191774    0.02317014496795052      5.753389273114067     0.7983091528726288
                 336000      2.676185982528488    0.02315415036252393      13.14230595399168      1.623665972390746
                 337000      2.657467999758889    0.02313690733964568      12.98195009995436      1.610644439456053
                 338000      2.346056562277173    0.02313028629974777     0.9415915401522548     -1.013385415823633
                 339000      2.631886143540609     0.0231032829966765      10.20339711541265      1.368350881647512
                 340000      2.064881315379703    0.02310108691220491     0.3028423509283449     -2.149007796163382
                 341000      1.738616220630481    0.02309998177552677     0.1509724627793977     -2.845170558130111
                 342000      1.654416958485927    0.02309896781276162     0.1384353240281554     -2.931908666070177
                 343000      1.957844327798969    0.02309634813384892     0.3629862774496016     -1.968060295236561
                 344000      1.640273005603209    0.02309521781879397     0.1545925854563477     -2.821681090468496
                 345000      2.666772700072136    0.02308018502994621      13.51447145855748      1.648390967479869
                 346000      2.617048112189971    0.02305113740769188      8.057410727430094       1.12996280644751
                 347000      2.671535029276443    0.02303638597217465      13.66422160589067      1.657511257599771
                 348000      2.469074721113906    0.02301210363925789      4.894169351016428     0.6297203286994475
                 349000       2.30453931889395    0.02300795479245742     0.6072940555341183     -1.457246710025333
                 350000       2.39915310079048    0.02299289984604741      2.518975218050792   -0.03530693698581489
                 351000      2.721103036778243    0.02296450920531617      7.939162751179943      1.111413206650716
                 352000       2.71264651208813    0.02293706212250336      9.396101122238512      1.278704302386759
                 353000      2.649011294589782    0.02291754865253766      12.58671176118971      1.570200006896479
                 354000      2.718491107011913    0.02288978687742358      8.596204779885454      1.187667062161903
                 355000      2.461469735450076    0.02286714956565364      4.677026073170587     0.5780192551422204
                 356000      2.442023656739881    0.02284636575343106       4.11934189168582     0.4501409100534753
                 357000      2.711953529262408    0.02281999035690489      9.683985730225764      1.303765925173046
                 358000      2.772888137807988    0.02281061375242452      1.554148272482704    -0.5261909582912793
                 359000      2.445995292665775    0.02278921526196045      4.416794270789167     0.5173570018513994
                 360000      2.538346581124437    0.02276556717340184      5.305386512053919     0.6996272480068046
                 361000      2.437382240447357    0.02274521802541874      4.156289623378274     0.4546331232165301
                 362000      2.807410122396084    0.02274410760069224     0.1711283782193054     -2.735379711266769
                 363000      2.540928886762129    0.02272058467910142      5.368666541374078     0.7095063267826082
                 364000      2.543929157138423    0.02269707434120196      5.427933568207177     0.7194499734854767
                 365000      2.668755656710679     0.0226820990717106      13.53594038385129      1.632579862605398
                 366000      2.461370538512702    0.02265982269045578      5.029432144030616     0.6415559524736154
                 367000      2.467836946940429    0.02263715472696763      5.248639158216992     0.6832168436559383
                 368000      2.163376505279822    0.02263602128665208     0.1808544172083264     -2.684864958727917
                 369000      2.272113043753899    0.02263299729842282     0.4921971484932454     -1.683811597771402
                 370000      2.150008663254977    0.02263199709987492     0.1595155904143747     -2.810593472354874
                 371000      1.756665096555887    0.02263099939698628     0.1591458179541155     -2.812958344053646
                 372000      2.002995125825488     0.0226286724978503     0.3763448009298989     -1.952376297513573
                 373000      1.671601376110576    0.02262779572332966     0.1397810265038914     -2.942843689637368
                 374000      1.751773354553421    0.02262671745251429     0.1722842902071746     -2.733822482594015
                 375000      2.180254853749149    0.02262509979117415        0.2599470764958     -2.322561882611554
                 376000      2.509050566068265    0.02260148218046397      5.810038063857745     0.7832580473928952
                 377000      2.392284248736261    0.02258867815949724      2.389986471484154    -0.1056080424028587
                 378000      2.789379575164955    0.02258509628851656     0.5933738365785683     -1.498984992538638
                 379000      2.176490553983337    0.02258346366093655     0.2650732520127152     -2.304875688687208
                 380000      2.299975715172486    0.02257975144049601     0.6165421145636663     -1.460919657871959
                 381000      2.025185290958471    0.02257734324635596     0.3946373984189935     -1.907185584385103
                 382000      2.109298088155483    0.02257625855532677     0.1753985411257543     -2.718140231005595
                 383000      2.058380654447253    0.02257419527105538     0.3371259531813341     -2.064835780605978
                 384000      1.627468732507293    0.02257320312946179     0.1603842167697172     -2.807764049263641
                 385000      2.151683408685903    0.02257196415176144     0.2008345170360167     -2.582909958636898
                 386000      1.842484435021221    0.02257000173099922     0.3205892076461515     -2.115317597058937
                 387000      2.536384705989978     0.0225465072270453      5.923865088936109     0.8002247240794299
                 388000      2.005249035511156    0.02254397757417991     0.4185673528415924     -1.849794065136343
                 389000      1.723391407263235    0.02254294195944755     0.1687651451105514     -2.758169744866481
                 390000       1.84176641089476    0.02254087886394458     0.3399169279247262     -2.058068083927159
                 391000      1.762966495082074    0.02253969375349036     0.1935486054506379      -2.62129324760054
                 392000      1.904716101697379    0.02253719713148691     0.4135428783894855     -1.862171485876779
                 393000      1.690762870683902    0.02253629636869983     0.1467891009015151       -2.8979757909318
                 394000      2.051242617058448     0.0225339370582931     0.3904967482886819     -1.919657712455101
                 395000      2.008899738639779    0.02253115876347596     0.4621686954892403      -1.75127068987445
                 396000      2.031247864381474    0.02252828755125974     0.4783923349348689     -1.716896916923652
                 397000      2.354433862170764    0.02252147961446934      1.188891436784818    -0.8068537516484409
                 398000      2.397155040124978     0.0225074993745348      2.723886230807302    0.02156361891502373
                 399000      2.722675494269125    0.02248258688051619      8.630227039281465      1.173667343831994
                 400000      2.579207652271318    0.02246186443752673      4.839255106241517     0.5942352003239992
                 401000      2.696658436047049    0.02244400692643895      12.49455942206324      1.541972367602583
                 402000      2.459659514071701    0.02242220750322753      5.442936597318019     0.7100260428174703
                 403000       2.19871835294931    0.02242017136328705     0.3480129759359053     -2.039899014015619
                 404000      2.389705271912381    0.02240755750824328      2.493135967098504   -0.07140492889869994
                 405000      2.381110637728132    0.02239603076990762      2.244317263277392    -0.1770594562454524
                 406000      1.824145341535907    0.02239436841282829     0.2846252334156161     -2.242116979628882
                 407000      1.646892560506923    0.02239326276474336     0.1882302292225797      -2.65567385989999
                 408000      2.268390280347055    0.02239009441579642      0.552062992025005     -1.579819037975331
                 409000      2.615895555813752    0.02236587215589357      8.278634983664411      1.126869768126696
                 410000      2.373241576944005     0.0223552713338171      2.060521861651219    -0.2643231334923239
                 411000      2.462646919239585    0.02233342327736458      5.736888405240132     0.7586567695056525
                 412000      2.429298148084789    0.02231466884558574      4.397234465317024     0.4918755084636206
                 413000      2.593950841148854    0.02229331839486009      5.586796761653505     0.7303485406058453
                 414000      2.510113106220344    0.02227121253224439      6.121571494277082     0.8207692081276803
                 415000      2.129204344670939    0.02227023286372005     0.1721313952874881     -2.750590792342973
                 416000      2.363146759457277    0.02226153483358783      1.688165025918041    -0.4678421128910987
                 417000      2.542943748284745    0.02223970849071902      6.055475691567593     0.8084977353402177
                 418000      2.509099935780983    0.02221763402858981      6.327994556768444     0.8515251072416639
                 419000      2.718078563501785    0.02219509005004183      9.497502623798852      1.256555415619306
                 420000      2.508273960499238    0.02217316552531119       6.43314411271646      0.866001629674312
                 421000      2.716291693669574    0.02215129108548863      9.912559789114976      1.297353839485809
                 422000       2.42092634296299    0.02213478259135146      3.915793533236253     0.3678236813590956
                 423000      2.693788701872146    0.02212000164205019      13.08981033120504      1.573971778887872
                 424000      2.539641753877798    0.02209853530141294      6.465027433418524      0.867574023740779
                 425000       2.53207423849206    0.02207680859116105      6.830583738761925     0.9215932471027578
                 426000      2.593308982380255    0.02205677330176302      5.643655569722096     0.7298071779301483
                 427000      2.458467883823599    0.02203673608255687      5.708714235718067     0.7403601411470886
                 428000      1.773179479271279    0.02203564314243644     0.2068583274503782     -2.577404405524771
                 429000        1.7762167368122    0.02203447635115052     0.2210807294210786     -2.510963581292925
                 430000      2.741677427396974    0.02201412180808918      5.989657047914469     0.7873737419578336
                 431000      2.676688092361847     0.0220035295088431      14.23969284347297      1.652891646258848
                 432000      2.662656421828251    0.02199250487792378      14.20913815719939      1.650242435548293
                 433000      2.644823241594217    0.02197652511958469      12.71292380088325      1.538249379579794
                 434000      2.686795609539954    0.02196440140885723      14.02875920217384      1.636187914089669
                 435000      2.693228538462887     0.0219506684634481      13.59864698668119      1.604423332270476
                 436000       1.88055116815437    0.02194839564202818     0.4601430683780588      -1.78186833649355
                 437000      1.984461767030982    0.02194634734875268     0.4137104746429187     -1.888332730767981
                 438000       1.94816624521178    0.02194447888195932     0.3767017868983401     -1.982130406651182
                 439000      1.786101324738923    0.02194334298966522     0.2270300523813257     -2.488553630271246
                 440000      1.990222760823562    0.02194109667320594     0.4553418588876452     -1.792689927448967
                 441000      2.068637116308278    0.02193941008047539     0.3396420210459478     -2.085923090906165
                 442000      1.439921035189142    0.02193918027861493    0.04548089838215889     -4.096533326981477
                 443000      1.854013363969899     0.0219370489801672      0.431782194899633      -1.84600161686778
                 444000      2.686391341451823    0.02192576637799868      14.38709017411499      1.659649218736944
                 445000      2.482773226646958    0.02190633534261487      5.969254999531339     0.7790534467356449
                 446000      2.527971185509188    0.02188599100443952      6.774109576468844     0.9046101200560223
                 447000      2.407927933110188    0.02187240837977178      3.431016904952395     0.2237380799206404
                 448000      2.251151141855677    0.02187011876386761     0.4762446296217052     -1.751046926091224
                 449000      2.435060992243174    0.02185320173942086      4.752192797437535     0.5486090343698997
                 450000      2.635847081543881    0.02183454237623866      11.38113103024451      1.421105477531757
                 451000      2.640556504060434    0.02181757985565723      12.28460320404252       1.49671820422014
                 452000      2.617189226907092    0.02179683388712708      8.587465519380538       1.13772380481992
                 453000      2.593967512351405    0.02177843215951295      5.772609297902546     0.7396997636692962
                 454000       1.98667382389169    0.02177628141661608     0.4617367418582792     -1.786283566278678
                 455000      1.829719859481451    0.02177473369477084     0.3298005806501569      -2.12286137766481
