#! FIELDS time e sigma_e height
#! SET action OPES_METAD_state
#! SET biasfactor       4.240371756148875
#! SET epsilon    0.003891431002318289
#! SET kernel_cutoff        3.33135957893421
#! SET compression_threshold                       1
#! SET zed      0.1113187119551197
#! SET sum_weights       659.7178383532079
#! SET sum_weights2       2060.110792542622
#! SET counter  456
                      0      2.639313098516055    0.03022132106571263      328.3397736125757
                      0      2.462113061406257    0.03193445784749744      171.7250396680224
                      0      2.682554217454744    0.03106306310766502      506.9646259129749
                      0      2.525372429417749    0.02929328730139922      193.7695278938295
                      0      2.321995766963477    0.03164623001900471      9.086778846910866
                      0      2.108438324545103    0.03175497354284765      1.219863797504823
                      0       2.23131280799655    0.03092657301937197       4.54105878517478
                      0      2.401510577315026    0.02981609342356842      62.75113730900245
                      0       2.01916531465334    0.02851502589875853      5.197975779649912
                      0      1.872307827678331    0.03605837382199954      7.169397731549953
                      0      1.647209171699912    0.03175130658751232      1.707249580401376
                      0      1.504279518414274    0.03351850335668018     0.1119230481964805
                      0      1.979821775362565    0.02833217941859453      4.014890660974063
                      0      1.778798419829634    0.02927091212920881      2.136450258577579
                      0        2.1814922937467    0.02739400400837917      2.409668834407351
                      0      2.574370917998456    0.03002434156815967       93.7314591160678
                      0      2.273940090064778    0.02731122778128444      4.381094060949486
                      0       2.06170689258925    0.02779116768440296      3.091302480080641
                      0      1.729290473264232    0.02905441554724257      1.352155225035713
                      0       1.93636652082453    0.02915706809256962       2.72315385131969
                      0      1.445915834223897    0.02584422267368809    0.07698700658728934
                      0      1.555112443651269    0.03137874959315837     0.2808917343930388
                      0      1.608910796231638    0.02688492508870706     0.3599854092271569
                      0     0.4365585754317337    0.02658939635495159    0.03249920352185588
                      0      1.402110494741794    0.02658861471109548    0.03406156187685074
                      0      2.727172997773192    0.02623743912052975      135.5385678667523
                      0      2.812366424522507    0.02432599967608099     0.2931641490576105
                      0      2.365311056313868    0.02351165807867184      6.366250725863592
                      0       2.77744482544995    0.02391397779080161      2.147522109061272
                      0      2.150942051875722    0.02261386346427406     0.3603501074503914
                      0      1.690762870683902    0.02253629636869983     0.1467891009015151
                      0      1.827137532315001    0.02223834666362088      0.614425814065773
