#! FIELDS time e sigma_e height logweight
#! SET action OPES_METAD_kernels
#! SET biasfactor       5.011348439085033
#! SET epsilon    0.001910020759284688
#! SET kernel_cutoff       3.538542402811424
#! SET compression_threshold                       1
                   1000      2.509931039091276    0.06321896844457647   0.006322704301097473     -5.011348439085033
                   2000      2.203765525440947    0.06305404047490903   0.006339242349656035     -5.011348439085033
                   3000      1.844116156834468    0.06289061590264555   0.006355715204224208     -5.011348439085033
                   4000      2.721497915619148     0.0626173540221554    0.01083121017910656      -4.48262558272234
                   5000      2.638691715227775    0.05506042256915782     0.8285576638574711    -0.2739822320606375
                   6000      2.489034390391722    0.05331520047354668     0.1892698923823326      -1.78270436511231
                   7000      2.482843663572878    0.04973587599997296      0.983773678133718    -0.2039774487036256
                   8000      2.689499006927274    0.04746421708302278      1.448148841534984     0.1359176201552175
                   9000      2.300659011820291    0.04740499032068936    0.01564770114195589     -4.393048322708974
                  10000      2.583514935374083     0.0455670137809838       1.52155785534332     0.1445742253682163
                  11000       2.65157021051745    0.04513747068082089      2.813595655011852     0.7498314327244487
                  12000       2.43383355966986    0.04416349099035322     0.6903526055451032     -0.676998899543467
                  13000      2.522089154533171    0.04289710140086421      1.412167589849729   0.009585516738997534
                  14000      2.304323058601339    0.04281845715826832    0.05720645151010006     -3.198463908895281
                  15000      2.493428047159743    0.04172327495751869      1.864630233000245     0.2597773302825665
                  16000      2.647552949489453     0.0409717725385025      2.754132957076159     0.6316414696505749
                  17000       2.72252402295794     0.0401702300748283      1.455354985612313   -0.02596853910668832
                  18000      2.528497209295355    0.03940629554400004      2.057860691201108     0.3012479704685823
                  19000      2.667271266990093    0.03882924368356019      2.916941740073149     0.6353648218367051
                  20000      1.947962637992228    0.03882191027248173    0.01183044771766077     -4.872438532982144
                  21000      2.079878746746005    0.03881490716009127    0.01130556768310695     -4.918000143512763
                  22000      1.905359602351121    0.03880137900130842    0.02192220841820962     -4.256143847924863
                  23000      2.118351574439015    0.03878849988325204    0.02089733272301998     -4.304354503351774
                  24000      2.009787485523275     0.0387764512992048    0.01957179038550716     -4.370197440654277
                  25000      1.765898421436298    0.03876887282055404    0.01230272488231354     -4.834661390449671
                  26000      2.608601886155071    0.03837221929181599      3.604577583129729     0.8351937682040266
                  27000       2.28355406028395    0.03833414336937097    0.07322800621241669     -3.062180924032073
                  28000       1.75260943537103    0.03832141785770021    0.02427974792588234     -4.166448304152076
                  29000      1.931686883597656    0.03829797092394974    0.04504032540551591     -3.549144716291031
                  30000      1.973885965641098    0.03826616121419514    0.06153316131393864     -3.237957616913789
                  31000      2.224350445840613    0.03824001213162164    0.05063328232918111     -3.433608322162069
                  32000      1.721444091799337    0.03822263651080435    0.03360308590854679     -3.844054017012171
                  33000      1.881757680789429    0.03818881155332514    0.06609619371333206     -3.168446098329309
                  34000       2.13292838475052    0.03816814578770642    0.04027820839596944     -3.664287965254295
                  35000      2.056592947514139    0.03814410292003913    0.04705680344593272     -3.509373215651257
                  36000      1.571173451082172    0.03813871326164729    0.01048055399649329     -5.011348439085033
                  37000       1.65248253150331    0.03812740980612965    0.02205931462348976      -4.26743145564666
                  38000      2.116964498888435    0.03807744156603537    0.09960849590091402     -2.761230358141339
                  39000      2.323377605702219     0.0380147849808041     0.1265321735252863     -2.523628066709143
                  40000      2.728674154360115    0.03745838598111304      2.396964594006243     0.4030892317851036
                  41000      2.652844651360571    0.03752683319095875      5.207131354062748       1.18074076692866
                  42000      2.517368138015371    0.03701059824012416      2.849165625186512     0.5638859366532294
                  43000      2.506998797095559    0.03656131037585055      3.521929581673403      0.763655041539625
                  44000       1.86172590952693     0.0365329853972964    0.08941741174269201     -2.910568853762141
                  45000      1.831641925341283    0.03650022952810175     0.1040784041023484     -2.759636791482551
                  46000      1.974398737891392    0.03646504288150141      0.112451062366896     -2.683227642984575
                  47000      2.704122581742116    0.03609435362592492       4.08487998324369     0.8990842296428381
                  48000        2.6359043003294    0.03586914219503264      5.200500822812967      1.134287747792371
                  49000       2.68256495813149    0.03562927279663752      5.426911418822533      1.170193179963793
                  50000      2.803412092072611    0.03556711477600346     0.2818290787994208      -1.78937758887119
                  51000       1.51088267421413    0.03556398952747825    0.01365855168462293     -4.816400422909529
