#! FIELDS time e sigma_e height logweight
#! SET action OPES_METAD_kernels
#! SET biasfactor       1.927441707340398
#! SET epsilon     0.01821196306674905
#! SET kernel_cutoff       2.830433390657354
#! SET compression_threshold                       1
                   1000      2.640293108546227    0.05785834540142751     0.1509064987297364     -1.927441707340398
                   2000      2.701679950072041    0.05250771425385707     0.8790793843225975    -0.2622645385401562
                   3000      2.613997783740293    0.04923446142093943     0.8376722734404938    -0.3748790853350116
                   4000      2.461989604010721    0.04832514181279449     0.1806761449484979     -1.927441707340398
                   5000      2.384282569287204    0.04689016904854639     0.3656491457242281     -1.252617547500685
                   6000      2.631899135181014     0.0458114517789846      1.709842581203563     0.2665908449872929
                   7000      2.706012286519561    0.04427434028880344      1.465181401129845    0.07803977912681506
                   8000       2.69578527085606    0.04315748713828513      1.879158755598645     0.3013355607391899
                   9000      1.904986417181038    0.04282578582393272      0.203877177238995     -1.927441707340398
                  10000      2.595665550916005    0.04174290568196331      1.608860745144777     0.1127112676604912
                  11000      2.181699143148403     0.0414710197459365     0.2105373916608523     -1.927441707340398
                  12000      2.560445000897222    0.04056504706289655      1.635658851136341     0.1006079140447218
                  13000      2.575366295317692    0.03986754894082229      2.134726023120912      0.349556433043058
                  14000      2.531486421587593    0.03915630333763774      1.915938714565822      0.223424544949974
                  15000      2.416968810092821    0.03874237429275975     0.6246864264968283    -0.9079160909870297
                  16000      2.665005753430204    0.03816803804900377      2.152093401734245     0.3140949465240624
                  17000      2.693407394664773    0.03764345930694962      2.257567563252606     0.3481025875573742
                  18000      2.707495513086435    0.03715931036613222      2.349311781687322     0.3749922194591963
                  19000      2.451850845200549    0.03681492525568528     0.8321078286921096    -0.6722344664365494
                  20000      2.684671718813492    0.03643618271439088      2.707763501033698     0.4973407671067117
                  21000      2.473055202377693     0.0360703908908314      1.148836268572071    -0.3701227407129716
                  22000      2.711299584378267    0.03570522671059247      2.627277111620598     0.4469005134078362
                  23000      2.627464503573343     0.0353300260467848      2.378182839615202     0.3367253196837273
                  24000      2.490947263611411    0.03500311992357794      1.383210636866655    -0.2145000186320446
                  25000      2.556521102731971    0.03465873822920611      2.060297132438916     0.1740555286155113
                  26000      2.024092667868666    0.03458178970024698     0.2530278926173898     -1.925272876781024
                  27000      2.505525825645813    0.03426462038659024      1.836275114057944    0.04750790923402851
                  28000      2.250266245265435    0.03417971675854153     0.3037379205216628     -1.754302224277097
                  29000      2.565097182078346    0.03389473948712276      2.540694481269203     0.3613527242331654
                  30000      2.713518614738271    0.03364254661575145       2.85710810742145     0.4712569340536309
                  31000      2.652468782585071    0.03340330097870456      2.958934645808808      0.499139451168597
                  32000      2.670271754810981    0.03316906413944035      2.973104792905148     0.4968798678700844
                  33000      2.609895119053951    0.03293853315041632      2.953366291724874     0.4832442661959745
                  34000      1.898139855715798    0.03285875788993858     0.4131801030446212     -1.485997946614818
                  35000      2.417580395311584    0.03268925834812435      1.060125230301034    -0.5489109862276768
                  36000      2.231985913804091    0.03259894400053711     0.4970482211961593     -1.309132900048181
                  37000      1.610995065750697    0.03254797760796012     0.2682563086405043     -1.927441707340398
                  38000      1.989610967276735    0.03247361913538816     0.4084994354241679     -1.509181268173339
                  39000      2.709143971131367    0.03229470321151781      3.332929006512896      0.584410166222221
                  40000       2.53403359528301    0.03208202040354683      2.573857516385893     0.3193569516558414
                  41000       2.68260540628905    0.03192151970091847      3.536705900925325     0.6321315763701857
                  42000      2.528867854089055    0.03172146888632139      2.523750011948281     0.2883950367432104
                  43000      2.550870458925232    0.03153361444903541      2.869951189899963     0.4110045626255701
                  44000      2.434131983524499    0.03138333530218981      1.378685830194033    -0.3269367845658752
                  45000      2.578885294357176    0.03122222690753479      3.330626991387423     0.5499462518095596
                  46000      2.378772154867012    0.03111473693142951     0.9385170082903291    -0.7201172992297753
                  47000      2.516258858879719    0.03094576863505455      2.867409550030172     0.3913007377870291
                  48000      2.527181423882057    0.03078934821022527      3.189049411992281     0.4925471130294067
                  49000      2.475492560681266    0.03062951799834946      2.289022928106966     0.1557446798066768
                  50000      2.674484222683992    0.03049010059467186      3.466520322704632     0.5662088000240326
                  51000      2.689806545869879    0.03035799961150678      3.613174948116989     0.6033023720212183
                  52000      2.283538611284096    0.03030980642646411     0.4666754480111075      -1.44499449268786
                  53000      2.365051055980706    0.03022226810844638     0.9539912759291926    -0.7328663072732672
                  54000      2.458385462486866     0.0300824999603423      2.148452700226929    0.07434695252642391
                  55000      2.715706006410985    0.02995154694765642      3.382689831113006     0.5239076130416035
                  56000      2.667535076002836    0.02983568721879746      3.782487626299087     0.6317425678395389
                  57000      2.675904796323983    0.02972977129691259      4.025481803998111     0.6904489886514223
                  58000      2.472685920530702    0.02959961531586783      2.507981652752268     0.2128951101923077
                  59000      2.666194217824413    0.02949386816541111      3.988667962671389      0.673295151939886
                  60000      2.740953556901311    0.02936944621485368      2.590002413333967     0.2372691348411085
                  61000      2.667592472143439    0.02926698541512383      4.019554974448408     0.6732867344982877
                  62000      2.738100499057128     0.0291474277385184      2.774805098959546     0.2986026145571169
                  63000      2.692210236059049    0.02905284514393367      4.196135951722128     0.7089359461545316
                  64000      2.706336296109768    0.02895341444375292      4.042985401015781     0.6683269573551343
                  65000      2.616717394621296    0.02884111450909348      3.027848213731831     0.3753096007607076
                  66000      2.647764427253438     0.0287379679760657      3.747951874067791     0.5850841361067861
                  67000      2.657319753083045    0.02863666153466541      3.763223094353451     0.5856190027045705
                  68000       2.49873703874012    0.02853256668335614      2.734875055123747      0.262787314468778
