#! FIELDS time e sigma_e height logweight
#! SET action OPES_METAD_kernels
#! SET biasfactor       2.698418390276557
#! SET epsilon     0.01374333274381851
#! SET kernel_cutoff       2.928208142815685
#! SET compression_threshold                       1
                   1000      2.712502743870677    0.06053155025577301    0.06672079877255445     -2.698418390276557
                   2000      2.328418648785834    0.05920511112449938    0.06821562036279934     -2.698418390276557
                   3000      2.670091338637506    0.05323451575596103     0.9673586861550753    -0.1528235094117722
                   4000      2.578889790079146      0.049926111028405     0.7001298360802248    -0.5402899102422487
                   5000      2.450675947914458    0.04896289222760788     0.1789347730418721     -1.924015788450494
                   6000       2.71813388542846    0.04701785378712414      1.478657821357078     0.1473176340200417
                   7000      2.504319596087339    0.04542104548357637     0.6920355891561799    -0.6464869029476104
                   8000       2.55298414721069    0.04394346363483179      1.381025297301348    0.01138552045498466
                   9000      2.493883682228158    0.04270392566513374      1.437755293238101    0.02302936295549859
                  10000      2.239448031754263     0.0424701265686927     0.1342801142705228     -2.353370893594561
                  11000      2.675220105169945    0.04153926843055351      1.765712186306955     0.2008487588547986
                  12000      2.486687944125692    0.04068153172725079      1.798747245795493     0.1985201093696629
                  13000      2.707665127249733    0.03995605377859638       2.02404223786293     0.2985322521091741
                  14000      2.677324311941793    0.03938632504337893      2.404952517278045     0.4566042737455471
                  15000      2.708185786356906    0.03888602554438195      2.675507057514592     0.5504292999515549
                  16000      2.433473412380963    0.03838538813830792     0.9662153594801748    -0.4810362224714844
                  17000      2.014859002652176    0.03831556722903682     0.1054065925701741     -2.698418390276557
                  18000      1.755999659167442    0.03824620752025498     0.1055977480085396     -2.698418390276557
                  19000      1.638227177000989    0.03817730386161749     0.1057883343110203     -2.698418390276557
                  20000      1.871161646733588    0.03810885118375353     0.1059783556458394     -2.698418390276557
                  21000      2.099742125680067      0.038031228972929     0.1218179838081045     -2.561164209216478
                  22000      2.530013416721868     0.0375555494442047      2.555626319801847     0.4697739217632122
                  23000      2.590121852171616    0.03703956099670624      2.052560310883524      0.236729941366526
                  24000      1.923919461453169    0.03695303351159656     0.1750066614872517     -2.227628060596585
                  25000      1.685570646144017    0.03685213004111884     0.2084919203310611     -2.055286132145763
                  26000      2.283228286565114    0.03671694893946908     0.2903707642452706     -1.727702764991712
                  27000      2.602570256149994    0.03631938508588041       2.64001912581648     0.4687932226722728
                  28000      1.724546049853671    0.03617736456872289     0.3504662724802429     -1.554401731134166
                  29000       2.65353053595515    0.03596521889451972      3.489347134126831     0.7379224185288564
                  30000      2.662482375026033    0.03589802405050469       4.27715379134873     0.9396254777419016
                  31000       1.66835341030855    0.03575937148411897     0.4395497898241201     -1.339536468865249
                  32000      2.510739502587939    0.03537226310489455      2.581890266407156     0.4201052147550305
                  33000      2.297802668502281    0.03525163209626142     0.4196561607406595     -1.400152301329534
                  34000      2.462051054545766    0.03489601125252805      2.148675198898265     0.2228794353557514
                  35000       2.62131619787134    0.03459863635913947      3.279038327950822     0.6370198941881068
                  36000      2.561995847908241     0.0342810122652983      2.767259216146305     0.4581044381106535
                  37000      2.669511848695276     0.0340765939725013      4.039710463523912     0.8304392145832755
                  38000      2.425238669484448    0.03384972108999032       1.35037819899437    -0.2720291018648398
                  39000      2.468287932509684    0.03356770144652422      2.467039900159608     0.3222387869328497
                  40000      2.089140564912456     0.0335244287067358     0.2146090338592162     -2.121007527415885
                  41000      1.767747758095703    0.03346245390134034     0.3161314280623854     -1.735517771270734
                  42000      2.427822968555449    0.03321472716297203      1.949501503483914    0.07622250524522076
                  43000      2.373835438858942    0.03308838640999966     0.7504866540022644    -0.8821956160275811
                  44000      2.547306274596836    0.03284446519803231      2.938120170137068     0.4752086603266712
                  45000       2.72902024278996    0.03260753601834517      2.669112055485543     0.3719447192547746
                  46000      2.370205806880694    0.03248228665419482     0.8640155006923143    -0.7598142172147648
                  47000      2.740731638050458    0.03226210235130377      2.411016166682566     0.2595969818931101
                  48000      2.109677010877495    0.03221543814958125      0.302291872463214     -1.818261042153905
                  49000      2.681039485106304    0.03206393184011852      4.132754822360377     0.7923314293083064
                  50000      2.055978493513005    0.03201911405374715      0.310326425596333      -1.79814207327288
                  51000      2.068204395813101    0.03195226255212647     0.4832012026751011     -1.357423711887531
                  52000      2.597338941299289    0.03175766951187427      3.249872091762885     0.5424053325614424
                  53000      2.481608879289224       0.03156370453953      2.880572231545856      0.415652273634227
                  54000      2.555497960940699    0.03138014514543355       3.19561542515286     0.5136105010957378
                  55000      1.964178751870296    0.03135287462772626     0.2161812853739226      -2.18067654384399
                  56000      1.746646382860512    0.03129116884946834     0.5225043584755608      -1.30013060346883
                  57000      1.844324523943256    0.03126512924255617     0.2089288032724937     -2.217602906685542
                  58000      1.915542691627178     0.0312282798340832     0.3023725448064411     -1.849115902787501
                  59000      2.201746768221946    0.03120153518308721     0.2169550217813858     -2.181942483853554
                  60000      2.061161397992739    0.03113141927281588     0.6202742309293674     -1.133720577786963
                  61000      2.023259259984202    0.03107290192118706     0.5115979662346012     -1.328224628308835
                  62000      2.042569582064749    0.03098770719674332     0.7996287325031429    -0.8843617218268403
                  63000      2.052466445063483    0.03088429776187813      1.038989759212808     -0.625847814842556
                  64000        1.9915708936068    0.03082175520374722     0.5771185864839139     -1.215831294886142
                  65000      1.734982650579317    0.03075213635210939     0.6605875874187599     -1.083010651579056
                  66000      1.833983130380693    0.03071776137668102     0.3061787153403643     -1.853089838903753
                  67000      2.149332880031107    0.03068370217816122     0.3048906097759306       -1.8584151454475
                  68000      2.086405609237498    0.03058674427108069      1.019733510751719    -0.6542365116829193
                  69000      1.571321570900311    0.03056992854470765     0.1490263542231417     -2.577959878450181
                  70000      1.925732500994751    0.03052165918268841      0.456757726569168     -1.459510160958986
                  71000      1.736763965002786    0.03043709928151709     0.8859246509045875     -0.799805702874182
                  72000       2.70626511043105    0.03032634770397222      4.164563407827901     0.7442837797045788
                  73000      2.428459333444514    0.03018189735980308      2.351156095821298     0.1678049201137342
                  74000      2.720731654389631    0.03006409725986615      4.001296710309971     0.6956056017009661
                  75000      2.705980923077708    0.02997886205936244      4.671351077984028     0.8475963129724942
                  76000      2.445613741187588    0.02984084572803777      2.840333302996746      0.345454960301314
                  77000      2.685644726167377    0.02977165221658979      5.027775434279155     0.9141897373465199
                  78000      2.710530856225608    0.02969245565891503      4.980928797728811     0.9021648123147067
                  79000      2.698193089427535    0.02968923369864601       6.25618072880992      1.130009807839829
                  80000      2.503460502678048    0.02955893471668527      3.152186683269069     0.4401378923745949
                  81000      2.366362656862176     0.0294915797659114      1.008289654673661    -0.7019842870862741
                  82000      2.667686731895098    0.02943794299057334      5.756365512808871      1.038246146145277
                  83000      2.479960149389874    0.02931399368912235      3.362704775464739     0.4964660829376435
                  84000      1.570111336373923     0.0292980980446374      0.224433723349631     -2.210996795776453
                  85000      2.011377970103998    0.02924122459930946     0.9037624595468621     -0.819953766363146
                  86000      2.188682435525291    0.02921890285296849     0.3242395840555415     -1.845801283907138
                  87000       2.03093778698033    0.02914611617973322      1.249920756173272    -0.4989427397456684
                  88000      1.934282725967172    0.02911081494779753     0.5404714795683366     -1.338548219449086
                  89000      1.918753629260963    0.02906966017443593       0.64531774565599     -1.162661992189669
                  90000      1.876357117483156    0.02903664719919739     0.5091892139087698     -1.400721428453052
                  91000      1.551856463416246    0.02901793692316535     0.2792030173337464     -2.002246509928055
                  92000      2.135343375574672    0.02898295614333549     0.5477444235012128     -1.329583105501139
                  93000      2.605030069476963    0.02887006820859511      3.195785111962352     0.4302935831475779
                  94000      2.690118725723146    0.02885157035008907       6.42895798967094      1.128632331429971
                  95000       2.53917242161603    0.02874212944235891      3.183236772721314     0.4219179412038247
                  96000       2.48455912988648    0.02863462192631222      3.496386763717398     0.5120020623627588
                  97000      2.674246477751126    0.02859226371268115      6.191318805442711      1.081939737650251
                  98000      2.437285030837951    0.02849204757582351      2.840715638282387     0.2993364594293162
                  99000      2.559640301671247    0.02839069410855451      3.242258591652118     0.4279870401492594
                 100000      2.204849024178703    0.02836840326562705     0.4162424207367137     -1.625556043773487
                 101000      2.505179881166139    0.02826895258466477      3.619667562800511     0.5338017465185705
                 102000      2.674618064960428    0.02822569169254543      6.289228737645971       1.08472649986013
                 103000      2.656854020883844    0.02815600316160758       5.61990303736007     0.9697304364307099
                 104000      2.568674390393706    0.02806207593424936      3.289036502753635     0.4306691572723952
                 105000      2.693798456830662    0.02803027483658832      6.811720511592764      1.157585341119716
                 106000      2.699918536552209    0.02799375974461202      6.857087240040533      1.162919807843133
                 107000       2.39287269207273    0.02793694657567648      1.481412959228023    -0.3713981648974382
                 108000      2.266437893334587    0.02791961402940792     0.3875250970439384     -1.712989774306087
                 109000      2.763617205402458    0.02784938812739068      2.041667714624783    -0.0537665853331794
                 110000      2.774463859718881    0.02779240816617589      1.542816143875372    -0.3359722550606633
                 111000       2.76183043030915    0.02771560186314988      2.485636417554336     0.1381796669690218
                 112000      2.668760206207599    0.02767285294807128      6.705362784700049      1.129014954306247
                 113000      2.743008671096441    0.02758703196081338      3.986221375544626     0.6058450021100972
                 114000      2.646464081251331    0.02751168484505162      5.289742839400936     0.8860358877598996
                 115000       2.58828654367328    0.02743582731484768       2.83424986335654       0.25928246699104
                 116000      2.707011984475081    0.02737515868395464      6.078038592164088      1.019973466530404
                 117000      2.526564483085063    0.02729960155755364      3.052764541852647     0.3285751321461071
                 118000      2.600340072629173     0.0272257337627472      3.006251654159086     0.3105120631452554
                 119000      2.685282624165792    0.02717815238676613      6.650139853668418       1.10270675232364
                 120000      1.917503033928073    0.02715710489868404      0.603259599463364     -1.298113521210824
                 121000      1.862418672600489    0.02714083685098368     0.4590933544396269     -1.571806776716107
                 122000      2.193631105725296    0.02712571039904125     0.4262327701328107      -1.64663223405523
                 123000      1.635033094869198    0.02711532735955717     0.2880890444857163     -2.038731073387074
                 124000      2.116761316464034    0.02709463493030578     0.5993212819168355      -1.30696628784442
                 125000      2.606422419172437    0.02702272214139519      3.189327193437077     0.3621434940645225
                 126000      2.674772974464726    0.02697335985253158      6.549743919851408      1.079931097249397
                 127000      2.492025531211043    0.02690511603203229      3.032767808190236     0.3074475639796441
                 128000      2.713913865612094    0.02684462088086314      5.906176424607469     0.9717195540024569
                 129000      2.614177039160094    0.02677549622912064      3.424803834840289     0.4241867828152192
                 130000      2.697430110291194    0.02673063541275935      6.809501048270519      1.109784589136528
                 131000       2.67985750514956    0.02668724397295634      6.961186123900666      1.130191015128667
                 132000      2.343419910951933    0.02666888802095298     0.6156091756520335     -1.295989890810676
                 133000      2.458282098737107    0.02660925983978323      2.740854650602554     0.1951844953079152
                 134000      2.725263876565374    0.02654589714902602      5.479436887760672     0.8855329785031061
                 135000      2.542387254594492    0.02648703308730686        2.8352940850516     0.2244563990591167
                 136000      2.570740368433335    0.02642778574706786      2.947746805857548     0.2611124687571273
                 137000       2.54953401280438    0.02636811016503878      3.078969246076052     0.3024056500878778
                 138000      2.560603056469786    0.02630814427219144       3.21201903200504     0.3424337185172247
                 139000      2.682938687317642    0.02626165685122797      6.648320898507247      1.068129725088456
                 140000       2.26987526030786    0.02625134944624576     0.3745183884556163     -1.808741542909942
                 141000      2.037004860789427    0.02622798620396586     0.9095398461188147    -0.9223340167928082
                 142000      2.096424420545239    0.02620915213586325     0.7186282200542882     -1.158647028483625
                 143000      1.872424785207561    0.02619583928254345      0.495692705902244     -1.530543058882018
                 144000      1.812486223790481    0.02618694982562516     0.3249177424353324     -1.953266602692415
                 145000      1.998847496341647    0.02616786642925396     0.7351583121806086     -1.137481788594084
                 146000       1.90322393091616    0.02615140386649431     0.6278481475053727     -1.295898633097451
                 147000      1.937578818535357    0.02613471697364772     0.6392406557122721     -1.278554262012444
                 148000      2.071626116532523    0.02611089360947168     0.9531133779560198    -0.8800133681794923
                 149000      2.097717496606084    0.02608874591190775     0.8818295737238118    -0.9585970007143283
                 150000      1.951252957694964    0.02607200319566071     0.6497622840345336     -1.264631197969373
                 151000      1.596555882758357    0.02606433752454729     0.2852190784165264     -2.088274258420176
                 152000      1.927267756985889    0.02604322686869911     0.8436544812555679     -1.004599083474884
                 153000      1.895376317722224    0.02602335366746165     0.7920462929118879     -1.068485647607257
                 154000      1.677914024187207    0.02601236925864892     0.4191921749250447     -1.705198209448058
                 155000      2.585078134234512     0.0259564941173318      3.293271962204621      0.353958859044312
                 156000      2.471654399863894    0.02590465299206425      2.867341148954201      0.213463213986318
                 157000      2.241260007453358    0.02589356298725736     0.4354124949038157     -1.671811590781827
                 158000      2.391627353065652    0.02586455174529285      1.273107460554385    -0.6000104582517464
                 159000       2.48129529919045    0.02581128752516089      3.174858064713057     0.3117302623230687
                 160000      2.549826277046217    0.02575633023764881      3.583833573674132     0.4307689272647883
                 161000      2.481847709907915    0.02570348632437178      3.315150037317061      0.350784957863058
                 162000      2.429696682173234    0.02566036087059427      2.299727650243138   -0.01660643660137624
                 163000      2.422236437236832    0.02561866889689077      2.214191054804568   -0.05613609821511932
                 164000      2.542117174479684    0.02556577142536509      3.662804016606185     0.4451388197581884
                 165000       2.65393948079045    0.02551714695872682      5.667835823000687     0.8798134495293979
                 166000      2.724060247913518    0.02546761717613724      5.483168003510549     0.8447462050093124
                 167000      2.627732644569117    0.02541564339786094      4.034756484278191      0.535966253070876
                 168000      2.701025068866056    0.02538083416513533      6.938095616305529      1.076677096540497
                 169000      2.708702028794862    0.02534276090816252      6.721416931412697      1.043447546477976
                 170000      2.123427393464384    0.02532780189657187     0.7126168964382932      -1.20125319575283
                 171000      2.520187327567122    0.02527989632900732       3.43578850317849     0.3699113551585019
                 172000      2.604840993931809    0.02523236849818661      3.467836017945431     0.3773138457614793
                 173000      2.623564566462575    0.02518349688871885      3.975619978090125     0.5120250376710801
                 174000      1.963610580590074    0.02516880380460614     0.7286452405687815     -1.185307582724357
                 175000      2.515278776259255    0.02512181322154334          3.62419638246     0.4170245352922229
                 176000       2.36279382627805    0.02510347218973049     0.9485049089726191    -0.9242067055084541
