#! FIELDS time e sigma_e height logweight
#! SET action OPES_METAD_kernels
#! SET biasfactor       2.698418390276557
#! SET epsilon     0.01374333274381851
#! SET kernel_cutoff       2.928208142815685
#! SET compression_threshold                       1
                   1000      2.667732086072088    0.06053155025577301    0.06672079877255445     -2.698418390276557
                   2000      1.917416911779474    0.05920511112449938    0.06821562036279934     -2.698418390276557
                   3000      2.663513676241927    0.05331047547952356      1.125647728336727  0.0001469162085598686
                   4000      2.434492083845718    0.05269594504060835    0.07664182473421625     -2.698418390276557
                   5000      2.521711722221388    0.05092684346994938     0.2782430375764117     -1.443214712386712
                   6000      2.428424563527626    0.04850597048121042     0.5855317663262722    -0.7478925115253248
                   7000       2.54692510610866    0.04632315959407161     0.9766593605099909    -0.2823198653500775
                   8000      2.500254534564088    0.04492657402107186      1.579586697803545     0.1678481356254533
                   9000      2.315149154043865    0.04448973524259191      0.177753738869199     -2.026442244457957
                  10000      2.660511872477981      0.043182501610155       1.45448973244655    0.04574593541501996
                  11000      2.501096922627551    0.04248232885683668      2.211939466226413     0.4486133528426687
                  12000      2.493643705232621    0.04183657693014037       2.57261865159291     0.5843507515851266
                  13000      2.475598306486428    0.04106677872801476      2.601259698589252     0.5768507561249547
                  14000      2.156924447915998    0.04097138073346225    0.09857401219353316     -2.698418390276557
                  15000      1.870940761827217    0.04081774480453296     0.1641184596181837     -2.192394450839934
                  16000      1.441670102675731    0.04072444345034577    0.09917172689985299     -2.698418390276557
                  17000      2.732104830722207    0.04015273025501113     0.7914029470562777    -0.6356021489571714
                  18000      2.744289949214473    0.03951815306843554      1.052092482465741    -0.3668034029921245
                  19000      2.710232746902108    0.03882419576376651      1.711219260788632     0.1019052266500744
                  20000      2.694982852353623    0.03820972672467773      2.146979145684128     0.3128073528934361
                  21000      2.694193368452166    0.03768474237508738      2.499469143063603     0.4509891053295813
                  22000      2.272566340431796    0.03757137869638988     0.2139675921559507     -2.010032720524895
                  23000      2.558301904713159    0.03705952186025083      1.710656383675667    0.05505790374345088
                  24000      2.684629221329668    0.03662904263246589      2.670044524901003     0.4885920263332498
                  25000      2.647429162638114    0.03619325355877035       2.43770698566161     0.3855860109406513
                  26000      2.606461281738812    0.03579998174863608      1.574580608640773   -0.06240822203956941
                  27000      2.579514510739547    0.03541880287786627      1.735177977378929    0.02400826040651527
                  28000      2.447229719944327    0.03505604931174163      1.831037440628525    0.06748634095556458
                  29000      2.342442592892744    0.03496376304804305     0.2937108261751265     -1.765191958671786
                  30000      2.486581187070751    0.03464656476620844      2.718464892393589     0.4509213607429928
                  31000      2.652484920122802    0.03434242944645245       2.74147421520045     0.4505328480396951
                  32000      2.563687046091275    0.03403443458066817      2.216498572574887     0.2289569628641275
                  33000       2.63785763110097    0.03376421218048464       2.88518752538113     0.4846467660817665
                  34000      2.533789416904894    0.03349022013411417      2.607033145697597     0.3751217466775862
                  35000      2.513564474531875    0.03324678494085339      3.030210975896152      0.518245752802397
                  36000      2.254858603838485    0.03319000463818413      0.274552522952513     -1.884708492633281
                  37000      2.746313295025145     0.0329553832013133      1.736275849553345   -0.04744743664036231
                  38000      2.512451641297062    0.03274481167902521      3.259091632697038     0.5758484815687892
                  39000      2.692320389065086    0.03252820439032416      3.094901312719845     0.5175189977563041
                  40000      1.649415508457715      0.032505742853184     0.1242461494341945     -2.698418390276557
                  41000       1.81231954279712    0.03247434787040762     0.1762655089097396     -2.349657928186747
                  42000      1.932202008387801    0.03243621091084955     0.2170834552578719     -2.142542555725945
                  43000      1.712016611407386    0.03241175017786202     0.1374977598431262     -2.599971199416654
                  44000      2.145353164068535    0.03237835431735143     0.1906576554521502     -2.274130278313315
                  45000      1.838155615774113    0.03232792809732886     0.2963869244024346     -1.834502559844151
                  46000      1.891635783336018    0.03226311149283675     0.3925526834496911     -1.555504569102736
                  47000       1.65117537350326    0.03222549262389532     0.2210057724667465      -2.13115318455022
                  48000      1.951720081913232    0.03216834075521666     0.3477073278680629     -1.679755964625835
                  49000      1.715353542803513    0.03212733832970657     0.2456431854734302     -2.028512494730708
                  50000      1.940869283187062    0.03204365009621169      0.541271459468829     -1.241079875879986
                  51000      2.033741821608815    0.03202112488895648     0.1340034897342363     -2.637838161025005
                  52000      2.006650097391182    0.03197310598930009     0.2976583069111026     -1.841258522075953
                  53000      2.099831689538152    0.03193741568393373     0.2187425810047061      -2.15042600402166
                  54000      1.811392692687678    0.03187091911142755     0.4308089843533453     -1.474741073689023
                  55000      1.933435829214955    0.03176033614750874     0.7928197137654862     -0.868285772184253
                  56000      2.664795215783184    0.03166183355174756      4.158656906280148     0.7859595674560331
                  57000       2.66196261756211    0.03157593568759331      4.432414903331959     0.8469952998228009
                  58000      2.659738812623985     0.0314976587578648      4.683787005315484     0.8996756275825692
                  59000      2.691573451364056    0.03140987309813309      4.777463162189774      0.916687397561161
                  60000      2.515389413265074    0.03124426004084408      3.709460438332055     0.6583775500272125
                  61000       2.63151705078993    0.03109132501832401        3.9641240096986     0.7198691796938856
                  62000      2.660441167821724    0.03100684147668415      5.107346310677914     0.9705432670572798
                  63000       2.42940511369374    0.03087789472694757      1.551286027211843    -0.2252197334304985
                  64000      2.451591440337673    0.03071827791757632      2.502683845258626     0.2478769812631907
                  65000      2.557309309265487    0.03055905372643561      2.898599306494484     0.3895440596986288
                  66000      2.420583154740547    0.03043324517934487      1.717716130916549     -0.137813382305279
                  67000       2.48942929531466    0.03028833298515833      3.671274420592264     0.6169568815029515
                  68000      2.705837265709807    0.03016266255964266      4.277588341546295     0.7656496373589537
                  69000      2.522125025912776    0.03002700350607082      3.866356874069236     0.6600652189061548
                  70000      2.624862470666069    0.02989298100962689      3.803188637317816     0.6391189717305423
                  71000      2.651169015790157    0.02979952605922727       5.03446297886842     0.9164547899692524
                  72000      2.686547902135068    0.02971176855768043      5.239945131342565     0.9535096799947976
                  73000      2.713000040414258    0.02958968972688557      4.243502827736043     0.7384704851889313
                  74000      2.377007087989012    0.02954363107076206     0.6693489535828847     -1.109926122285029
                  75000       2.57363290042106    0.02942189464101093      2.708943728970172     0.2839533416447231
                  76000      2.488696521188184    0.02929928703754971      3.687086220604172     0.5880551243236264
                  77000      2.626136117758599    0.02918431787237732      4.152009279700558     0.7028793244754531
                  78000      2.661943388588647     0.0291103442737686      5.588925864795748     0.9975361378300728
                  79000      2.750805834973827    0.02901429856192258      2.044230162092459   -0.01153453012177808
                  80000      2.683965806261731    0.02894310691012925        5.7120036916982      1.013557381511544
                  81000      2.355234479771438    0.02891198575863861     0.5314277153259215     -1.362276412665893
                  82000      1.927487924554792    0.02887153499899507      0.714852130539738     -1.067167968725815
                  83000       2.76309452883454    0.02879404929955873      1.609077769152811    -0.2585146172876262
                  84000      2.017877900755902    0.02877461630268921     0.3301541709234146     -1.843046491103306
                  85000        1.9963451127445    0.02874723998983128     0.4773298059479477     -1.475350409871578
                  86000      2.104840901366636    0.02873175209503677     0.2624273293600075     -2.074122782041269
                  87000       2.59126305916066    0.02862745203790105      2.955152929255425     0.3435719589243821
                  88000      2.670182073744449    0.02856909559068677      5.994966604094379      1.048901215448266
                  89000      2.631019230764501    0.02847560769401804      4.810625681983565     0.8255304432735395
                  90000      2.718995946364603    0.02837587702141468       4.20887779819021     0.6883908772580076
                  91000      2.621054237405943    0.02827742581411442      4.117368516475308     0.6629334994088503
                  92000      2.297011921915979    0.02825982726665328     0.3482534439946678     -1.807728074214705
                  93000      2.545764565168266    0.02816604561148076       3.01301475392202     0.3467137908241987
                  94000      2.446340234515817    0.02808597516399029      2.222559595453264    0.03958528768772736
                  95000      2.355542722954995    0.02805939048576573      0.565085465998837     -1.330799501623318
                  96000      2.534179219230078    0.02796708978269203      3.344674418978676     0.4440532469704962
                  97000      2.581700917958679    0.02787891122652838      3.016325276412975     0.3375652653743813
                  98000      2.545547068030372    0.02778974231361914      3.435260587652324     0.4644151941462256
                  99000      2.466674250797019    0.02770632103856358      2.872308750223572     0.2824321702440273
                 100000      2.741509996813045    0.02762698798331368      2.652832709580818     0.2000765743161853
                 101000      2.658385454277115    0.02755766383724031      5.361890159193845     0.9012526684622386
                 102000      2.610881228799367    0.02747395457884342      3.816701842249106     0.5582805450375389
                 103000      2.686913078818811     0.0274055884274604      5.370095166352854     0.8972480177992254
                 104000      2.686502184303523     0.0273396612209967      5.512384045117083     0.9209910833177589
                 105000      2.046038208208616    0.02732724835126362     0.3105988290984889     -1.955713387784897
                 106000       2.06454457110817    0.02731430974561288     0.3250941289242288     -1.910574341979667
                 107000      2.587300891496059     0.0272362591549801      3.358957212411323     0.4218351528728777
                 108000      2.666867910182339    0.02718027223473482      5.972877868243639     0.9953757286809138
                 109000      2.553235315941034    0.02710402171057131      3.508171851212556     0.4604326189401505
                 110000      2.392269415796202    0.02707239801410341     0.9223962863135902    -0.8766102129969121
                 111000      2.436308681042683     0.0270128093631704      2.122990284633684   -0.04520778139509835
                 112000      2.383668611824634    0.02698036571011371     0.9702953452715176    -0.8293899308425694
                 113000      2.580652760020966    0.02690728548975314      3.528070119248831     0.4588035367841019
                 114000      1.814368837231059    0.02689484526135127     0.3484803779685013     -1.856583274566756
                 115000      2.080275600959559    0.02688216812104595     0.3562668711712662     -1.834956581401719
                 116000      1.929648138261681     0.0268587560232364      0.691219612391074     -1.173050373042759
                 117000      1.880860695578214    0.02684091200787088     0.5160367133124394     -1.465994637468331
                 118000       2.72385160617752    0.02676939076408837      3.996764551409772     0.5783997085592072
                 119000      2.532620596012244     0.0266989803988868      3.981235270446752     0.5718729557480309
                 120000      2.711771959075818    0.02663559352961783       5.10111595532554     0.8173631922848229
                 121000      2.532510170548492     0.0265672875251359      4.067821267534791     0.5884436454825487
                 122000      2.540169706674968     0.0265002364697291      4.225496704723904     0.6239459112636478
                 123000       2.01824997209046    0.02648521307448741     0.4764615618188953      -1.55912620904543
                 124000      2.425959024292755    0.02643629976180907       1.94341177852841    -0.1551614283374429
                 125000      2.527590972476209    0.02637164601349475      4.397283443749982     0.6589318072299482
                 126000      2.334759250655881    0.02635398554145191     0.5864619083514445     -1.356372605122557
                 127000      2.690639177427658    0.02630861778983461      6.183526955867113     0.9974408094183523
                 128000      2.712387816976084    0.02625151354535032      5.337034923389385     0.8480493249909695
                 129000      2.614686423920608    0.02618912675504667      4.350210657687493     0.6412240240380103
                 130000      2.681130663731247    0.02614820303110231      6.489158810411499      1.039568817315519
                 131000      2.649356616078311    0.02609878166745599      5.971618214547925     0.9545620199974394
                 132000      2.490219007063596    0.02603879228654981      3.770640342989952     0.4924877141666027
                 133000      2.624301956132961    0.02598103395627832      4.940190671929627      0.760426174403134
                 134000      2.241067455400118    0.02597307566050665     0.2911365875456834     -2.071246861195996
                 135000      2.171264530088096    0.02596680690285774     0.2278268708374268     -2.316694774308047
                 136000      2.492166809111822    0.02590810028935628      4.100329640274237     0.5712784806165632
                 137000      2.700251495192736    0.02586374250348482      6.262660317276021     0.9931025880112706
                 138000      2.540901631092169    0.02580670987788302      4.564484059829288     0.6745954554902536
