#! FIELDS time e sigma_e height logweight
#! SET action OPES_METAD_kernels
#! SET biasfactor       3.469395073212715
#! SET epsilon    0.007640039155174105
#! SET kernel_cutoff       3.122291642622147
#! SET compression_threshold                       1
                   1000      2.640293108546227    0.06206017502565676    0.03010226110527593     -3.469395073212715
                   2000      2.454028923007486    0.06115625620772665    0.03982673723191243     -3.204129198614675
                   3000      2.672715421403028    0.05425211284465317     0.9062292319131771    -0.1991656137001425
                   4000       2.43964721902467    0.05257731887301809     0.2006905211291217     -1.738050988952562
                   5000      2.545784607999716    0.05041896462073373     0.3422934076913973       -1.2460641682576
                   6000      2.689876539077033    0.04860406176878897      1.729534201750349     0.3372146653945055
                   7000      2.708088051739227    0.04697970036381195      2.175623479871499     0.5326863199107059
                   8000      2.474490709816979    0.04611518191615771     0.3898241265538896     -1.205261939829723
                   9000      2.661190716421866    0.04460896917200499      2.154583675460176     0.4711878939472704
                  10000      2.492958299468153    0.04384119421111679     0.5351509029987241    -0.9389771899144577
                  11000      2.651402502526312    0.04266156829163612      2.197531808164332     0.4462887379022321
                  12000      2.658223930621685    0.04171086823505411      2.560846107213457     0.5767548762778911
                  13000      2.724280379402625    0.04076440706151474      1.916301009939285     0.2638615330212473
                  14000      2.351455637543909    0.04069773338181309    0.07661328352464213     -2.957156965299158
                  15000      2.495534163269118    0.04026300992512523     0.5973534396677807     -0.914157697154754
                  16000      2.674193221218686    0.03962783020140451      2.947843105849905     0.6662608444372952
                  17000      2.429658797864481    0.03935244373195476     0.4447711596514762     -1.231981863884005
                  18000      2.272007163732384    0.03931444759397321    0.05655437308429936     -3.295305235770015
                  19000      2.519722237336913    0.03889940369878116     0.7730167017281675    -0.6908202650481184
                  20000      2.577828689157726    0.03840927255293396      1.064668358787705    -0.3833823085786718
                  21000      2.499612698291036    0.03793195321808562       1.14124054815128     -0.326434841632833
                  22000      2.545367906192347    0.03746090051680254      1.260248951365756    -0.2397375441756942
                  23000       2.55267091212131    0.03697784081400086      1.555531022905761   -0.04220874474164491
                  24000      2.494366209944197    0.03653067064277162      1.548312635755437   -0.05902664703972803
                  25000      2.688733734700082    0.03620845853785886      3.216752492296352      0.663320498451648
                  26000      2.662900051559372    0.03589387397728281       3.35602951115559     0.6969806595267648
                  27000      2.648507669092482     0.0355596892329113      3.289867067984358     0.6677152682464558
                  28000      2.460693811773354    0.03528320505043613      1.131545655626195    -0.4073529541839971
                  29000      2.445159227186321    0.03502584510270757      1.083205856537197    -0.4583333118721243
                  30000      2.425719678456494    0.03479901378748218     0.9576797110600771    -0.5879974030306914
                  31000      2.360024692621734    0.03473811155986581     0.2187356856849244     -2.066398354885007
                  32000      2.035997404846558     0.0347226446280515    0.05380211135623622     -3.469395073212715
                  33000      2.188769419613429    0.03470617588193912    0.05745331302163915     -3.404209520235575
                  34000      1.785431293217868    0.03469075947071779    0.05385156224205288     -3.469395073212715
                  35000      1.963915348287288    0.03467404055653346    0.05858601566021913     -3.385612517495478
                  36000      1.883092534131651    0.03465766213128178    0.05750381360200222     -3.404729741566811
                  37000      1.710228923295601    0.03464103731989926      0.058508491770506     -3.387888910060266
                  38000      2.716184858074082    0.03449771144008344      4.210358488234098     0.8840962202135465
                  39000      2.668445306551535    0.03456695819983298      5.497462860845516      1.152840386028613
                  40000      2.661148562050665    0.03454441069991904      5.684550246503194      1.185653212422552
                  41000      2.428860303605098     0.0343065837677079      1.485421104678163    -0.1633089756596687
                  42000      2.730752022381387    0.03400884986590781       3.55972357955513     0.7019591143551478
                  43000       2.27828897599949    0.03398804797611071     0.1088163637816232     -2.786429182986502
                  44000      2.558319512759438    0.03374311752157658      1.846068936767578    0.03749038825871873
                  45000      2.576846921160456    0.03348569171578503      2.223162380070658     0.2157043501888101
                  46000       2.68225363117336    0.03343550482739115      6.017212926206941      1.209897974989187
                  47000      2.222397696116102    0.03341818613884052     0.1070400398155502     -2.819796625881686
                  48000      1.921353063145449     0.0334034970900101     0.0907525411991273     -2.985302768461728
                  49000      1.821639792548724    0.03338990788500135    0.08403043560695134     -3.062667084140227
                  50000      2.023825696573201    0.03337402100054396    0.09866341049006876     -2.902607894909553
                  51000      2.022570262641954    0.03334948423569275     0.1541555921133703     -2.457095103394995
                  52000      2.660218547436802    0.03332812251531495      6.637850591193098      1.304845203275956
                  53000      2.115868959752809    0.03331854241052594    0.06432837466449676     -3.331984950532542
                  54000      1.618099915221719    0.03331004958105337    0.05703708871117625     -3.452538965148121
                  55000      1.946589610465272    0.03328802378711392     0.1502736198738961       -2.4844443900589
                  56000       2.05581296738349    0.03326197090295758     0.1791019703919143     -2.309729801103937
                  57000      1.936064821307832    0.03322947790391154     0.2258509035882156     -2.078787407623766
                  58000      2.053578081478917    0.03319004477551836     0.2776205089264076     -1.873594761085133
                  59000      2.303541302104633     0.0331637342303771      0.183478572384118     -2.288545015853563
                  60000      1.833982571222135    0.03314484219857619     0.1311340882817032     -2.624992352088969
                  61000      2.161678182089772    0.03312812451961583     0.1160675108137909     -2.747545224635652
                  62000      2.441550982263998    0.03292192900382439      2.026005503584802     0.1058605308850196
                  63000      2.347233444677734    0.03287454007413868     0.3546537724517634     -1.638259316240939
                  64000      2.473959230796693     0.0326588395542208       2.39707712577892     0.2660211244831253
                  65000      2.673730264645905    0.03271500461562327      7.627602358173417      1.425262824326944
                  66000      2.637314649693913    0.03256647411623736      6.165611564325988      1.207926126741085
                  67000       2.71739561815961     0.0323745560027387      5.518242598152326      1.091087683201047
                  68000      2.633135739506707    0.03221192624521457      6.153098086138733      1.194947910861334
                  69000      2.373885090743442    0.03214786286062242     0.6731860785330458     -1.019732084176842
                  70000      2.728902205901888     0.0319430828490966      4.747054239468143     0.9271353614720521
                  71000      2.636438898499762    0.03181563449850038      6.849217968174462      1.289747738166349
                  72000      2.671924395026847    0.03177722140341557      8.443971222585663      1.497857884773334
                  73000      2.697757488423649    0.03165463786087196      7.509092429636973      1.376654721743849
                  74000      2.592559030091921    0.03148261916772856      3.246497582285655      0.532667807126007
                  75000       2.25096802779689    0.03146968541720777     0.1656520182791029     -2.443185813784777
                  76000      2.498091538127071      0.031347403724511       1.96910452941494    0.02836577143495589
                  77000      2.359747596630531    0.03130583615270526     0.5706875740593313     -1.211453398337803
                  78000      2.647712200343386     0.0312072094821753      8.005025082933843      1.426374058898812
                  79000        2.5213909418718    0.03108891742172379      2.077117090242381    0.07348775845543354
                  80000      2.517383271688959     0.0309632600353278      2.332341635329779     0.1853295358679529
                  81000      2.176024000325063    0.03095304885480458      0.147621440993706     -2.574977172083242
                  82000      2.397369636258839    0.03088673012071256       1.06877690077131    -0.5975030052239435
                  83000      2.230015889281965    0.03087282868295923     0.2046676430245848     -2.250835964841009
                  84000      2.709238873412443    0.03072940123308602      6.623553696840797      1.221507367091064
                  85000      2.053475149973312    0.03071164191827699     0.2763037090323294     -1.955957387145113
                  86000      2.034666246103445    0.03069029697404551     0.3351591547729589     -1.763547788165172
                  87000      1.896378748699107    0.03067922689740882     0.1712505368499342     -2.435386451906188
                  88000      1.992505753668483    0.03066313218090047     0.2516093387351189     -2.051161172909671
                  89000      1.937795269710288    0.03064619326624731     0.2658660619841745     -1.996598731063489
                  90000       2.00602707319966    0.03062300572460254     0.3690915458857693     -1.669303588554154
                  91000      1.736973593291107    0.03061727050789936    0.08881535596917332     -3.093976033145603
                  92000      1.590637338725274    0.03061221154097937    0.07831974779881139     -3.219901063807177
                  93000      1.712042814242918    0.03060476770407252     0.1158007060538215     -2.829073374756404
                  94000      1.839767932916444    0.03059443961974491     0.1616593660963392     -2.495790117447791
                  95000      1.896914609547562     0.0305779507754359     0.2613535126762645     -2.015946709295682
                  96000      1.971216912865675    0.03055549564479957     0.3607907267749792     -1.694257195576472
                  97000      2.547804333524062    0.03043798957485754      2.469090109169333     0.2251966290042047
                  98000      2.544707888173117    0.03031579572225968      2.718857059105325      0.317535918564824
                  99000      2.550767363944078    0.03018894060372318      3.020495893399999     0.4185521109340096
                 100000      2.273775686873699    0.03017397348670197     0.2548118647117841     -2.054594606050175
                 101000      1.858160797921498    0.03015988502373967      0.240004080982912     -2.114931182989082
                 102000       2.53496226052916    0.03003355597994871      3.168298812899494      0.461165518771174
                 103000       2.54211810993099    0.02990423595455433      3.511726303024523      0.559763319656465
                 104000      2.725292042281836    0.02977058104746281      5.501818318299486      1.004254771429365
                 105000      2.542237110459073    0.02964487934176581      3.759256211322043     0.6191659665207659
                 106000      2.550075824447672    0.02951920579683862      4.060965136219532     0.6921171968909249
                 107000      2.485893943057688    0.02941688946933449       2.74765813493111     0.2979733804971306
                 108000      2.375115291710043    0.02937785268988977     0.8327704714172318     -0.897100700927402
                 109000      2.475774130336129    0.02927906644128629      2.708418058191842     0.2788929646099269
                 110000       2.66458760320478    0.02921165218752237      8.168896357762209      1.380556929989659
                 111000      2.164240942722181    0.02920316157811961     0.1791910898245457     -2.439370087224438
                 112000      2.473669957125947    0.02910656553190403       2.83219494125786     0.3176712148124822
                 113000      2.749622663072999     0.0290022910310508      3.381113171375893     0.4912352616326277
                 114000      2.510984868774677    0.02889417928979907      3.877760862777469     0.6245534937815516
                 115000       2.59720014488899    0.02878657535761209      4.094935234274065      0.675315484203472
                 116000      1.918629704663879    0.02877247170259739     0.3298298053585017     -1.844103974749665
                 117000      2.438436471075078    0.02870289769388855      1.982876119163988   -0.05279810344817164
                 118000      2.504707402343737    0.02860225959943843      3.768069091308352     0.5857038523366879
                 119000      2.704103523570845    0.02851122611013865      6.776038810336746      1.169346031047106
                 120000      2.620413683962339    0.02840887987704006      5.220412656668675     0.9049336575718906
                 121000      1.937888419696298    0.02839404873721551     0.3825999211716617     -1.708930418529721
                 122000      2.700396274463375    0.02830831156856797      6.981477094811995      1.192071406863781
                 123000      2.684328373453168    0.02823381541510462      7.662238205219033      1.282479960502184
                 124000      2.653473307649531    0.02815397885428405      7.387555670655614      1.243141045604921
                 125000      2.658899856223673    0.02808075646521434      7.817050882366914      1.297047314627707
                 126000      2.428690978499695    0.02803106089895191      1.662297331841342     -0.252830768608109
                 127000      2.703263908336489    0.02794952667705125      7.190952334083335       1.20887931815067
                 128000      2.725434414415276    0.02785879693171764      5.700884023349382     0.9734254771902976
                 129000      2.654254190441419    0.02778580137889575        7.7452169058295      1.277256065629123
                 130000      2.702487856309939    0.02771057112174925      7.576589992281405      1.252532636454063
                 131000      2.539325949889503    0.02763522899034186      3.522400938849775     0.4838896512687216
                 132000      2.196071390054495    0.02762911268084045     0.1995615608716898     -2.387107052594469
                 133000      2.643831589761608    0.02755188803947484      7.214781560258862      1.197858418396168
                 134000      2.751214643661386    0.02748097599352338      3.380680040727988     0.4372263057445976
                 135000      2.486296917038072     0.0274166486660257      2.942983779549857      0.296229839896973
                 136000      1.700228700398416    0.02741323850146223     0.1164799255648551     -2.933354842095112
                 137000      2.663699569586397    0.02734871429998528      8.107144825415357        1.3070707064883
                 138000      2.400740468017557    0.02732106705614688      1.063208827255193    -0.7253949396727759
                 139000      2.345111361178732    0.02730738365183667     0.5002152140690115     -1.479904278192128
                 140000      1.829261533988579    0.02730220360758915     0.1841915086039048     -2.479156400069978
                 141000      1.973099397929848    0.02729284131723204      0.338066839150294     -1.872231771313114
                 142000      2.010834218483633    0.02728296590091668     0.3578332277172154      -1.81577025993437
                 143000      1.835053162762253    0.02727680359960909     0.2207789891333201     -2.298901033231784
                 144000      2.001314432650783    0.02726554046840705     0.4113213916345158     -1.677101306538204
                 145000      2.462218590593785    0.02721215541969784      2.411725242059268    0.08966156114974969
                 146000       1.99511347110282    0.02719988101310405     0.4556654605920264     -1.577128341213099
                 147000      2.332261186567088    0.02718804281939013     0.4397213978160787      -1.61318122720072
                 148000      2.668705678833942    0.02712931268288201      8.358358693478625      1.329532309208174
                 149000      2.495579754762581    0.02706660131020676       3.25308590839213     0.3835600377433868
                 150000      2.670637214890426    0.02701032215755922      8.523308635812699      1.344679135849632
                 151000       2.60669212815683    0.02694127964640959      4.184118202575519     0.6306110849559027
                 152000      2.580371018015654    0.02688160140631706      3.245695574361783     0.3744272076257957
                 153000      2.491949186008135    0.02682226909545149      3.282815673151953     0.3835894077419935
                 154000      2.373828343199929    0.02680244529211345     0.8498003360140365    -0.9686052925224072
                 155000        2.5205167095453    0.02674064679538196      3.636696472327254     0.4829159044850937
                 156000       2.73559052071867    0.02667279616934724      4.690847192058444     0.7349128178319374
                 157000      2.769365150863317    0.02663191066690259      2.049012549468132   -0.09487642238938575
                 158000      2.334817789719499    0.02661924447364498     0.5491979315943039     -1.412006502875733
                 159000      2.379922084092558    0.02659715342193409      1.003232734765413    -0.8103128456614215
                 160000      2.559011781374001     0.0265386427881487       3.56518364663098     0.4554728933437081
                 161000      2.518792765026054    0.02647772747850865      3.965813689241021     0.5596703968658779
                 162000      2.723193600214706     0.0264123961909436      6.235366765256779      1.009726291431787
                 163000      2.544826230697403    0.02635332057897431      3.960346660777547     0.5535812850383653
                 164000      1.935447622929568    0.02634488945176295     0.3835569705193764     -1.781337369795376
                 165000      2.222953014611619    0.02633995094913276     0.2216426178732611     -2.329946751805676
                 166000      1.905617866071067    0.02633239939023791     0.3430491762594422     -1.893425936319684
                 167000      1.902593804366368    0.02632420752876395     0.3736977135591767     -1.808163668921317
                 168000      1.977986516188083    0.02631352104430633     0.4937422892650393     -1.530003226565318
                 169000      2.497173970890386    0.02625606385980216      3.904847157956708      0.535771046758859
                 170000      1.821315698219672     0.0262511306116393     0.2255566087300263     -2.315819618239403
                 171000      1.920955430001647    0.02624129118799145     0.4602384677926329     -1.603020908078674
                 172000       1.70604158664512    0.02623817750937099     0.1416333954839295     -2.781642336947898
                 173000      2.690369944883475    0.02618944710726987      8.367152471442107      1.295325605340905
                 174000      2.469312166113528    0.02614052842806238       3.09845914950796     0.3000473004499581
                 175000      2.641756911932571    0.02608369646684305      7.253341526638288      1.148428163395302
                 176000       2.62342309434062    0.02602337596823164      5.826757053620591     0.9271112416482018
                 177000      2.617335214586765    0.02596408024850656      5.426672296036862     0.8536956009638577
                 178000       2.45881190961538      0.025921223652693      2.763641760378254     0.1772668053510507
                 179000      2.022830488835694    0.02591260190142994     0.4415898899015696     -1.656988830473688
                 180000      1.646649210530277     0.0259106984723581    0.09460465809338399      -3.19773717462384
                 181000      2.663422448013877    0.02586829022052524      8.799131146072057      1.333326323795458
                 182000      2.332312289220865    0.02585755308586388     0.5686409268744055     -1.406247918970928
                 183000      2.471496447141712    0.02581017021416575      3.392121422537637     0.3778795604064596
                 184000      2.493664847925558    0.02575864272295129      4.059324222649771      0.555442160435985
                 185000      2.720626989229608     0.0257034843810705      6.530809754342433      1.028812940378549
                 186000       2.63852420113398    0.02565270901956907      7.523455447065086      1.168330151978869
                 187000      2.588832497253323    0.02560425103065999      3.890067592317506     0.5068403647593117
                 188000      2.608316559644447    0.02555088192159144      5.228225957765445     0.8003992868286453
                 189000      2.520663417169096    0.02550165941231486      4.234821219588051     0.5877400750573688
                 190000      2.511505518206583    0.02545205066418314      4.437994416345856     0.6326543200872609
                 191000        2.5780860460041    0.02540561772596299      3.924767962757762     0.5079329893794704
                 192000      2.004512640447696    0.02539666544223007      0.530347709256861     -1.493949110962267
                 193000      2.034096629813115    0.02538879458692614     0.4642526371112943     -1.627363041927946
