#! FIELDS time e sigma_e height
#! SET action OPES_METAD_state
#! SET biasfactor       3.469395073212715
#! SET epsilon    0.007640039155174105
#! SET kernel_cutoff       3.122291642622147
#! SET compression_threshold                       1
#! SET zed      0.1426913444338124
#! SET sum_weights       242.5624938128985
#! SET sum_weights2       602.5819516580646
#! SET counter  194
                      0      2.660090873973196    0.03502503763818977      186.2070257064196
                      0      2.500959993929138    0.03335276732612965      63.99583302934297
                      0      2.714712282169497    0.03330123243200142      106.3980560101927
                      0       2.37721597773152    0.03418731679211851      7.211880878545902
                      0      2.452418222584054     0.0336360882637516      22.43975001662636
                      0      2.283470619784687    0.03536816541787732     0.6036611739618246
                      0      2.555799974235597    0.03430653839070233      52.12326154070121
                      0      2.037244940242542    0.03230738776537043       2.28064898409615
                      0      2.228323961853679    0.03424694467192264     0.7564556320141381
                      0      1.785431293217868    0.03469075947071779    0.05385156224205288
                      0      1.931845375263448     0.0309547861282874      2.347554307147806
                      0      1.900412427808803    0.02886817119158794       1.20685475294682
                      0      1.711816481206747    0.03169732809831685     0.5212378748422855
                      0       1.83575484455834    0.03177660232741503      1.247355077435157
                      0      2.115868959752809    0.03331854241052594    0.06432837466449676
                      0      1.602209605426037    0.03454942437427127     0.1353568365099876
                      0      2.176372959730013    0.03307645096600619     0.6424416025037325
                      0      1.992875151622232     0.0311301258591959      3.568468529011819
                      0      2.610442355758098    0.02905158809993445      33.87118899325866
                      0      2.333181305206375    0.02653470792616898      1.557560256284788
                      0      2.769365150863317    0.02663191066690259      2.049012549468132
                      0      1.646649210530277     0.0259106984723581    0.09460465809338399
