#! FIELDS time e sigma_e height
#! SET action OPES_METAD_state
#! SET biasfactor       1.927441707340398
#! SET epsilon     0.01821196306674905
#! SET kernel_cutoff       2.830433390657354
#! SET compression_threshold                       1
#! SET zed      0.1871531863124312
#! SET sum_weights       290.2044163751178
#! SET sum_weights2       436.7178087521085
#! SET counter  241
                      0      2.527874842425912    0.03270626045160872      106.2041510950458
                      0      2.688527610533288    0.03313869665979867      201.1320707950963
                      0      2.411361580476408    0.03645883647761461      18.77121416683228
                      0      2.274072675595215      0.029876778709399      3.375814841947809
                      0      2.640037320006486    0.02917977224415828        139.49507859361
                      0      2.469852949560741    0.03054511451003594      75.09875078540611
                      0      2.064499961290329    0.02795402469412706      5.632855193956209
                      0      2.731923957839341    0.02828019541757999      45.85582649907712
                      0      2.185479193372107    0.02593470115596739      1.376327107992813
                      0      1.857743865522756    0.02532839852414679      1.796510568096879
                      0      1.755253938952926    0.02697507325018906      1.215049541437562
                      0      1.576060986560878    0.02932870123596943     0.2977015673683162
                      0      2.576289976468827    0.02827683692206657      54.78381982136391
                      0      2.342291719221749    0.02653295169673394      3.729069628953945
                      0      1.939561838982948    0.02590586571165285      2.566533489680936
                      0      1.986866751350614    0.02411778779223013      1.509785634545466
                      0       2.77190906225491    0.02447057869665949      1.760009476217699
                      0      2.222513369066436     0.0241240179107476     0.5628280930135178
