#! FIELDS time e sigma_e height logweight
#! SET action OPES_METAD_kernels
#! SET biasfactor       5.011348439085033
#! SET epsilon    0.001910020759284688
#! SET kernel_cutoff       3.538542402811424
#! SET compression_threshold                       1
                   1000      2.728641350622427    0.06321896844457647   0.006322704301097473     -5.011348439085033
                   2000      1.684003464632108    0.06305404047490903   0.006339242349656035     -5.011348439085033
                   3000       2.47959999154235    0.06289061590264555   0.006355715204224208     -5.011348439085033
                   4000       2.55066497044674    0.05556885493371481     0.6667550629460846    -0.4820542034570905
                   5000      2.692160863799282    0.05347751690897391     0.2116608630244397     -1.667853229255396
                   6000      2.021960650443136    0.05340029654227404   0.007485255131102823     -5.011348439085033
                   7000      1.943974722678671    0.05306648945548244    0.03351630713379558     -3.518522095369062
                   8000      2.400485688505863    0.05164444488636388     0.1700825082085943     -1.921433542732568
                   9000      2.412276481560771    0.04875004504159499      1.143618990355955   -0.07344065375266058
                  10000      2.679824168004737    0.04656314316909944     0.8225210325471869    -0.4489164783336959
                  11000       2.75384810889929    0.04482550269845476     0.9149828356229549    -0.3804173008689167
                  12000      2.711042106771619    0.04487526346588566      2.444631149048293     0.6034364079366715
                  13000       2.61343298883541    0.04350582007038965      1.145962045470467    -0.1852053397471979
                  14000      2.454596778373476    0.04235978219390951        1.1303280676081    -0.2256372673840402
                  15000      2.147923912524808    0.04234355545585259    0.01052697009527426      -4.90234306060039
                  16000      2.318292481317548    0.04192516677489775     0.3125229256500147     -1.521535727002887
                  17000      2.510777658829712    0.04094969134298133      1.437997972467897   -0.01874844003219278
                  18000      2.695521934128585    0.04088407869392294      3.192038082102559     0.7770557610523068
                  19000      2.618097058520427    0.04004065338323459      1.938378332213975     0.2574024226310957
                  20000      2.553764356378062    0.03928990077346714       1.86368186271865     0.1991769730439818
                  21000      2.263926938066183    0.03917638141482931     0.1581230513119951     -2.270652255233467
                  22000      2.685191857807686    0.03907590257428297      3.918971064676751      0.936990548175513
                  23000      2.693577784237922    0.03903359842832322       4.72288076140072      1.122497155419733
                  24000      2.554991148972934    0.03841256065529145      2.068369243499256     0.2808004360070845
                  25000      2.704412787246971    0.03818600414922154      4.979185670658149      1.153390860444908
                  26000      2.656840541798077    0.03770570953181156      4.274829988830628     0.9882113001354942
                  27000      2.490842720426249    0.03732717475344697      1.416143106074613    -0.1266859013871182
                  28000      2.146114154680358    0.03732026319020139    0.02047268279749008     -4.363471961942851
                  29000      2.050994240387127    0.03731339329158041    0.02036586746229985     -4.368887173589227
                  30000      1.983583744362641    0.03730104764975052    0.03674212029922842     -3.779154638781705
                  31000      1.840091396886013    0.03729654688519862    0.01335602198014825     -4.791231727850832
                  32000      1.954432278825199    0.03727601473372705     0.0615176714486062     -3.264425283854693
                  33000      1.809684482096211    0.03726936750266406    0.01980966902953323     -4.397757945210799
                  34000      1.567071444413569    0.03726541815491755    0.01176127330478044     -4.919221860991462
                  35000      2.091801011536179    0.03725393831444236    0.03434927001351251     -3.847761408388701
                  36000      2.037922376167291    0.03723223727877204    0.06540524484699536     -3.204322410000299
                  37000      1.725660616783386    0.03722634330464084    0.01765126941863521      -4.51427547466808
                  38000      1.508168577129682    0.03722160077642658    0.01420385040734666     -4.731697499115283
                  39000      1.918521511124196    0.03719453264615265    0.08216325129441127     -2.977229925050068
                  40000      1.578901353983851    0.03718627294763317    0.02488378442718451     -4.171943791303147
                  41000      1.778362041386449      0.037173780284644    0.03776573214881436     -3.755094024948648
                  42000       1.71348575688065    0.03715960858379328    0.04294867796876105     -3.626871593328731
                  43000      1.853020883359251     0.0371381202954015    0.06551390777332473     -3.205193445366111
                  44000       1.81632796260263    0.03710510829093813     0.1016065570009716     -2.767237120813447
                  45000      1.920442388945563    0.03705286139368399     0.1633813548765644     -2.293667193172905
                  46000      2.076757887394998    0.03702279180885797    0.09338173006561967     -2.853870406848013
                  47000      1.838799372585276    0.03696440197253569     0.1852374276349514     -2.170506105678875
                  48000      2.053690763687161    0.03691495350381691      0.157163538327827       -2.3361962196287
                  49000      1.910535087524254    0.03683693755647113     0.2542285036965689     -1.857365278035009
                  50000      2.117115467357984     0.0367962991515968     0.1305677498999106     -2.524810319250319
                  51000      1.987895720915328    0.03673373624370636     0.2049559685035658     -2.075609096411012
                  52000      1.807343893330075    0.03665943350440812     0.2473771774558234     -1.889514845470555
                  53000      2.686470820490124    0.03692926236370837      7.371640650182557      1.512299985930379
                  54000      2.716364782933927    0.03675960481299561      6.815395041886164      1.429239014741206
                  55000      2.585357965055039    0.03637917515673993      2.304792416144198     0.3346425519452404
                  56000      2.663104810540212    0.03617468199994127      7.125728114465135      1.457726832091339
                  57000      2.625116845441989    0.03576053040889432       4.72530347366488      1.035432006550589
                  58000      2.354914403560119    0.03569059009481331     0.3970070497307802     -1.443258731903239
                  59000        2.6053527691369    0.03530605785380132      4.113408065542631     0.8839618955113713
                  60000      2.566520953455821    0.03497480129817988      3.086025526898475     0.5871673028072413
                  61000      2.250800728079592    0.03495597668203407     0.1180786526997405     -2.676659429781464
                  62000      2.386411746133007    0.03485899195219475     0.6546311773034786     -0.966716729609143
                  63000      2.423938672787602    0.03471839761729981      1.010197670289807    -0.5369288002083636
                  64000      2.439676631706398    0.03455220764112899      1.263221173168526    -0.3182081717042899
                  65000      2.662568933884137    0.03438014427697638      7.482795501778962      1.455741086612804
                  66000      2.727678556769873    0.03408400229090669      5.621200241642051      1.161028778189237
                  67000      2.415233484792406    0.03395143653672282      1.182529675460866    -0.4017574592108233
                  68000      2.510271441567494    0.03378043320253873       1.65926093823433   -0.06809054139482035
                  69000      2.525457650393401    0.03358015486260764      2.136558342287708      0.178786984309954
                  70000      2.180721505953646    0.03357423738626606    0.04942892697773182     -3.587804993622673
                  71000      2.142440268309648    0.03356289324749456    0.09535553772448721     -2.931066343906852
                  72000      2.018967749239056    0.03354400145096999     0.1602885216467707     -2.412266336475807
                  73000      1.697144425112232    0.03353891929633535    0.04262493803097609     -3.736953824882058
                  74000      1.578369919853045    0.03353528868167493    0.03042716764649551     -4.074165681413302
                  75000      1.635563576132285    0.03353170411748835     0.0300545747276523     -4.086593571765153
                  76000      1.741855516704404    0.03352151638955868    0.08603332862248479     -3.035177564961218
                  77000      2.106034505666794    0.03350241236437412     0.1630558996839484     -2.396389309227422
                  78000      1.492626368730984    0.03349991497764764    0.02100993442402054      -4.44556154668448
                  79000      2.073358150846123    0.03347455214934324     0.2185781803253666     -2.104170573145328
                  80000      2.085583402312716    0.03344303473026177     0.2744255156237845     -1.877576427106507
                  81000      1.915003520853214    0.03341557111580002     0.2391372359661746     -2.016040252587622
                  82000      2.021787116608719    0.03338627280667195     0.2566254728193084     -1.946337301725256
                  83000      1.626113549887749    0.03338126765190386    0.04289323006903585     -3.735390941068948
                  84000      1.743024512657217     0.0333674136549614     0.1199128794170282     -2.707754582285387
                  85000      1.867763973362259    0.03333979243249827      0.243140591956528     -2.001708345923756
                  86000      1.957305854342937    0.03330715313101473     0.2900741186497144     -1.826191186670894
                  87000      1.914650842307642    0.03326387649313505     0.3912159830646639     -1.528368029193491
                  88000      1.621090660085937     0.0332568907833499     0.0610163382857707     -3.386696184908721
                  89000      2.698496145843431    0.03314806414166912      8.218340525246443      1.513008061885179
                  90000      2.522363935718971    0.03295249268208867      2.534892371633733     0.3308735255004239
                  91000      1.681983629306431    0.03294385379239043    0.08425119722652985     -3.073492349458118
                  92000       1.98001783738367    0.03290831644027614     0.3581694648165595     -1.627368196228502
                  93000      2.141370483137586      0.032888088493959     0.2011816288546916     -2.204781174667358
                  94000      1.969877022853617    0.03284223452621193     0.4720899263453976     -1.353215026757948
                  95000      2.512534600160407    0.03264514393205634       2.79006958529208     0.4174180879016323
                  96000       2.43361942883933    0.03251036642498813      1.683187070768615   -0.09209649463101799
                  97000      2.724068475419803    0.03233590956667648      7.059651458474837      1.336229483557498
                  98000      2.646300858843972    0.03221589715765279      8.302580823433603      1.494681878098755
                  99000      2.627961373226928    0.03203782410618694      7.197918036457312       1.34636446848361
                 100000      2.635341577431798     0.0319004150652351      8.336654978760853      1.488936513165959
                 101000      2.353041547230561    0.03185579181133414       0.62780510493209     -1.098650853371246
                 102000      2.406924550298199    0.03175428823615298       1.59978329881808    -0.1664486016130776
                 103000       2.29444253212016    0.03173612970422966     0.2512729675263351     -2.018104202790334
                 104000      2.196138239325201    0.03172884095636937    0.09957751301563961     -2.943937398432815
                 105000      2.670522276654214    0.03168870675148908       10.3661963849513      1.700165965983767
                 106000      2.680713107196119    0.03164324453547019      10.83234519407367      1.742716704441477
                 107000       2.28253320242815    0.03162760396665448     0.2445062427125216      -2.04882871752414
                 108000      2.684839732593197    0.03157069332908515      11.16267457782404      1.770460287501148
                 109000      2.701316477972014    0.03147383400698921      10.77835175519345      1.732351627355792
                 110000       2.68423529221482     0.0314080349194534      11.93312534606384      1.832037362598489
                 111000      2.481720001012234    0.03131879019032062      1.912406638055831  -0.001763850405807434
                 112000      2.705929534842552    0.03120674808905569        11.072544688081      1.750758386872054
                 113000      2.443366588344267    0.03113172632706584      1.676781195061822    -0.1392411235866412
                 114000      2.544472595134891    0.03102190797221869      2.728872805884953     0.3442377337596534
                 115000      2.238214618129961    0.03101504251248172     0.1395353160982579     -2.629309780856953
                 116000      2.562426420182649    0.03089364050254102      3.226274878899078     0.5075339749401204
                 117000      2.520473766323772    0.03077703547380377      3.138690594669618     0.4762299530396272
                 118000      2.389564977767303    0.03072267589373974      1.260725309520526    -0.4376563539987032
                 119000      2.472089967588072    0.03063552239751303      2.215646143169411     0.1233597095691197
                 120000      2.454555757128619    0.03054998259272305       2.20438332691157     0.1154673530479211
                 121000      2.614547661079217    0.03039713513756727       6.14135179278607      1.135048682472063
                 122000       2.50746878392469      0.030288136440537      3.246481813589266     0.4939834281060713
                 123000       2.48309448316067    0.03018634406969658      3.025713020558549     0.4201918497537668
                 124000      2.516333223663963    0.03006971854725978      3.827199263004631     0.6513073475826672
                 125000      2.546668817259374    0.02995131000150147       4.07854345233029     0.7109684286984933
                 126000      2.707777177662659    0.02986189532634671      10.94711839959313      1.695314963405691
                 127000      2.630344478698294    0.02972843761536392      7.721529548239958      1.341771993369247
                 128000      2.782166958136906    0.02968072540967833      1.398838782841612    -0.3682042515772796
                 129000      2.025839359173436    0.02966983511732655     0.2947411954448163     -1.925871296428548
                 130000        1.7922703957885    0.02966423739654238     0.1500899696555413       -2.6009227370097
                 131000      1.733596173520038    0.02965996284996414     0.1144003303312696     -2.872597790572477
                 132000      2.080132566824399    0.02965033085930666     0.2608423797942526     -2.048710240930836
                 133000      2.020682849382965    0.02963732435765548      0.355317967549673     -1.740052244356155
                 134000      2.661057235144135    0.02954515627706266      10.83814410252111      1.674647025119613
                 135000      2.233329525206661    0.02954019845556554     0.1388824664731951      -2.68271983542772
                 136000      2.490528428925999    0.02944850183305404      3.364792525997673     0.5016647797699035
                 137000      2.428151773531979    0.02938851733241986      1.977751468004004   -0.03177995391435227
                 138000      2.445301036911609    0.02931710338144095      2.485860871562347     0.1944455433945924
                 139000      2.688507370019977    0.02925146966198671      12.02827057389642      1.768845015256633
                 140000      2.270271342786242    0.02924457580649594     0.2099801191524357     -2.279392871702692
                 141000      2.505930265539584    0.02915134046899363      3.851276356748455     0.6265609493233391
                 142000      2.688275604749462    0.02908686769873649      12.26230207654404      1.782471912481049
                 143000      2.553886771665415    0.02899885253682733      3.787495525569678     0.6046166887529903
                 144000      2.665019029951384     0.0289191852038923       11.5827288757437      1.719675759124352
                 145000      2.677932630874098    0.02885638030563702      12.71523960362855      1.810787803589545
                 146000      2.591102859688895    0.02876830477768631      4.257826555131476     0.7136885221009028
                 147000      2.546132548702499    0.02868388766677888       4.08853706331294     0.6701782173959545
                 148000      2.709730394071701    0.02859733776886883      11.12871231720128      1.668497530089965
                 149000      2.670962270687672    0.02853277215026302      12.80079786841508      1.806216266885956
                 150000      2.653003589201452    0.02844473341404936      11.11466297830391      1.661883689573592
                 151000      2.473082253438233    0.02838576707761083      2.847382835276714     0.2979435670537348
                 152000      1.786256049260198    0.02838237040378301      0.136886572392358     -2.737179005063146
                 153000      1.950746112770478    0.02837473947047844     0.3112175128617343     -1.916108481118484
                 154000      2.409279042902571    0.02833911602359405      1.586975493332454    -0.2882715209835754
                 155000      2.392707146429742    0.02830882871458181      1.333526623219823    -0.4633438081520031
                 156000      1.530497781485354    0.02830819237776072    0.02578916247320821     -4.408994250634131
                 157000      1.919166458887157    0.02830102595388357     0.2956261241616744     -1.970106222524735
                 158000      1.713468863806286    0.02829866261029963     0.0963406242480206     -3.091395214442383
                 159000      2.668496979535145     0.0282325065975354      12.75449365354879      1.792013121005833
                 160000      2.546454637889357    0.02816275484466527      3.845754557530157     0.5906256201088318
                 161000      2.521099653665604    0.02809126663805588      4.069384528804213     0.6446059366072175
                 162000      2.619153747137714    0.02799983940416585      6.847992071160786      1.161809693377091
                 163000      2.692578954346803    0.02793870479500737      13.02316460835119      1.802398098599143
                 164000       2.51626056193816    0.02787077287318163      4.116517822066969     0.6482416274229401
                 165000      2.455259509712167    0.02782422803425606      2.529033709016171     0.1593998875411697
                 166000      2.585767331922865    0.02775619586451654      4.268240260747547     0.6803161528213836
                 167000      2.455882611593568    0.02771002182116796      2.572738316662944     0.1724204086734341
                 168000       2.34875629068733     0.0276999194073328     0.4919256536174156     -1.482342742957495
                 169000      2.570569193998021     0.0276370070162073      3.934553433357983      0.594608535931015
                 170000      2.521638009135571    0.02757179479910367      4.231565704633622     0.6650208279198786
                 171000      2.214024056235743    0.02756976094913574    0.09916522369963406     -3.088592901610332
                 172000       1.66368224031112    0.02756862331292741    0.05533313098379959     -3.672049708895575
                 173000      1.632380426056289    0.02756757529324372    0.05096975013519135     -3.754227245178752
                 174000      1.937073803459082     0.0275611375633907     0.3185249335628156     -1.921992363735793
                 175000      1.723267346861261    0.02755894654293286     0.1070698210411435     -3.012291465171393
                 176000      2.154459118572808    0.02755670109095129     0.1097881519388923     -2.987301483976213
                 177000      1.692013418873571    0.02755480848180854    0.09246902818295759     -3.159049026294636
                 178000      1.944399765446795    0.02754773863830592     0.3512782353051543     -1.824600788440751
                 179000      1.583739711279061    0.02754692533904265    0.03966235235344805      -4.00580648044257
                 180000      1.610294389887045    0.02754581361993571     0.0542727587162403     -3.692226852915691
                 181000      1.695694478432906    0.02754361323132436     0.1078045802112127     -3.006009011498172
                 182000      2.546943031698523    0.02747805626204343      4.390441863531986     0.6984730441152416
                 183000      2.288347682658241    0.02747408726247309     0.1981889712982058     -2.399635586082546
                 184000      2.481057240473176    0.02742007011938942      3.378530113103032     0.4343714062720007
                 185000      2.454171419288992      0.027374138968743      2.770595697709884     0.2343165226267626
                 186000      2.426342686398029    0.02733686312248491      2.169708521248588   -0.01151563681103464
                 187000      2.068012700832069     0.0273325026003476     0.2238195315756061     -2.283183211214574
                 188000      2.256025283401308     0.0273290282857549     0.1779371196504729     -2.512720169263138
                 189000       2.39684092631334    0.02730200754609672       1.51364358304655    -0.3728646130507915
                 190000      2.547375700681694    0.02723817447360498      4.541133882534087     0.7234516351581165
                 191000      2.343049985421571    0.02722906637208191     0.4845160756066659     -1.514664211278824
                 192000      2.394401913637977    0.02720198261542143      1.550734309895988     -0.352326134235827
                 193000      2.320856191676548    0.02719542112461023     0.3481508515570929     -1.846415355745784
                 194000       2.66388916285401    0.02713198662701544      11.63782503623347      1.660629360262468
                 195000      2.673065422189679    0.02707587318724946      12.52139883917376      1.731737568627493
                 196000      2.542479305695968    0.02701520955321608      4.626534183224022     0.7338634932153838
                 197000      2.627058835499566    0.02694153926567918      7.503732823201791      1.214725350424614
                 198000      2.382930848211646    0.02692027350509713      1.302224314769841    -0.5373910838587762
                 199000      2.501800933209175    0.02686583056942421      4.118273005491412     0.6119445799526535
                 200000      2.416370014774897    0.02683316986991538      2.152046026115066   -0.03828672861787894
                 201000      2.510214360191586    0.02677591354087983       4.57990651711781     0.7148367595116514
                 202000      2.273486753112929    0.02677222072195029     0.2176643853418792     -2.331780671757418
                 203000       2.47477408526365     0.0267246471962306      3.541928605132314      0.455913075841997
                 204000      2.589003293272863    0.02666890151078068      4.548026441131033     0.7038469765908579
                 205000      2.535446094676668    0.02661019549754822      5.070411464325647     0.8103718404922465
                 206000      2.440959730735236    0.02657221779411348      2.753751784466293      0.198485931071081
                 207000      2.717220431599191    0.02650514993777393      8.821408745557662      1.360176068146622
                 208000      2.542526021586814    0.02644831389696177      5.116992484379335     0.8134147083101715
                 209000      2.686195615342628    0.02639957780297045      12.51636124997018      1.706040143933579
                 210000      2.245497052635929    0.02639684346995306     0.1765478749459948     -2.555263317986867
                 211000      2.229343986672681    0.02639443619568301     0.1552984795986672     -2.683597663411999
                 212000      2.177623629835156    0.02639295140044234    0.09547200790115734     -3.170169765569654
                 213000      2.125067362095642    0.02639059999109851     0.1517625929481444     -2.706774544072133
                 214000      1.968557650333526    0.02638562181835468     0.3249215505720466     -1.945696837171378
                 215000      1.595643430144507    0.02638481393455151    0.05188552976367006     -3.780271284963341
                 216000      2.656582749645231    0.02632710617118173      11.12000363214725      1.585000114554549
                 217000      2.425234333939383    0.02629546942314358      2.425665984079759    0.06115821613756304
                 218000      2.394681405865724    0.02627133161759677      1.780349456083015    -0.2490566014634566
                 219000      2.347662540484259     0.0262619329110833     0.6462702159716288     -1.262761661070053
                 220000      2.181350940857305    0.02626034143061946     0.1059671066390549     -3.070911239257894
                 221000      2.703804598172601    0.02620405047495861      11.12977596767694      1.581193471271298
                 222000      2.412821558260061    0.02617436295726179      2.334152161999941    0.01808458180515919
                 223000      2.622199225784346    0.02611468828328384      6.941501325624905      1.105671443749329
                 224000      2.497620462050261    0.02606859406587323      4.277492705429395     0.6197537565212992
                 225000      2.555084535773526    0.02601997429690743      4.727622954985032     0.7179424527113759
                 226000      2.591054222786889    0.02597178041086442      4.741383860765755     0.7189950643920322
                 227000      2.423288138670979    0.02594098827693631      2.592557164919618     0.1141244255037289
                 228000      2.722610815716452    0.02588267037112925      8.118006966386485      1.253313761454941
                 229000      2.598494124654969    0.02583344556794193       5.19358060926862     0.8047487947743311
                 230000      2.452802736904986    0.02579902851937628      3.105481968356396     0.2891612013515282
                 231000      2.277843956207255    0.02579599039426106      0.227221039009565     -2.325957488595114
                 232000      2.298974162941516    0.02579236383593057     0.2721311844779914     -2.145737122533851
                 233000      2.471599156760436    0.02575397181291218      3.636017411499815     0.4451332630998011
                 234000      2.291171390971715    0.02575026455545679     0.2806802974247695     -2.116438650107557
                 235000      2.428273217100303    0.02571843384096296       2.87114084964239     0.2075729020123332
                 236000      2.349886317731011    0.02570952384873916     0.6972962411891023     -1.208027996487526
                 237000      2.555492344989122    0.02566364086298555       4.89666298891793     0.7392846260044691
                 238000      2.688021997818673    0.02562151454253831      12.44419923165594      1.670342437298702
                 239000       2.37847087010048    0.02560418819829463      1.469133158327054    -0.4669160839786842
                 240000      2.577737261235381    0.02555990022411562      4.843575823232346     0.7243334180831283
                 241000      2.618292890516273    0.02550842840248372      6.800635485899555      1.061680422542612
                 242000      2.733184506654414     0.0254584153656682      6.482971708338405      1.011880791022267
                 243000       2.42267646859819    0.02543084369051895      2.627671171955206     0.1077161616051553
                 244000      2.211358296218042    0.02542936684870295     0.1199187185687959     -2.979380991869653
                 245000      2.688410350489901    0.02538535106550837      11.74098814665048      1.602913695804023
                 246000      2.756561495811827    0.02535725479361825      2.764331775845899     0.1555192454028827
                 247000      2.809967122418579    0.02535528144261754     0.1644731882178901     -2.666365224571059
                 248000      2.455013346544194     0.0253239268482486      3.204905623642461     0.3020877551598972
                 249000      2.509736842828354    0.02528422441348447      4.526086683013983     0.6456937973224454
                 250000      2.667265093568008    0.02524029137176616      11.46266245186287      1.573192029377723
                 251000      2.783034883190507    0.02523088302285871     0.8444338270690679     -1.035364704587997
                 252000      2.639622889542181    0.02518143236468975      8.695471662302799      1.294564741359929
                 253000      1.662212969749495     0.0251806606520071    0.06706260515336747     -3.570396987379328
                 254000      1.708749593348162     0.0251795016476031     0.1009384856022429     -3.161558326530547
                 255000      2.706777110430201    0.02513340968554182      10.58430368506862      1.489225581251118
                 256000      2.490763135179523    0.02509853559611592      4.029771361661115     0.5221745796994298
                 257000      2.501377789918386    0.02506152850875125      4.455661611476906     0.6211649391179328
                 258000      2.421073373949961    0.02503630725931759      2.679759261729245     0.1117094622401076
                 259000      2.261679930918357    0.02503382642074278     0.2257082486921066     -2.362628643755629
                 260000      1.733019742061948    0.02503264357001197     0.1068947908101725      -3.11007403799138
                 261000      2.262027915748019    0.02502998076113254     0.2426749397036453     -2.290302653260387
                 262000      1.941429355852627    0.02502675734105328     0.2948422902059578     -2.095713691135895
                 263000      2.085007223773487    0.02502484936994748     0.1733395929885125     -2.626977899553431
                 264000       1.97104694309701    0.02502158094529332     0.2993201785879698     -2.080847319042171
                 265000      2.347200035452282    0.02501471596090766     0.6424927812383455     -1.317279969799821
                 266000      2.353871636898017    0.02500630724068431     0.7955446790003979     -1.103944747650871
                 267000      2.228724936434766    0.02500442491359132     0.1716373160436585     -2.637663412579565
                 268000       2.20597519137158      0.025002944794781     0.1347074454106882     -2.880000875571498
                 269000      2.696238622873282     0.0249629124940926       11.8171748990149      1.592600634108662
                 270000      2.600149221366084    0.02492387067932757      5.146637871480904     0.7598251048395276
                 271000      2.611789529783987    0.02488196998979998      6.007887991012809     0.9128721531499302
                 272000      2.597952478619247    0.02484288842457058        5.3342871223601     0.7923822222904743
                 273000      2.628965297657638    0.02479824863778328      7.698611646752539      1.157468475997016
                 274000      2.505282433005718    0.02476316537859889      4.597423164395523     0.6405086847359832
                 275000      2.637251742123829    0.02471892822333828      8.667066155426568      1.272755055914338
                 276000       2.44341084043327     0.0246928230823529      3.117610503998422     0.2492349200171777
                 277000      2.316309787798811    0.02468914954127265      0.367752061412438     -1.888327018975232
                 278000      2.608903077817272     0.0246486814075085      6.315241656314181     0.9533448663432289
                 279000      2.414187875207853    0.02462644809492548      2.600938563442175    0.06534879481933882
                 280000      2.353916341341844    0.02461862909404007     0.8168316331745562     -1.093163410335368
                 281000      2.559530403408383    0.02458453948025853       4.69969830158277      0.655271522232947
                 282000      2.481911982367623    0.02455395492955765      4.029505945801564      0.500172150320121
                 283000      2.619950428139591    0.02451274688473294      7.328388427573374      1.096604332952063
                 284000      2.634591253076636    0.02447113414891922      8.759267997523636      1.273262002234644
                 285000      2.699118085451959    0.02443384343574099      11.23955910765662      1.521064253498683
                 286000      2.563421901989819    0.02440113303865203      4.755873375683953     0.6596653593630949
                 287000      2.462606250136431    0.02437428167995024      3.594606487658962      0.378618508855982
                 288000       2.48083104821518    0.02434484798044948      4.127119207936847     0.5155553182504327
                 289000      2.532897955111532    0.02431114417370142      5.178357842902551     0.7410782782328045
                 290000      1.925135784231768    0.02430861465357478      0.276784495429702     -2.188029832635977
                 291000      1.528142259283751    0.02430836974246875    0.02641224308355938     -4.537451460497871
                 292000      2.658193175688899    0.02427167949725027       10.9332741613402      1.486776470302915
                 293000      2.713097110455232    0.02423289835594161      9.569976113522268      1.351997293426742
                 294000      2.672508772060896    0.02420024170294705       12.1330399562438       1.58795036486755
                 295000      2.533736506689378    0.02416792773199876      5.181447822800115     0.7357664113116441
                 296000      2.699708364848211     0.0241339324502963      11.61479850842704      1.541554292022707
                 297000      2.661332842452526    0.02409992809855437      11.56781483698882      1.536090953611518
                 298000      2.647272250625524    0.02406344792194398      10.31164627123592      1.419623405623001
                 299000      2.707230698999219    0.02402811566242131      10.82841556449041      1.467053818114708
                 300000      2.496535543097076    0.02400009557964191      4.476998942655528     0.5826661936892524
                 301000      2.694080651878193     0.0239695030345067      12.45826001032789      1.604821610764487
                 302000      2.280149422809254    0.02396740425139856     0.2580737773414481     -2.272159587447063
                 303000       2.70281281352708    0.02393474609650123      11.74441197739498      1.544364203599474
                 304000      2.713167355652832    0.02389954597828431      10.33674607905752      1.415220026816983
                 305000      2.677799248386732     0.0238715136176436      13.14168123790873      1.654130239957928
                 306000      2.650163985880077    0.02383723474198953      10.70357258330116      1.447481852911268
                 307000      2.581594190273106    0.02380999615970068      4.713699238361845     0.6262339376758104
                 308000      2.552448042513909    0.02378269890028977      4.777039813132472     0.6384348858569854
                 309000      2.618039271738564    0.02374926117776401      7.251947940510038       1.05447697369785
                 310000      2.699714294782704    0.02371965082281655       12.4264451785513      1.591786168383194
                 311000      2.524185738731537    0.02369220340186871      5.020618487307247     0.6843545921685179
                 312000      2.609412843905839    0.02366081684500748      6.547890312354387     0.9486187280833662
                 313000      2.525902705476623    0.02363336029725143      5.144097598925305     0.7061646836824791
                 314000      2.591091949893564    0.02360529102168953      5.402150185329877     0.7539233773007584
                 315000      2.723724895546694    0.02357218216213213      8.491236665551975      1.204757383773805
                 316000      1.870318190147475    0.02357137975275332     0.1102893924832767     -3.138958835510814
                 317000      1.811898095294363    0.02357069471202889    0.09408569997456946     -3.297889581493286
                 318000      1.954716235050493    0.02356869676423992     0.2773081341676147     -2.217051132277251
                 319000      1.765746364886071    0.02356805353868001    0.08835977059982135     -3.360790927469029
                 320000      1.798032171922481    0.02356731335608588      0.101768297404097     -3.219540481270965
                 321000      1.703255063062462    0.02356661960136205    0.09536394301594038     -3.284568002881975
                 322000      2.793120064414094    0.02356344045891456     0.4458866051582065     -1.742338792247613
                 323000      2.697727729912551    0.02353528923764618      12.50688968769467      1.590436069719322
                 324000      2.625918797355844    0.02350311416969013       7.99393302516766       1.14147125012384
                 325000      2.726684594128528    0.02347122489805689      7.971508139408307      1.137304338154357
                 326000      2.175135186736846      0.023470562020945    0.09391924580064383     -3.303917559457409
                 327000      2.235176443040384    0.02346936629888295     0.1701645793433171     -2.709637749664932
                 328000      2.281257966337833    0.02346759950037291     0.2526677681679345     -2.314403659593615
                 329000      2.282312413750962    0.02346574145404983     0.2660090348605217     -2.263028020313677
                 330000      2.537377006709713    0.02343993702447894      5.064571669866065     0.6823662832785957
                 331000      2.516217565137632    0.02341451117336146      4.994560930032939     0.6673609098922723
                 332000      2.462503378216423     0.0233954767324561      3.338384353836732     0.2636851029835839
                 333000      2.379015145654765    0.02338733752210702      1.254909580013635    -0.7150862956665619
                 334000      2.232391805280695    0.02338612126123579     0.1764042710969762     -2.677178747445737
                 335000      2.244545970696298     0.0233846423723034     0.2150151002756923     -2.479312083679644
                 336000      2.650738352274541    0.02335412940435985      10.62641123577692      1.419771782590634
                 337000      2.189622735882105    0.02335337277025645     0.1105413021482452     -3.145969197179508
                 338000      2.278875395186563    0.02335149490246409     0.2769778003072361       -2.2275014779393
                 339000       2.17339747946915    0.02335077867025621     0.1046577717132372     -3.200773799885439
                 340000      2.142019396745499    0.02335003842944143     0.1082025164463226     -3.167496587788535
                 341000      2.119120024071167    0.02334916822154004     0.1273553057804091     -3.004557616390819
                 342000      2.132492829065393    0.02334830595374174     0.1262064117887617     -3.013656654498623
                 343000      1.636458175752667    0.02334795174469781    0.05163620536431145     -3.907367499859774
                 344000        1.5418991147152    0.02334775094581102     0.0292375700455395     -4.476144653314994
                 345000      1.802305258986186    0.02334704065721172     0.1038599215482122     -3.208586520515562
                 346000       2.09780229656788    0.02334601861855349     0.1498522895105094     -2.842023308140976
                 347000      1.931768392397832    0.02334416519272437     0.2737135585291825     -2.239670620254189
                 348000      1.760698734019491    0.02334349569146354    0.09793153581389366     -3.267512832622285
                 349000      2.067501303584688    0.02334239081927291     0.1622221473901296     -2.762862109103391
                 350000      2.070202063926249    0.02334122556037413     0.1712118536665209     -2.708977006693852
                 351000      2.185858467909464    0.02334039168566471     0.1222115517102747     -3.046160859302584
                 352000      1.978442253538177    0.02333862488873749     0.2610185219944158       -2.2873987622874
                 353000      1.548694725088835    0.02333839920701901    0.03292697353581148     -4.357707616338919
                 354000      1.636927119100535    0.02333801879775494    0.05557460065962132     -3.834289828151078
                 355000      2.161853709815192    0.02333717912896795     0.1231438894949503     -3.038698576648463
                 356000      2.655208237734822    0.02330785904043103      11.24372216184191      1.474255982185203
                 357000      2.568094821801459    0.02328429878476758      4.685093754405608     0.5978206264003242
                 358000      2.485092557908878    0.02326310852221198      4.044540776788013     0.4498922337979687
                 359000      2.261990023625456    0.02326134494527975     0.2662864281204848     -2.270734346649729
                 360000      2.386287551711535     0.0232522728011902      1.470318746434165    -0.5624624684820924
                 361000      2.270312908305892    0.02325034931805677     0.2914846273161266     -2.180792416931099
                 362000      2.474280574187832    0.02323028180765847      3.791410613808788     0.3838502591461419
                 363000      2.338440389931495    0.02322688484836419     0.5241923610425042     -1.594930685603905
                 364000      2.511167270090511    0.02320288275300007      4.969287813237815     0.6532084980310566
                 365000      2.669003252828948     0.0231771344795051      12.52701779176362      1.576709382798489
                 366000      2.464670799691773    0.02315829594836845      3.582720347537249     0.3241308958854522
                 367000      1.835448851085088    0.02315763070679703     0.1024089659929868     -3.230801227523123
                 368000      2.404260308208094    0.02314610104925935      1.983551037550223    -0.2676295253750646
                 369000      2.677163767305947    0.02312207731108471      13.08544952055756      1.617944215916161
                 370000      2.007211213593381    0.02312071915296313     0.2132869026471376     -2.498732472495642
                 371000      1.707634388763897    0.02312009480124537    0.09744231884773841      -3.28213709563169
                 372000      2.657710541736905    0.02309314427546199      11.79599245368037      1.512951077861696
                 373000      2.008873046334921    0.02309176669832133     0.2187639530647537     -2.474630398552886
                 374000      2.026264947782169    0.02309051628842512     0.1983974446501114     -2.572405543279876
                 375000      1.929241031266801    0.02308880721440321     0.2723629814424799     -2.255616210022932
                 376000      1.979012910147341     0.0230870222224213     0.2847552770690485     -2.211199055659525
                 377000      2.024796572218666      0.023085656972187     0.2170473648123414     -2.482772726068633
                 378000      1.476661556702889    0.02308552287742013    0.02109303418231108     -4.813951282971601
                 379000      1.785743735097922    0.02308482878301516     0.1097213579526685     -3.164980159558621
                 380000      2.122291416420649      0.023083875704781     0.1510283075843543     -2.845498202153778
                 381000      2.018505524700506    0.02308230852767689     0.2497606072033131     -2.342530493792021
                 382000      1.925882018384992    0.02308051868296753     0.2859141697882171     -2.207419266407828
                 383000      1.813844644974146    0.02307974754089838      0.122105016095297     -3.058262875925723
                 384000      1.962258351635281    0.02307768588763549      0.330323255583211     -2.063161932049259
                 385000      1.694507672279828    0.02307707033542488    0.09738892914904619     -3.284547802407408
                 386000      2.111717899288362    0.02307602143796536     0.1666109960568813     -2.747644065497325
                 387000      1.916160352796791     0.0230742939059139     0.2761515631277718     -2.242430804482629
                 388000      1.933422456156967    0.02307215811869335     0.3428111692841729     -2.026293458151024
                 389000      1.896314283918531    0.02307084503302951     0.2092760075548734     -2.519876149566358
                 390000      1.703437786642358    0.02307015871809543     0.1087999147194015     -3.174049338601647
                 391000      1.970948891651044    0.02306798393385081     0.3494875429959244     -2.007186243239623
                 392000      1.891807822335992    0.02306671505335571     0.2023186519003007     -2.553865230427896
                 393000      2.115776165045528    0.02306562591039349     0.1734233254747517     -2.708020814149751
                 394000      2.269810651462116     0.0230637198076656     0.3058327558864537     -2.140800626263752
                 395000      1.900823137106475    0.02306214324441376     0.2522942007227585     -2.333311518858279
                 396000      2.065946970370419    0.02306092704650498     0.1940524155087966     -2.595831820069571
                 397000      2.495642664756988    0.02303888355940866      4.692348755395058     0.5887720736318915
                 398000      2.350096653508467    0.02303458834358889     0.7094655831074761     -1.300590927120037
                 399000      2.386440695628308    0.02302553631167059      1.574830563400859    -0.5035930000738216
                 400000      2.208499605882359    0.02302458136079426     0.1532577135581842       -2.8334165344509
                 401000      2.215202835020634    0.02302349654174226      0.174337965369298     -2.704588812930564
                 402000      2.231113066369521    0.02302211787215239     0.2222039958238683      -2.46204858069611
                 403000      2.648974645581399    0.02299504316555663      11.29562949157337      1.465349996185446
                 404000      2.382277690975699     0.0229865164407575       1.49461215553533    -0.5575700144561169
                 405000      2.606538636647103    0.02296040053391117      6.593994366253854     0.9255857442084329
                 406000      2.552506363305141    0.02293806130980886      4.995407925758005     0.6469721101499757
                 407000      2.695820825493167    0.02291471377064915      12.93869917774397      1.597657421541803
                 408000      2.201337509268182    0.02291372125904954     0.1650720270046849     -2.763982022512415
                 409000      2.255324391355438    0.02291197180722068     0.2931053770134711     -2.189908088038516
                 410000      1.657805091082092    0.02291154249561918    0.07106979383610382     -3.606796612541331
                 411000      1.889808455511288    0.02291026478286028     0.2132096668560667      -2.50823875429208
                 412000      1.442294746811289    0.02291015283001722    0.01848560681012149     -4.953527254860734
                 413000      2.507650244828348    0.02288754457138593      5.223405283294286     0.6893978375146153
                 414000      2.695518455280812    0.02286579596169909      13.48722469043514      1.637040523814582
                 415000      2.577521389538076    0.02284396893983726      5.048889842587641     0.6535109648851223
                 416000      2.770415876107515    0.02283601549300213      1.456404519190615    -0.5900349053723459
                 417000      2.693471454139462    0.02281528849248618      13.80441006342212       1.65807440786235
                 418000      2.715395524762397     0.0227888213353209      10.73488391672338      1.405424178934522
                 419000      2.440363921905733    0.02277458882919694      2.910379250104766    0.09958422634630834
                 420000      2.687306309459536    0.02275471322520423      14.08108849781607      1.675260392276697
                 421000      2.696658110582355    0.02273357737659095      13.65682335096038      1.643737724866467
                 422000      2.475736905931576    0.02271545411593933      4.098950224336456     0.4394318267673155
                 423000       2.49812691096396    0.02269510509191527        4.8858601480526     0.6141500537275247
                 424000        2.6188691115665     0.0226696649984048        7.7202581642116      1.070530929316744
                 425000      2.513474807680281    0.02264840932524237      5.340385640499875     0.7010429264613199
                 426000      2.708513826155322    0.02262461434873396      12.11197420799961      1.518888449093195
                 427000      2.641882401567777    0.02259912719472953      10.43632545692503      1.368859276379973
                 428000      2.163333390380015    0.02259838610873718      0.136954914994719     -2.964569564556597
                 429000      1.891306129366664    0.02259715950619695     0.2278331923954339     -2.455661879496769
                 430000      2.265061267035985    0.02259543006690367     0.3229809687034416     -2.106758763738123
                 431000      2.542562780811878    0.02257435977644193      5.462104918990348      0.720304408594364
                 432000      2.452114981982922    0.02255916455269114      3.436327580186197     0.2562001687168955
                 433000      2.206190184154283    0.02255817969313344     0.1841775024763059     -2.670102125222498
                 434000      2.539587650843957    0.02253693159432276      5.630255634791055     0.7489656524939472
                 435000      2.574943877299339    0.02251704733945243      5.086818465224939     0.6465806988259787
                 436000      1.954179676853349     0.0225150996103409     0.3717804505636177     -1.969610169896174
                 437000      2.232047789606491     0.0225137684616698     0.2525362353091881     -2.356418042923517
                 438000      2.196881270882554    0.02251280376719136     0.1823664711690113     -2.681997397127529
                 439000      1.838895843823292    0.02251218968295646     0.1156902856309621      -3.13712624603623
                 440000      1.440334037571585    0.02251208180222051    0.02022212908962782     -4.881270202850538
                 441000      1.777202053083362    0.02251147833077984     0.1136950967878454      -3.15455423833131
                 442000      1.980561990819264    0.02250963754549271     0.3513702196561283     -2.026315863892278
                 443000      2.163392906563228     0.0225088281184379     0.1528974119655936     -2.858425061656527
                 444000      1.661659129882796    0.02250840621329184    0.07939240880608636      -3.51380823558266
                 445000      1.770370695571047    0.02250778756204573      0.116660182663235     -3.128973190910142
                 446000      1.996588829931311    0.02250603859679728     0.3337710637892958     -2.077860865721771
                 447000      2.666508796034224    0.02248636004969932      13.77496290222267      1.641417005061032
                 448000      2.724305284960652    0.02246152017562986      9.221667321068509      1.239014927131114
                 449000      2.523849516201004    0.02244051319364455      5.797726013363937     0.7739891617756478
                 450000      2.446217588332591    0.02242645314293776      3.266080347411544     0.1994872391670322
                 451000      2.652244668788412    0.02240405080799793      12.21137227622729      1.517264891274928
                 452000      2.276721093369514    0.02240234617473453     0.3369984499492898     -2.072855817099803
                 453000       2.67417910932063    0.02238487871364598      14.54319304246402      1.691164163275366
                 454000      2.711616279246756    0.02236230660910843      12.00934381931791      1.498717236981654
                 455000      2.181855960693692    0.02236146880760285     0.1672589639418293     -2.775217212368008
                 456000       2.31614049305065     0.0223596712140161     0.3627225266274519     -2.001202744714448
                 457000      2.581028631358126    0.02234086002735578      5.092515638290351     0.6398446678353303
                 458000      2.543833664931851    0.02232107507058947      5.574500610496061     0.7293894771174261
                 459000      2.561885390347615    0.02230210607675526       5.24194151172608     0.6670285019016133
                 460000      2.546666628399588    0.02228218467052119      5.738896360935213     0.7567098234905828
                 461000      2.458428080750199    0.02226759580131452      3.648109849356344     0.3029971403583941
                 462000      2.529796439850445    0.02224730336034921      6.028879519863185     0.8044374176288909
                 463000      2.656546571701623    0.02222654729806926      12.70412813166995      1.548869826850297
                 464000      2.714490831384398    0.02220414416663626      11.32479329139275      1.432928802194351
                 465000      2.344623210992604    0.02220089192728967     0.6990446801027969     -1.352252716004509
                 466000      2.520460603894255    0.02217992806699942      6.704449771785101     0.9076146275406102
                 467000      2.679129602478904    0.02217061804963385      17.00943659261474      1.838191622495697
                 468000      2.646344130732667    0.02215058874898429      13.05227018799084      1.572481593410249
                 469000      2.655306849568109     0.0221336279406075      14.58479121237463      1.682732804060717
                 470000      2.788312042128165    0.02213063675215844     0.6636621013362071     -1.407363777877621
                 471000      2.184202785425005    0.02212974730323807     0.1925808696681699     -2.644660938266601
                 472000      2.530883266041496    0.02210914832842346      6.830990567396279     0.9231166070559058
                 473000       2.29537368211733     0.0221074650623585     0.3699645484413545     -1.992777318065819
                 474000      2.592561642808413    0.02208783566038463      6.266151475671718     0.8358448386157199
                 475000      2.518186197878637    0.02206759923751353      6.733351722168821     0.9068389194289911
                 476000      2.667503617287548    0.02205522559091253      16.22839138520407      1.785967262792092
                 477000      2.509078420330126    0.02203565836264538      6.438137386177847     0.8605566862006996
                 478000      2.320933686362401    0.02203362660679933      0.460160908443158     -1.777953843378106
                 479000       2.23647591579471     0.0220323365161166     0.2896917139080178      -2.24077132331748
                 480000      2.519918128816176    0.02201210116410741      6.998229817848031     0.9429050267369431
                 481000      2.306732770384012    0.02201028522632714     0.4127650510588314     -1.887711439356659
                 482000      2.559299459975769    0.02199099107374728      6.410485022845461     0.8542232452822782
                 483000      2.036269935476715    0.02198992764775199      0.240836706864834     -2.427396187913462
                 484000      2.265351558432107    0.02198816747047175     0.4021194135666322     -1.914846281604218
                 485000      2.282619970650203    0.02198625578657447     0.4377156826399128      -1.83011274683947
                 486000      2.610498766792794    0.02196494165781055      8.418350217872767      1.125516931995352
                 487000      2.655696065357509    0.02195092481011119      15.59370862576577      1.741332248681392
                 488000       2.65305711252882    0.02193618255650761      15.36545970868997      1.725914997143155
                 489000      2.613252854338473    0.02191489450079348      9.063003750884985      1.197022562559473
                 490000      2.562578642640257    0.02189608776098204      6.484690750248679     0.8614075472908584
                 491000      2.325424585284614    0.02189381404514382     0.5425716414492127     -1.619575573307601
                 492000       2.37127915183842    0.02188865384127836      1.281827353231148    -0.7600894695305174
                 493000      2.520915994719601    0.02186873377045069      7.478509386491955       1.00274686502395
                 494000       2.05134129822753    0.02186778921783489     0.2232407906761942     -2.508834131323194
                 495000      1.751989250697963    0.02186729216338028      0.116855292781613     -3.156171473818866
                 496000      2.382967447701668    0.02186097149765163      1.609885925445487    -0.5334783159400657
                 497000      2.631250428050695    0.02184077950944633      11.80159664564398      1.457669111113199
                 498000      1.973441132840318    0.02183914233432013      0.394010745671955     -1.942017779300125
                 499000      1.485869058635335      0.021839032328147    0.02598447219248072     -4.660901862381964
                 500000      1.853233153479473    0.02183847686381496     0.1319248218563464     -3.036194204476893
                 501000      2.070728984381745    0.02183753703869952     0.2243049169226864     -2.505463107165331
                 502000      1.536216394999619    0.02183738793400627    0.03524835190512125     -4.356057523870875
                 503000      1.683716899205202     0.0218369294205464     0.1088062188765589     -3.228928802928922
                 504000      2.079882673976506     0.0218359762295296     0.2276069849664255     -2.490920554435776
                 505000      1.739887592481619    0.02183545204820475     0.1245265301237828      -3.09404616499615
                 506000      1.790585280677734    0.02183486091601923     0.1405629802558068     -2.972936377674798
                 507000      1.615212884667273    0.02183462132167833    0.05673401073364462     -3.880229129662621
                 508000      2.566166953718964    0.02181615230078901       6.53739056540241     0.8658441541809014
                 509000      1.814613989755058    0.02181553974471223     0.1464358747247737     -2.932889675584629
                 510000      1.638788087991895    0.02181523275449962    0.07312103243695305     -3.627375318407448
                 511000      1.934441878924105    0.02181354853670166     0.4082110659457122     -1.907784212810961
                 512000      1.793605316973186    0.02181289944599039     0.1553252528583583      -2.87407700481983
                 513000      1.507321370267264    0.02181276004337119    0.03315404020513968     -4.418440133873179
                 514000      1.577853369358195    0.02181257503550444    0.04402612647681167     -4.134829959961926
                 515000      1.990501017543601     0.0218109391206956     0.3964813696062593     -1.937059149889339
                 516000      1.607172474126499    0.02181068287414272    0.06105525018797745      -3.80792075631719
                 517000      1.839890629114771    0.02181008046895958     0.1441565912313561     -2.948827423604254
                 518000      1.745764186615715    0.02180951015442046     0.1364400067424345      -3.00386871395374
                 519000       1.53207079971123    0.02180934058660931    0.04037158378576194     -4.221635330053767
                 520000      2.309857786207268    0.02180736448430163     0.4813889998819048     -1.743176433255032
                 521000      2.728693357726414    0.02178669287581551      9.594084323663344      1.248101494900556
                 522000      2.495802265733711    0.02176993792965837      5.615836761781563     0.7117760614999916
                 523000      2.356143784998504    0.02176635086990735     0.9036209022589955     -1.115324685439283
                 524000      2.537325831492748    0.02174756172096386      7.047984645939035     0.9378987943776146
                 525000      2.717649687248628    0.02172777771505829      11.52809094456937      1.429033706438088
                 526000      2.652302925110058     0.0217136753677306      15.36989957459113      1.716008724779202
                 527000      2.445170705337005    0.02170188235879704      3.526595013991422     0.2433872593691451
                 528000      2.365578069012755    0.02169727076258936       1.20981039501295    -0.8266944319010295
                 529000      2.782724113013679    0.02169351789847727     0.9730440586580624     -1.044656977225027
                 530000      2.646981590498139    0.02167819793352107      14.77494067264014      1.674895037642992
                 531000       2.46314757898579    0.02166446726478954      4.388329534497876     0.4602775416097482
                 532000      1.982502524364075     0.0216628267576304     0.4182042843980346     -1.890532070457825
                 533000      2.502241449040413    0.02164509960242666        6.6745637548602     0.8787383673714226
                 534000        1.5719534683471    0.02164491222131036    0.04710433087580473     -4.074964468248836
                 535000       1.91019206218712    0.02164361492198161     0.3309080943511749     -2.125548676774463
                 536000      2.672075009517755    0.02163525210816362      17.57178354315778      1.846273871935436
                 537000      2.206352404811755    0.02163436012886697     0.2283755733903056     -2.496825518269401
                 538000      2.158395917005661    0.02163368689802307     0.1719060290871652     -2.780900177784176
                 539000      2.464840700702723    0.02161969517703116      4.611055569659598     0.5077169554636524
                 540000      2.635826857054121    0.02160197896240684      13.17064412781978      1.556430790178714
                 541000       2.56815507843163       0.02158499400337      6.398290800806707     0.8336846812947833
                 542000      2.029813730866973    0.02158390440176367     0.2842158266216768     -2.280418068437305
                 543000      2.474860906462888    0.02156866122063349      5.361630172268062     0.6561648949824467
                 544000      2.765672459066879    0.02156070494851415      2.325947684311998    -0.1793445575142588
                 545000      2.723019694375382    0.02154180325943133      11.52482724519876       1.42015442198139
                 546000      2.759881048927071    0.02153141509988878      3.228032952561223     0.1470414325896927
                 547000       2.27726788222654      0.021529768034795     0.4396649427572572     -1.846650360836583
                 548000      2.565803455405858     0.0215126927343347      6.721474810683126     0.8796061547856707
                 549000      2.299822472447199    0.02151092260051843     0.4757313471249927      -1.76868570903867
                 550000      2.566269987658942    0.02149377633812929      6.850053738420596     0.8976753556293404
                 551000      2.600928380598611    0.02147562304781744        7.9493930266149       1.04566949482936
                 552000      2.697694978755523    0.02146633983752455      17.23813264660059      1.819265501350818
                 553000      2.313376258461072    0.02146441430688794      0.528561518568786     -1.665544225111485
