#! FIELDS time e sigma_e height
#! SET action OPES_METAD_state
#! SET biasfactor       5.011348439085033
#! SET epsilon    0.001910020759284688
#! SET kernel_cutoff       3.538542402811424
#! SET compression_threshold                       1
#! SET zed      0.1088150236488575
#! SET sum_weights       820.1688811044088
#! SET sum_weights2       2962.228828313904
#! SET counter  554
                      0      2.691693384185946    0.03283803076965765        835.64639813857
                      0      1.724401976886045    0.03206598363140042      1.403727101289688
                      0       2.42378407731398    0.03331421833933099      66.32411561433727
                      0      2.531826206045309    0.03152037017410363      283.0046945783322
                      0      2.069652551472751    0.03189388787788062      3.122484211660976
                      0      1.933898902895718    0.03191197983878221      6.569734580739921
                      0      2.637961609920584    0.02999909594978648      422.0236641498391
                      0      2.128824019385521    0.03226393200008543       1.85868196656927
                      0      2.343272100806289    0.02910613106517842      10.82989387611212
                      0      2.275643346696814    0.02789260313907828      7.344048794073226
                      0      1.809417308905736    0.03459001488762072      2.149606687509198
                      0      1.581030891030157    0.02917006464606121      0.249750564848195
                      0      1.527610854204336    0.03010587102202923     0.2583537098655087
                      0      1.992178251123487    0.03347857117771682      6.612785543844826
                      0      2.196218271241708    0.02746431763740378      2.582993900162892
                      0      1.625602523958025    0.02895148482691965     0.5373277513163984
                      0      1.888009659740665     0.0275777533312657      1.458361703869238
                      0      1.679552064830945     0.0296003852566303     0.7635778924256625
                      0      2.476939660051655    0.02927106281171152      127.0151190286009
                      0      2.235263370811172    0.02528793395765545      2.107917348916834
                      0      2.769310941733731    0.02663417017121215      14.26505549519078
                      0      2.582425294902366    0.02736176531416432      121.8408920806465
                      0      2.379600575012177    0.02395064079183941      11.36532787740063
                      0      1.765259050747347     0.0243735967134481     0.5335018786464084
                      0      1.481743645716294    0.02286916957385076     0.0470775063747918
                      0      1.441270411121513    0.02272417305288132    0.03870773589974931
                      0      2.161514946685107    0.02234354515656457     0.4617583560474778
                      0      2.307643196178232    0.02227210309485999      1.898446916634515
                      0      1.846266321452191     0.0228186384636528     0.2760814130877025
                      0      2.029813730866973    0.02158390440176367     0.2842158266216768
