#! FIELDS time e sigma_e height logweight
#! SET action OPES_METAD_kernels
#! SET biasfactor       2.698418390276557
#! SET epsilon     0.01374333274381851
#! SET kernel_cutoff       2.928208142815685
#! SET compression_threshold                       1
                   1000      2.668759958183782    0.06053155025577301    0.06672079877255445     -2.698418390276557
                   2000      2.647629610578482    0.05393579030795972      1.079809949324168   -0.02976523872854234
                   3000      2.552965911095479    0.05119135268255786     0.4470875490217792    -0.9637747817967792
                   4000       2.34599396192981    0.05066923816460264    0.07970740295889488     -2.698418390276557
                   5000      2.562469388270724    0.04808444110576292      1.369631391611668    0.09315573924722328
                   6000      2.454802322462291    0.04683648715818045     0.3860002488360462     -1.199599287792478
                   7000      2.384927397774764    0.04560726496527228     0.4542042494829918     -1.063485832359209
                   8000      2.650181290986546    0.04418765310879873      1.519725874366948     0.1126308191912791
                   9000       2.63306453177788    0.04327980480598116      2.064814701994114     0.3983820519740693
                  10000      2.575448432499624    0.04217584934016314      1.825795879463369     0.2495191947889863
                  11000      2.653516646600413    0.04126170600820452      2.072786583711151     0.3544841700181556
                  12000       2.56294528211636    0.04037985963938785      1.834369101203071     0.2106871829938404
                  13000      2.620547691923858    0.03970046201470753      2.408349411136926      0.465959884266099
                  14000      2.714173842124848    0.03913342959042817     0.9602818005323912     -0.467895979152009
                  15000      2.621657899908631    0.03860503103889997      2.690286567852514     0.5486857622907242
                  16000      2.686647310947802     0.0379976017462877      1.840214790902968     0.1530607825672307
                  17000      2.665119136335438    0.03746488599012757      2.378842807304953     0.3956737125102996
                  18000       2.51852749420312    0.03707174666438121      1.018391252767809    -0.4632652491331112
                  19000      2.024330631736825    0.03701820537170882     0.1091007341780211     -2.698418390276557
                  20000      1.835053938799082    0.03696494449853006     0.1092579317728125     -2.698418390276557
                  21000      1.836992757972046    0.03687235815673837     0.1962421435170827     -2.115288349490645
                  22000      1.963587622436629    0.03680853473206309     0.1343458350833268     -2.495952766767476
                  23000      2.102554591351415    0.03675140412346248      0.120731276050525     -2.604356192088836
                  24000      1.759820587947742     0.0366836961217768     0.1451730773213079     -2.421840764912494
                  25000      2.118151806815172    0.03658140502092977     0.2267553691754866     -1.978688021891968
                  26000      1.942336781673594    0.03647721671429511     0.2345815477001763     -1.947608696296312
                  27000      1.940875174071743    0.03630826213128507     0.4070104377273634     -1.401215688273973
                  28000      2.010131238743534    0.03616589267955473     0.3438359685677572      -1.57381864959381
                  29000      2.016204478246424    0.03596470971103077     0.5251884404070042     -1.155804537048428
                  30000      1.824002246187459    0.03581788778089991     0.3752848557828198     -1.495967060871573
                  31000      2.534864953548093    0.03543073386738313      2.176761829041872     0.2510734425836387
                  32000      2.477585290644269    0.03510492965612463      1.258089528784326    -0.3064086722673995
                  33000      2.534498928017716    0.03480776707561763      2.742275552470784     0.4642840608162905
                  34000      2.748033349165303    0.03455887643664702     0.9806148569194104    -0.5712556283623674
                  35000      2.748323289500738    0.03427649008002633      1.302570375905617    -0.2955453388743561
                  36000      2.655884053032763    0.03417299296843691      3.731040081971765     0.7537781277381586
                  37000      2.657982985568333     0.0340714433320152      4.000561634397553     0.8205497921385668
                  38000      2.547622922893427    0.03379867334403234      2.939541697073047     0.5043306731699086
                  39000       2.39554711700693    0.03368894204491624      0.502700689218418     -1.264935245192223
                  40000      2.475872392876713    0.03344292840528929      1.560599227765687    -0.1394343380425641
                  41000      2.527616074055053    0.03319829779415905      2.984041157207733     0.5014325160019909
                  42000       2.70544975282389    0.03294840262057067      2.626884475269302     0.3663967524818351
                  43000      2.711393078536243    0.03271106445390184      2.732940074454742     0.3987468010056518
                  44000      2.707394448911002    0.03249730857048607       3.13738587269322     0.5302026390276607
                  45000      2.521432953693954    0.03228273966830037      2.973535048443328     0.4699396466099623
                  46000      2.417752621464932    0.03217359565664304      0.742603515444118    -0.9207914600107123
                  47000       2.25966526873848     0.0321526454533102     0.1256106092380775     -2.698418390276557
                  48000      2.294329200964224    0.03211959122634129     0.2021743755401613     -2.223503108391658
                  49000       2.49863049781814    0.03191870563751395      2.975897206723249     0.4593932349568319
                  50000      2.318772632979452    0.03186621582549745     0.3506226075057703     -1.680843004909782
                  51000      2.313976756578176    0.03179639703617981     0.4847099959231788     -1.359196093040181
                  52000      2.565795184168258    0.03163313093404469       3.59260552280667      0.638738168038006
                  53000      2.541112523335503    0.03150294126769851      4.091311959080364     0.7646020438377091
                  54000      2.669948119013967    0.03135588488452865      3.919678259950537     0.7170669767460836
                  55000      2.671531515158897    0.03122180155746641      4.163064015149399     0.7730234016986283
                  56000       2.69563889120109    0.03107310902907573       3.93958633701211     0.7130739486751252
                  57000      2.677588963903247    0.03095108847567154      4.444768394149167     0.8297913679374997
                  58000       2.66263823131899    0.03083545950401641      4.624664025753964     0.8657244733832994
                  59000      2.587754069022031    0.03067252032341874       3.14334931901849     0.4743114816031699
                  60000      2.581045981462565    0.03051508485661614      3.249357988271776      0.502334019344431
                  61000      2.466206591526331    0.03039339759150149      1.653642997861033    -0.1771384302637918
                  62000      2.414972674663361    0.03032231230289372     0.8279374498165982     -0.871278412217982
                  63000       2.54567168882344    0.03017916045947166      3.595253396579595     0.5924215474778393
                  64000      2.447791906683126    0.03007742412650249      1.399302085189238    -0.3545960991552196
                  65000      2.427415477434548     0.0299857844639007      1.240669132687799    -0.4779702868581549
                  66000      2.553259375540486    0.02985487079612739       3.78156003106405     0.6321400711766973
                  67000      2.651254988357494    0.02973699632866409      4.213828620059882      0.736419021389393
                  68000      2.568679665091811    0.02961060148587203      3.777323410475365      0.622803559639809
                  69000      2.434003645491807    0.02951715667563102      1.502611125050078    -0.3021685409127478
                  70000      2.390270828505273    0.02944617833822417      1.060589313584113    -0.6529557184983055
                  71000      2.498834254536614    0.02932217518979433      3.037936521389632     0.3951780090507027
                  72000      2.665302270256479    0.02922632523628221      4.644030114199277     0.8163078384421604
                  73000      2.756714819762706    0.02914563264289799      1.383473231850809    -0.3974423123020521
                  74000      2.655263282996163    0.02905510688997797      4.771449336909301      0.837499805147047
                  75000      2.543543043700907    0.02895112686690107      4.285940262908729     0.7266045248588781
                  76000      2.695381501028253    0.02884688085145724      4.205562359200197     0.7040653291411103
                  77000       2.66408957626619    0.02876113764641366      4.938849297530044     0.8618128947430744
                  78000      2.761616178258277    0.02869442162359135      1.283705519167722    -0.4878909943432464
                  79000      2.760646370020668    0.02862212192504037      1.454979964503244    -0.3651725190782034
                  80000      2.677252478781707    0.02854010315284922      4.990534564907656     0.8645086954072567
                  81000        2.6387902690831    0.02844918844323055      4.634773131005775     0.7873623231176854
                  82000      2.720284855366801       0.02834839955201      3.251476907627699     0.4293353394006355
                  83000      2.496348797923537    0.02825221754987194       2.87849386051971     0.3040945818867847
                  84000      2.443998194319926    0.02817979383976591      1.715238437365203    -0.2161872701257611
                  85000      2.445831430073735    0.02810352142055308      1.900968727725762    -0.1160860633391711
                  86000      1.799667924814063    0.02808781257201574     0.2992782999185051      -1.96539016579296
                  87000      2.386176135089936     0.0280382766450463      1.076107156045143    -0.6874239183512056
                  88000      2.561102765034895    0.02794906766936252       4.15288675368681     0.6598429754544431
                  89000      2.629102122382086    0.02786454312060169      4.435038492913607     0.7225467575636848
                  90000      2.721112536687483    0.02777526384831347      3.372850724246939     0.4455595717693078
                  91000      2.553386893844199    0.02769229031809945      4.358853502369708     0.6990185489736527
                  92000      2.419253672446537     0.0276283253562355       1.73722413435475    -0.2232145204854284
                  93000       2.41811112450813    0.02756240278716656      1.854914569996761    -0.1600532949286977
                  94000      2.359786329970413    0.02752904406306676     0.7861243716673871     -1.019743232530381
                  95000      2.367762045287986    0.02748638271814826      1.058543831712739     -0.723759634068306
                  96000      2.683190402041371    0.02742055986996755      5.141899742867389     0.8543711409717856
                  97000      2.681150846958806    0.02735769292054822      5.303034384990505     0.8829323860952845
                  98000      2.701192510784733    0.02728464760788811      4.713598887755424     0.7624313344216007
                  99000      2.484272140970274    0.02721212226824696      2.603240479675639     0.1660749907538051
                 100000      2.753713046410234    0.02715106503658747      1.950855461447253     -0.124660314190785
                 101000      2.712477800113691    0.02707672384860133      4.280114675304009      0.658309700553336
                 102000      2.769508237004154    0.02702720901908446      1.507399234865833    -0.3871146573589873
                 103000      2.344098275348477    0.02700060677078166     0.7176922080988818     -1.130199704849641
                 104000      2.714868969516568    0.02692896386029056      4.330736689477225     0.6645955322464679
                 105000      2.673833594368537    0.02687541416341194       5.60001820455108     0.9196371833871014
                 106000      2.435536752126632    0.02681840842354906      2.007902211366053     -0.108165527899965
                 107000      2.610436770656734    0.02674725573627217      3.621095536907807     0.4788639311170502
                 108000      2.671641088543997    0.02669117613779992      5.414181600431228     0.8790102002090153
                 109000      2.701318056000007     0.0266285031795316      4.936209005910571     0.7842352568517603
                 110000        2.6384034081493    0.02656344466411524      4.622111080286819     0.7160429921673259
                 111000       2.62242176477624    0.02649645257672959      4.056288773034789     0.5829347570424029
                 112000      2.573600057735414    0.02643052398038195      3.557442186484943      0.449216791096734
                 113000      2.555714096541015    0.02636524934038937      3.838849535519364     0.5228749895507382
                 114000      2.434283992857832    0.02631691160445008      1.917970482242572    -0.1728652164266267
                 115000      2.377853687854574     0.0262834344913237      1.188309299758481    -0.6528741483516829
                 116000       2.48186375965286    0.02622936652310976      2.371549691269746    0.03607870014617331
                 117000      2.556501350417157    0.02616705310889859      3.943755094446223     0.5422898813657633
                 118000      2.230025061357323    0.02616133949380433      0.181142678879754     -2.538532110195442
                 119000      2.479099538449041    0.02610814149887171      2.426942499201191    0.05453487262175623
                 120000      2.697065791461579    0.02605322395321254      5.031956299915183      0.781605793443571
                 121000      2.609065337667438    0.02599341806196473      3.699765754407357     0.4717683003146531
                 122000      2.592227525357625    0.02593443059964421      3.703305125063824     0.4704525883992663
                 123000      2.675649829889636    0.02588623091886534      5.510560743128759     0.8660330266163319
                 124000      2.430578927278725    0.02584228738113826      1.994228868994154    -0.1520749224969258
                 125000      2.771845223646003    0.02580923473501111      1.363819091780255     -0.533323278907189
                 126000      2.671549586825952    0.02576316725220635      5.606734348926557     0.8785697213437762
                 127000      2.466237631213933     0.0257163280487184      2.331723316845698 -0.0006108242676695814
                 128000      2.346627064954668    0.02569662106447518      0.769751686185572     -1.109672356672438
                 129000      2.539337132429092    0.02564147350548349      3.829685697889675     0.4926492738027057
                 130000        2.5647801486289    0.02558703772147244      4.044546794986963     0.5451108254646447
                 131000      1.889936211974409    0.02558070513299501     0.2375202937453881     -2.290008412466796
                 132000      1.695734301705831    0.02557627120579104     0.1648920493615287     -2.655143812091218
                 133000       2.11918217728632    0.02557003537766388     0.2342424206008416     -2.304322103771969
                 134000      2.027187203868584    0.02556092323999794     0.3479716169891265     -1.908914175774358
                 135000      2.090901900587116    0.02555363292196182     0.2761683901080578      -2.14030955717246
                 136000      1.685524060636108    0.02554836858694216     0.1975921354747655     -2.475321394083424
                 137000      1.836753230983086    0.02553955489731807     0.3374214830441998     -1.940538578006279
                 138000      1.888953949716591     0.0255316449015149       0.30185367497406     -2.052238801881079
                 139000       2.12634197152869    0.02552368448964189     0.3043172240111337     -2.044422359220435
                 140000      1.606313454019882    0.02551946884774334     0.1582600879392259     -2.698418390276557
                 141000      1.846283114630528    0.02550928896533661      0.394869587598847     -1.784501629811383
                 142000      2.278811322317297    0.02550081423654951     0.3262750352072638     -1.975648766744255
                 143000      2.739403270599746    0.02544999232261963      3.175562632005195     0.2978557026852767
                 144000      2.458060143299254    0.02540380602065386      2.596999021650894    0.09491099986757093
                 145000      2.701187731453586    0.02536154677931007      5.608760302844701     0.8632192735918098
                 146000      2.705243406176598     0.0253185740862541      5.544200222334817     0.8499460941345459
                 147000      2.750267211236947    0.02527292921657696      2.741031101911501     0.1437234333998741
                 148000      2.775905858849442    0.02524002341398538      1.647838718721654    -0.3664490350507437
                 149000      2.603704070816689    0.02519056670606307       4.17874213898965     0.5621353027160401
                 150000      2.628409703162771    0.02514419677719415      4.921604838921335     0.7239172273419978
                 151000      2.534441566205496    0.02509586561990085      4.220478936631873      0.568307167710841
                 152000      2.727092946963968    0.02504818806003024      4.300515781854775     0.5851918945344267
                 153000      2.684403140912368    0.02501518271549256      6.270839700120463     0.9610486560706236
                 154000      2.433378329875317    0.02497651305619035      2.346128029089845   -0.02364233459531202
                 155000       2.70999653505331    0.02493617459612917       5.56289490370446     0.8380936208849266
                 156000      2.442355942843024    0.02489658784211208      2.541854455491627     0.0532801126290738
                 157000      2.701610991379568    0.02486139395805942      6.064150113479555     0.9213659975109586
                 158000      2.519448676629648    0.02481644727941115      3.750895854542103     0.4391567738776257
                 159000      2.558007702413837    0.02477219627022551       4.58780872241369      0.638779851445058
                 160000       2.51595989642609    0.02472808165497038      3.837836769146443     0.4585038112233634
                 161000      2.554007171532337    0.02468472755626575      4.590933624321002     0.6359235799947733
                 162000      2.714525839740574     0.0246444333908387      5.272699471765763     0.7727489519726193
                 163000      2.684668891824558    0.02461183621872496      6.241339413881016     0.9400777211125186
                 164000      2.686415866450787    0.02458016458783059      6.356560989235553     0.9570827440441002
                 165000      2.354535157862377    0.02456404120833015     0.8981124608572431     -1.000520911879514
                 166000      2.698009475808966     0.0245318194368895      6.308009363384203     0.9474466186713782
                 167000      2.096515237334776    0.02452538407620868     0.3395548523864659     -1.974755673179024
                 168000      2.641007526489108    0.02448497115494266      5.035528157245264     0.7202333626990125
                 169000      2.676292164106513    0.02445420340815684       6.46362782287345     0.9686483001107316
                 170000      2.460933653441539    0.02442012361241193      2.527653305473696    0.02835429343867451
                 171000      1.921806223052851    0.02441445318150375     0.3093563161481335     -2.072430801516183
                 172000      2.398263632317127    0.02438910304663306      1.657598747920852     -0.394838108400192
                 173000      2.071875961957339    0.02438297207628244     0.3378115335129938     -1.985726671439527
                 174000      2.394235282990304    0.02435701615157628      1.725888995884762    -0.3557823388912473
                 175000      2.663245488961019    0.02432587600953635      6.345511870988838     0.9449438489656928
                 176000       2.64704466881734    0.02429022714087601      5.732462452709601     0.8418747177880972
                 177000      2.623739988474704    0.02425107733358538      4.716146488718884     0.6451085245638348
                 178000      2.144852736342289    0.02424596898901449     0.2932923648670516     -2.132679521071076
                 179000      1.944879718901006    0.02423970544223787     0.3630296495005302     -1.919623321805698
                 180000      2.395572358991823     0.0242132114762364      1.886204260516017    -0.2728796673464152
                 181000      2.753218410465383    0.02417963219317948      2.764008122533891     0.1078479162378667
                 182000      2.684573809128098    0.02415580977544975      7.055362040141918      1.043968260160886
                 183000      2.695830609134816    0.02413044955972727      6.954474581763547      1.028515225104754
                 184000      2.412359411889499    0.02410149001059072      2.268556182951533   -0.09292731109138015
                 185000      2.454291879419694    0.02406958602838943       2.68990862468637     0.0761117152893427
                 186000      2.740963310187398    0.02403316756694128      3.722904942249919     0.3995945580203363
                 187000      2.463614660671739    0.02400089375004603      2.834952006853239     0.1257715152545789
                 188000      2.751589149627025    0.02396768344201699      3.050221709029423     0.1975761169619737
                 189000      2.397190207662166    0.02394143579195217      2.078094549113017    -0.1872824975931745
                 190000      2.427181526187749     0.0239107278352577      2.693662057437597    0.07088428685231177
                 191000      2.613275011114523    0.02387484121077872      4.404682293443998     0.5611488059759397
                 192000      1.770458876441791     0.0238708095823945     0.2565359748455387     -2.282174577530074
                 193000      2.284595926003768    0.02386518762503252     0.3625651658134107     -1.936474802944646
                 194000      2.189313509106013    0.02386203341360252     0.1997360438841365     -2.532814491175234
                 195000      2.468301064278801    0.02382992046861891      3.054757419494906      0.193297576485388
                 196000      2.709446552283122    0.02380247229937227      6.500616255390277     0.9473418721143834
                 197000      2.436487373052264    0.02377124002069386       2.99163668055562     0.1699525076998584
                 198000      2.409899380097547    0.02374217385549445      2.651327680375167    0.04796891807648883
                 199000      2.470374122257878    0.02371046394201071       3.19174760504847      0.232140510380948
                 200000      2.498819333926592     0.0236780328889728      3.443929976006123     0.3068164279647944
                 201000      2.685193283757234    0.02365874935191484      7.377188587037831      1.067781051522366
                 202000      2.726744577830194    0.02362611803395491      5.273262644194298     0.7306575027880249
                 203000      2.584821505366959    0.02359287017625144      4.177220251086312     0.4962460066053657
                 204000      2.510435063864408    0.02356070826676942      3.722756908955828     0.3797003567268871
                 205000      2.704136889586804    0.02353764843407875      6.971109575321726      1.006031043140447
                 206000      2.452489053850609    0.02350774944353266      3.203521407904558     0.2272362128581674
                 207000      2.289729833562933    0.02350196796318851     0.4211992582561014     -1.801909661213109
                 208000      2.769340918698931     0.0234779288086648      2.222444402274853    -0.1396761097839096
                 209000      2.270667255161335    0.02347234693373241     0.4087610850817129      -1.83314599785449
                 210000      2.047098045571707    0.02346733515299613     0.3655638185219241     -1.945049510453627
                 211000      2.627066774741394    0.02343566280730906        5.0347081685671     0.6762699154760754
                 212000      2.483492133130927    0.02340566780992502      3.436328137423961     0.2930371443063578
                 213000      2.555671112047099    0.02337408150771043      4.538127506401927     0.5697977018440674
                 214000      2.335560618806122    0.02336428611205622     0.7715223618983054     -1.202525562905117
                 215000       2.27493881018601    0.02335790492840881     0.4866673835421378     -1.663583474485159
                 216000      2.593125723829314    0.02332671729856522      4.428973271011677     0.5434225965345189
                 217000      2.225702634853375    0.02332295040815008     0.2834845361927473      -2.20550439374215
                 218000      1.960671994147483    0.02331785018806248     0.3888466382364663     -1.889695651743113
                 219000      2.018191157994104    0.02331228132831954     0.4269106705521639     -1.796544734973871
                 220000      1.689885135758596    0.02330911474837733     0.2377365886512744     -2.382092075834255
                 221000      2.102969896552223    0.02330362419540201     0.4213704586073509     -1.809978551921221
                 222000      2.047332878752523    0.02329776587764801     0.4517005559786241      -1.74072289679139
                 223000      1.886110778470746    0.02329295054618808      0.368091024001944      -1.94561882266145
                 224000      1.680185719109438    0.02328943126324127      0.266106549787926     -2.270203385699483
                 225000      1.745015589238843    0.02328619000301863     0.2446485645158678     -2.354416609867115
                 226000      1.729090310058459    0.02328261247833228     0.2710271718315808     -2.252173923862864
                 227000      2.725787222814215    0.02325424616876335      5.755148123830021     0.8022379641784175
                 228000      2.706216929394933    0.02323472340332444      7.275645025130944      1.035835768308019
                 229000      2.684805182432429    0.02321909846270848      7.777141710930987      1.101819468744298
                 230000      2.606914871441802    0.02318901430785983      4.746407079845445     0.6067220106761078
                 231000      2.682623035425775    0.02317341591976187      7.836177496423984      1.107412345149406
                 232000      2.712217289773887    0.02315203823526733      7.144399469580175      1.014067017959854
                 233000      2.500925740494484    0.02312366202219027      3.729517070013761      0.362790614429985
                 234000      2.616888736582194     0.0230944250714662      5.010288894504962     0.6567402642892998
                 235000      2.634267701435958    0.02306658783458369      5.696585141995699     0.7839074915658828
                 236000      2.670646116848868    0.02304812909626187      7.561151913376023       1.06626358481452
                 237000      2.648561223642849    0.02302342446880189      6.538803380970341     0.9199217700563477
                 238000      2.696455595699427    0.02300788610978429      8.003202022370758      1.121334183673921
                 239000      2.598707035621127    0.02297937969235748      4.751387878039963     0.5986894766835726
                 240000      2.685871151113862    0.02296494004784259      8.189624704060103      1.142492218099031
                 241000      2.528551650133954    0.02293713952804396      4.266938744783672     0.4893094966035946
                 242000      2.669510360410259    0.02291913962432721      7.758034150682096      1.086356761717959
                 243000      2.695710693895045    0.02290415434712788      8.215468315504168      1.142992501652622
                 244000      2.705934268807739    0.02288608753900676      7.835783672539373       1.09488552549632
                 245000      2.689860400294342    0.02287244517004346      8.490048336851814      1.174483049840199
                 246000      2.688630991413415    0.02285907565213879      8.586606779381139      1.185207298255276
                 247000       2.49408753844768    0.02283391973417852       3.57403963475796     0.3075990822603942
                 248000       2.50856421298388    0.02280764524679918      4.071893550071937     0.4368593723530921
                 249000      2.385673394360719    0.02279102147663789      1.898686822210421    -0.3268153976878677
                 250000      2.314903886703616    0.02278479658292545     0.6155617394236361     -1.453471095853504
                 251000      2.275413113215539    0.02277923942214675     0.5461705302090316     -1.573319018336716
                 252000       2.76179599548387    0.02275792870349238      2.731526830476377    0.03542976831871043
                 253000      2.701953604417764    0.02274351145289805      8.442871728442144      1.163257834553188
                 254000      2.631822694100471    0.02271744130475601      5.771012452773483     0.7816359402057064
                 255000      2.424822501107748    0.02269600532467029      2.857089535258507    0.07764783155774165
                 256000      2.683964177300428    0.02268341220882754      8.739532246350135      1.195146024956662
                 257000      2.293771497340026    0.02267724773808976     0.6377735835042676     -1.422754386075775
                 258000      2.447671586672502    0.02265437710913891       3.28804136798355     0.2163005795065024
                 259000      2.610983559303417    0.02262839391580985      5.035565747700008      0.641386806299812
                 260000      2.543423046704521    0.02260287519333588      4.557738814504805      0.540559183436321
                 261000      2.551139459995655    0.02257740596376753      4.691318146182772     0.5683187054631165
                 262000      2.686790374226018     0.0225652010783876       8.82160689552393      1.199268423216946
                 263000      2.626148945612141    0.02254002411861421      5.609492645638954     0.7454082943724554
                 264000        2.4574698315752    0.02251746938414841      3.476257764681431     0.2659032230064995
                 265000      1.918189327584839     0.0225137572161909     0.3953405022338776     -1.908225862473787
                 266000      1.989311315783939     0.0225098924512249     0.4126370605102967     -1.865576545629364
                 267000      1.991878033932135    0.02250557057649995     0.4642653127597542     -1.747880797904468
                 268000      1.913933318407065    0.02250142885702106     0.4444042143750188     -1.791786488241083
                 269000      1.798032181952465    0.02249805887028081     0.3587509351957722     -2.006042434259591
                 270000      2.031904283649205    0.02249340188077566     0.5035305715654405     -1.667233396323782
                 271000      2.140766632313582    0.02249006854262474     0.3553157404602022     -2.016019223612269
                 272000      2.012247677146241    0.02248500058017484     0.5516222615048703     -1.576387892015894
                 273000      1.830812529971657    0.02248096359426652     0.4345837615544891       -1.8150422495771
                 274000      2.232950466838957    0.02247768845604923     0.3498179123412553     -2.032163879501295
                 275000      2.597096241655388    0.02245294142702344      4.908135794088962     0.6079712590050907
                 276000      2.502247106672963    0.02242919819987033      4.163075542379908     0.4422731530855624
                 277000      2.390921876916067    0.02241308073646026      2.133089028552729     -0.227128635077188
                 278000      2.516932509960227    0.02238914618102084      4.449979631316856     0.5071312526541575
                 279000      2.643437954516607    0.02236642265035051      6.430711285604747     0.8743014351843404
                 280000      2.164931208786371    0.02236377348974504     0.2909785328965252     -2.221407952098468
                 281000      2.027238807393804    0.02235865805248384     0.5790080872110718     -1.533569765235415
                 282000      2.129128720230424    0.02235481247981734     0.4290567992460712     -1.833468910502662
                 283000      1.984807169356338    0.02235018475335509     0.5216857097247516     -1.638199935904892
                 284000      1.871290787746934    0.02234648247073864     0.4131290495702993     -1.871670903544292
                 285000      1.981588306460556    0.02234160114682635     0.5530294477708583     -1.580238127338122
                 286000      2.008068972953197      0.022335908915803     0.6522831434410802     -1.415425455802019
                 287000      2.719657636668032    0.02231453908367891      6.827443657510356     0.9318442026906407
                 288000      2.450851515172483    0.02229340990717662      3.448249198167603     0.2478131761521501
                 289000      2.696220194025266     0.0222808180646554      8.718487147584828      1.174827300226973
                 290000      2.693828832174195    0.02226880429267988      8.863217356547475      1.190752057706233
                 291000      2.610401572734585     0.0222453571067035      5.177501931293435     0.6521114425581582
                 292000      2.606560127179823    0.02222205937052764       5.16406682593415     0.6484653122681313
                 293000      2.699297283894874    0.02220923805916082      8.774516996728591      1.178015493618737
                 294000      2.560010568825188    0.02218654833297129      4.592717716063516     0.5296135559148606
                 295000      2.657913796293883    0.02216702618563382       7.33091875982378     0.9963621659890399
                 296000      2.465978855292112    0.02214627904521142      3.700024996164996     0.3116645065754446
                 297000      2.390385265130548    0.02213198292358845      2.071415088810691    -0.2690888172576121
                 298000      2.517208991359388    0.02211014697955831      4.319166454423725     0.4647545135497428
                 299000      2.436309276616041    0.02209091284153289      3.283035655794469     0.1895902772973113
                 300000      2.475835011817948    0.02207000601496495       3.94592015690199     0.3725571040499536
                 301000      2.392603242947226    0.02205527639848956       2.21535598101259    -0.2053795921471513
                 302000        2.3087522733532     0.0220502342840546     0.6394757242969247     -1.448127954384906
                 303000      2.626434212698552    0.02202833667235867      5.807402635290264     0.7571185130804979
                 304000      2.380491677539164    0.02201515148397975      1.942998263058798    -0.3383813656473856
                 305000      2.525706173840663    0.02199373677124924      4.508568897006314     0.5023929438094514
                 306000      2.627984809838284    0.02197246069359653      6.099377384876349     0.8036320182590559
                 307000      2.293061281344393    0.02196713586677519     0.6966016306831185     -1.366338630104604
                 308000      2.526225894674201    0.02194570000727781      4.825770630381796     0.5681970968466205
                 309000      2.611771905247594    0.02192430111670996      5.648822924212968      0.724698290893847
                 310000      2.504106268022043    0.02190339031783912      4.542050721338156     0.5056754824548887
                 311000      2.253717551914731    0.02189958197293859     0.4985701474805146     -1.703887995943097
