#! FIELDS time e sigma_e height logweight
#! SET action OPES_METAD_kernels
#! SET biasfactor       3.469395073212715
#! SET epsilon    0.007640039155174105
#! SET kernel_cutoff       3.122291642622147
#! SET compression_threshold                       1
                   1000      2.726674572585179    0.06206017502565676    0.03010226110527593     -3.469395073212715
                   2000      2.341332173019678     0.0613590197611887    0.03044624246170084     -3.469395073212715
                   3000      2.689013361506184    0.05432605445477553     0.9701269320855878    -0.1296689843735138
                   4000      2.505055632168273    0.05395612328243933    0.03853096843725277     -3.362466363778404
                   5000      2.413530544230003    0.05248888427803862     0.1809316085261203     -1.843379315647189
                   6000      2.710783065010013    0.05111292568924575      2.381986507163903     0.7076276583285791
                   7000      2.571581987703454    0.04998601846462133      0.320506407530096     -1.320454237133149
                   8000      2.691346927014727    0.04835536829277212      3.197481835176116     0.9465962568630357
                   9000       2.66391404857482    0.04636309160190172      3.125616898605371     0.8817908121257434
                  10000      2.066188394018804    0.04630263518871262    0.04034655015308614     -3.469395073212715
                  11000      2.599092567497902    0.04478878182438871      1.670665266412746     0.2208350503610329
                  12000      2.714064026394635    0.04347095082460487      3.370596749702214     0.8928381614121412
                  13000      2.438785085029496    0.04328065539352343     0.2095134065141469      -1.88960633345472
                  14000      2.524045312631436    0.04285818029024175     0.5122510442815575     -1.005388483390092
                  15000       2.37097324161765    0.04266171714530097     0.2326284638737224     -1.799355271861193
                  16000      2.409741772284911    0.04233430469192171     0.4146077925854788     -1.229169102943003
                  17000      2.729790872301067    0.04133329738709209      3.209125142688873     0.7933222038247191
                  18000       2.67370323525153    0.04051848824980122       3.80211522137648     0.9429713567927162
                  19000      2.481801570555027    0.04029231757180073     0.4285222789208957       -1.2455962918962
                  20000      2.692309616543489    0.03962906739369019      4.271284740217029      1.037132969782353
                  21000      2.549968941061885    0.03931984911943814     0.7570568539216492    -0.7009320283068069
                  22000      2.665953832305805    0.03868590559036642      4.039679180541766     0.9572960529094461
                  23000      2.488930652066286    0.03847100041692517     0.6067023424743242    -0.9441568237091643
                  24000      2.519934694740737     0.0381880218527687     0.8633996383846163    -0.5987002745327316
                  25000      2.589567148996087    0.03776840815201328      1.528796071797725    -0.0383910277426785
                  26000      2.401591245953641    0.03762594116010542     0.4398267352969206     -1.288025238282809
                  27000       2.71035907312375     0.0371122856847597      3.709066229303664     0.8303836578310594
                  28000      2.527490757027257    0.03686531805107743     0.9515953000738615    -0.5366887829020245
                  29000      2.502402440190948     0.0366243715916582     0.9621709995322515    -0.5321937428603165
                  30000      2.451522672470392    0.03645305122982457     0.6672398502175331    -0.9029250994389709
                  31000      2.578741572784685    0.03616151754987865      1.328871334336737    -0.2220190987865493
                  32000      2.271969431678079    0.03614619420927885     0.0567972265928238     -3.375040678949308
                  33000      1.472806819340104    0.03613225920175148     0.0517031493223343     -3.469395073212715
                  34000       2.21124669171413    0.03611598034037781    0.06060215380778794     -3.311033971279436
                  35000      1.676907725172565    0.03610208653753435    0.05174636072403124     -3.469395073212715
                  36000      1.840574318342225     0.0360882116433844    0.05176625573253945     -3.469395073212715
                  37000      2.250543024872433    0.03605740548410898     0.1164915908818169     -2.659168486858232
