#! FIELDS time e sigma_e height logweight
#! SET action OPES_METAD_kernels
#! SET biasfactor       2.698418390276557
#! SET epsilon     0.01374333274381851
#! SET kernel_cutoff       2.928208142815685
#! SET compression_threshold                       1
                   1000      2.670697846813344    0.06053155025577301    0.06672079877255445     -2.698418390276557
                   2000      2.474461889887612    0.05920511112449938    0.06821562036279934     -2.698418390276557
                   3000      2.297736722003049    0.05798031368249326    0.06965663218247917     -2.698418390276557
                   4000      2.681670731182008    0.05267867587404289       1.12164165987015   -0.01534044107241229
                   5000      2.654552402865517    0.05040017170627066      2.056801011402811     0.5468018884253905
                   6000      2.356152615752178    0.04963523826748404     0.2015490631501692     -1.791365969454563
                   7000      2.676294328477459    0.04788390663279091      2.703000778064877      0.768797462449375
                   8000      2.043649788040656    0.04768543462235025    0.08469490560359169     -2.698418390276557
                   9000      1.822686913429439    0.04748990238640452    0.08504362361381493     -2.698418390276557
                  10000      1.839095711641597    0.04691731820904192     0.2736862130826956     -1.541730733313268
                  11000       2.56936417656429    0.04539664636162587      1.075279098787925    -0.2063260739279878
                  12000      2.517920682417051    0.04427088582614823     0.8656828598324823    -0.4482539562086287
                  13000      2.661534916492561    0.04345352026321696      3.276939291451098     0.8642571488205687
                  14000      2.011473249262371    0.04322601260105098     0.2016327742697855     -1.929209289860326
                  15000       1.96493604515482     0.0429149593082192     0.2905013740201115     -1.571271068103067
                  16000       2.08015001070747    0.04261004376649381     0.2950325667266482     -1.562924100621356
                  17000      2.765002876651593    0.04177723944241625      1.090404560945691    -0.2754440977279885
                  18000      2.489918164270567    0.04104377154491336      1.052457065540045    -0.3285779734332476
                  19000      2.726261427137233    0.04024824001875985      2.764742179553759     0.6176691007868851
                  20000      2.691603486381295    0.03974622668490795      3.725656843872588     0.9034135184186793
                  21000      2.683730755077823    0.03926272839188098      4.076832530182771     0.9812514659407461
                  22000      2.664097000493495    0.03874193367601494      4.163220535596445      0.988866950679668
                  23000      2.521245270157424    0.03834462869061841      1.130278033395071     -0.325266454724875
                  24000      2.491256780868801    0.03792834779306441        1.3027828663663    -0.1941431238995545
                  25000      2.530661725373474    0.03748223005087987       1.59235402237791  -0.005264168299388113
                  26000      2.106621501417957    0.03737005235103991     0.3165813166011877     -1.623650063748586
                  27000      2.639303166974286    0.03689096884594345      3.535386197300658     0.7764447551178509
                  28000      2.297395274980038     0.0368158584328841     0.2352565931362584     -1.935494349022511
                  29000      2.579747367344131    0.03641686247756799      1.813303283435803    0.09583756045718533
                  30000      1.877206085623556    0.03633096972325173     0.2921124736327581     -1.732290391469835
                  31000      2.230214814854558    0.03627675250681898     0.1823176995677322     -2.205171964598874
                  32000      2.323384537077946    0.03616849266906311     0.3818771124909642     -1.468812607819022
                  33000      2.577485083080466    0.03578352187292942      2.063856318833513     0.2077191745707685
                  34000      2.664114613578728    0.03547842302739389      4.338982615946665     0.9422200477702803
                  35000       2.53207400538528    0.03514878170420387      1.969931723061831     0.1432442793300881
                  36000      2.718056619935082    0.03479920069140989      3.322203452539681     0.6558781089641397
                  37000      2.410814872033595    0.03473098308660038     0.3207278588442945     -1.683874696506444
                  38000      2.398928602006339    0.03464579814368292     0.4113124878184399     -1.437570152016157
                  39000      2.660325529458394    0.03438915200315645      4.514834450336256     0.9507651232834499
                  40000      2.332720248520606     0.0342935363470889     0.5163685581014924     -1.220322179075579
                  41000      2.435317739967599    0.03416430377304634      0.738075026914747    -0.8668730096281589
                  42000         2.329151051487    0.03404885672838839     0.6618855270082803     -0.979210764373631
                  43000      2.643527759785401    0.03379426870410813      4.311964446541067      0.887340249258295
                  44000      2.701531278620761     0.0335414837244991      4.270563890289129     0.8701843077945013
                  45000      2.518990621307236    0.03332099876812887      1.882078475589485     0.0442199679303141
                  46000      2.742468529386765     0.0330735041898242      2.609216810076735     0.3634380254950186
                  47000      2.126204953757538    0.03302605785016168     0.3241242277927697     -1.723676098090374
                  48000      2.059153985989865    0.03296760405055783     0.4079421222563243     -1.495449150227375
                  49000      2.499843116287175     0.0327666096956979      1.900312682494903    0.03708387994110231
                  50000      2.439771473354158    0.03264682424061684     0.9660900703624363    -0.6430951865556686
                  51000      2.281421228530584    0.03257856106216424      0.515959179386888     -1.272417752662109
                  52000      1.619935190785136    0.03256116267353669     0.1240346797348415     -2.698418390276557
                  53000      1.752549664510436    0.03253871989269869     0.1614144939311361     -2.435693526574176
                  54000      2.142232506806461    0.03248098887339012     0.4370701670686745     -1.441351133184026
                  55000      2.021710854262509    0.03241767417842652     0.4878238460023224     -1.333441698421872
                  56000      2.024780310723434    0.03233645581731724     0.6506703890460888     -1.047901385203525
                  57000      1.717347452605666    0.03231189990943985     0.1831931013108365     -2.316123465645289
                  58000      1.772297202342265    0.03227195972112784     0.3054546305455397     -1.806099849368468
                  59000      1.927462947826497    0.03222718380196052     0.3469622341535763     -1.680073588621225
                  60000      2.041373928641276    0.03212656845557133     0.8632093560301977      -0.77175922300121
                  61000      1.945664881173182    0.03206418205759081     0.5087902654275458     -1.302324378385662
                  62000      1.694789313215939    0.03203283178295865     0.2462158193129254     -2.029130005561053
                  63000      2.079300552506555    0.03193295094459742     0.8870111158222983    -0.7506039054008057
                  64000      1.879196710006596    0.03187409181996763     0.4929722235286308     -1.339853499325614
                  65000      1.893771082522536    0.03179783072871594     0.6653847847057605     -1.042336272887603
                  66000      1.499775293150664    0.03178196147574393     0.1270756490938595     -2.698418390276557
                  67000       2.08591369437312    0.03166564718476244      1.126791929394108    -0.5197375593909236
                  68000      2.711110408430783    0.03153777759770782      4.999803268506406      0.966240119214531
                  69000      2.648838174705213    0.03142013530462004      5.270559224672349      1.015240848579641
                  70000      2.673013353713722    0.03134629164534836      6.025131806030084      1.146690764692488
                  71000      2.588691748589472    0.03117461888043907       2.72729426049382     0.3485697084499388
                  72000      2.460573517017723    0.03105144542596026      1.581084833861556    -0.2005879882211538
                  73000      2.711478377807429    0.03091820183387927      5.145761916361529     0.9751739513907161
                  74000      2.702188129837621    0.03080929993545403      5.713015649131227      1.076219047090084
                  75000      2.743344317565736    0.03064700425489258      3.744574233994313     0.6484982762419133
                  76000       2.68578025876593    0.03055971213136911      6.224684507419229      1.153860741774149
                  77000      2.721824956933915    0.03042977928564748      5.365680008182848      1.001100265490688
                  78000      2.662725350315806    0.03032227980238078      6.011811819088712      1.111264357614136
                  79000      2.634376606052353    0.03018140525906117      4.841883530293243     0.8901852568039991
                  80000      1.726831672519091    0.03015750656477337     0.3424646619503093     -1.759497499472145
                  81000      1.867104330350213    0.03011443883742558     0.6463500324446834     -1.125753885944298
                  82000      2.576879604150758    0.02999494505008039      2.392596689005519     0.1790635638177735
                  83000      2.396081787720056    0.02994687085001658      0.754449694050255    -0.9766863997997262
                  84000      2.554525165561283    0.02983179871136578      2.364590718669347     0.1618352825476352
                  85000      2.688839114349574    0.02975720380013316      6.705596798188306      1.201669205704875
                  86000      2.508407866137827    0.02965280773614188      2.195930545016306    0.08181814992415448
                  87000       2.72721356484272    0.02953437629796119      5.294555809615023     0.9578894078143447
                  88000      2.226336957437886    0.02951793982420133     0.2733940052859278     -2.006187635543772
                  89000      1.823795808086907    0.02948950805751835     0.4878716936951208     -1.428012851660325
                  90000      1.826351004024045    0.02945397535480055     0.6239551210721604     -1.183192509211601
                  91000      1.952022950551175    0.02942024591912023      0.593221282219785     -1.234849280564084
                  92000      1.968719560877576    0.02938211523736821     0.6826813111961043     -1.095685528015453
                  93000      1.915816886898117    0.02933842859246318     0.8000936975213867    -0.9384727857513728
                  94000       2.70374634773328     0.0292736851957066      6.969926261378379      1.223949079352706
                  95000      2.499395657583105    0.02917761180331769       2.31135899557922     0.1168927952301875
                  96000      2.671380273436797    0.02911413201897679      7.117624798791403      1.239453204556218
                  97000      1.680660835443628    0.02909746465296529     0.3160643346684323     -1.875503012562056
                  98000      2.561359494871821    0.02900001217106178      2.575343277819381      0.218934524461062
                  99000      2.450886186174375    0.02893256153562213      1.544221569124918    -0.2948569599895771
                 100000      2.489009747670769    0.02884282823484458      2.361715964437738     0.1269052701829879
                 101000      2.550557811274346    0.02874618280784254      2.780292529829737     0.2867165730292399
                 102000      2.426580792509114    0.02868801877823222      1.361295801112371     -0.429427949729497
                 103000      2.418054200170853    0.02862979327515539      1.380921519579282    -0.4171456195830748
                 104000      2.558675525406548    0.02853385052638379      2.986212593583576     0.3507524513800039
                 105000      2.684088207334891    0.02848046440979513      7.272772020553016      1.239011345395052
                 106000      2.655536845056245      0.028405377478435      6.628516513609523      1.143614938411048
                 107000       2.67728606312939    0.02835201239988122       7.52065932427593      1.268007259774147
                 108000      2.429656148086743     0.0282929963632595      1.630691047508049    -0.2627263860294478
                 109000      2.739740957016341    0.02819518949970428      4.671411977707486      0.786268192722678
                 110000       2.50634476908415    0.02811469297585963      2.699337649160473     0.2349541869556408
                 111000      2.688980904803725    0.02806240545986314      7.615928645098439      1.270328162727847
                 112000      2.496073480419815    0.02798547052799046      2.671803806483785     0.2200947308196907
                 113000      2.404275513561549    0.02794048896374234      1.307332190845478    -0.4962791428559814
                 114000      2.557956215383723    0.02786227328239232      2.872226709916495     0.2880165855045501
                 115000      2.465503935963214    0.02779571524859702      2.261297921704226    0.04647626892243814
                 116000      2.506289000693768    0.02771818450451475      2.988008665536746     0.3223512832687124
                 117000      2.792170828353767    0.02768169160993503      1.087066263609739    -0.6900907539006339
                 118000      2.734675753008962    0.02759744828029849      5.244195118163588      0.880500525711582
                 119000      2.699362661071909    0.02754380973153791      7.446366427095775      1.229159441496495
                 120000       2.60789039092058    0.02746675926488023      3.375310091523858      0.435119156387627
                 121000      2.671263213520961    0.02740851870445484      7.257009097804695      1.198477078428866
                 122000      2.509054423132037    0.02733822558910418      3.008354406501662     0.3153345857829716
                 123000      2.766026811089815    0.02727269980010941      2.725590217129497     0.2142266304101527
                 124000       2.60437343183189    0.02720229519356136      3.192048219471991      0.369619575460444
                 125000      2.439414446769717    0.02715075753712438      1.983936931403616    -0.1078563945611768
                 126000      2.191363167990663    0.02714259336619714     0.2564994641230942     -2.153869060813834
                 127000       2.47523085279693    0.02707994251248721      2.705946197317595     0.1999004097579655
                 128000      2.568336941449723     0.0270151104574379      2.941239073663549     0.2808827400012763
                 129000      2.210750792260313    0.02700547563438275      0.313183045163658     -1.959272366052185
                 130000      2.340757611259532    0.02698780480463251     0.5941967084033987      -1.31950432766788
                 131000      2.619803222713332    0.02691467004429004      4.223642055331461     0.6390247326648153
                 132000      2.360809829810437    0.02689303657203972     0.7569884645524896     -1.080884436650861
                 133000      2.703500767334671    0.02683861561887878      7.104102131169522      1.156169551681589
                 134000      2.567918494592198    0.02677636395636361       3.04358560982227     0.3062112915253025
                 135000      2.420332565085806    0.02673203238683685      1.850649179754137    -0.1929455155242592
                 136000      2.459796592086609    0.02667665668769932      2.582769326705485     0.1383065451321534
                 137000      2.483026737847046    0.02661659332087914      3.034999549985954     0.2974015443698101
                 138000      2.563786631792321     0.0265560598712476      3.161526040625226     0.3359682384372706
                 139000      2.382330094795324    0.02652716312192503      1.156200147271471    -0.6710364376972388
                 140000      2.544820540924787    0.02646569333594437       3.40495854331896     0.4067375052572846
                 141000      2.657881774304609    0.02641149779359999      6.763217584860004      1.090953626509481
                 142000      2.632388631572035    0.02634712005238958      5.260170387912613     0.8371778302317939
                 143000      2.687480777815717    0.02630301895651973      7.530160243773021      1.194255481894042
                 144000      2.456078684689736    0.02625172396894513      2.726733459799274     0.1764914575718765
                 145000      2.511833390251147    0.02619471061566138      3.388820373052684     0.3916948315500625
                 146000      2.645780755600331    0.02613793062498711      6.270629271253584      1.004919689617354
                 147000      2.463907474160591    0.02608601425755793       2.98538044798496     0.2607819482699841
                 148000       2.54692583618718     0.0260307410964496      3.458578019483039     0.4057911548051008
                 149000      2.644826904837319    0.02597623568525987      6.331029092420135      1.008300342514658
                 150000      1.762905502926869    0.02596840353906513     0.3359331405068343     -1.928307137117546
                 151000       2.66193383889213    0.02592416822253837      7.391412555995922      1.161149968330792
                 152000      2.488018412408857     0.0258718730537997      3.378396116569262     0.3762129090471691
                 153000      2.659796946545057    0.02582819190547863      7.425706488328124      1.162069872753129
                 154000      2.151198582731427     0.0258188757777418     0.4252453511693254     -1.698327698265592
                 155000      2.094976077880485    0.02580291367858192     0.7565819128822867     -1.122801616247633
                 156000      1.493971353446234    0.02579869929618132     0.1884882107506828     -2.512740302928722
                 157000      2.489396920839218    0.02574660279841106      3.597794271641666     0.4342790813868333
                 158000      2.667951779009739    0.02571026227086817      7.999661616474635      1.231944902971087
                 159000      1.942225856899515    0.02569637664407501     0.6755009816642815     -1.240295235214301
                 160000      1.719300911890934    0.02568795744677869      0.398657977730403      -1.76797369034492
                 161000       1.87729102920831    0.02567451830857477     0.6550219997377498     -1.271932024215639
                 162000       2.67712949880595    0.02564029791721141      8.195719285524349      1.253432668608938
                 163000       2.70931585119929    0.02559288255701843      6.973358828581568      1.090066732119073
                 164000      2.658851102704376    0.02555385915204532      7.886732432184577      1.211625694825065
                 165000      2.562102330256947    0.02550710795995014      3.358451570467766      0.356092620260035
                 166000       2.43287350331524     0.0254686324119111      2.479891529726753    0.05131785245968967
                 167000      2.538392848730231    0.02542113757679092      3.605797342628988     0.4237793769429458
                 168000      2.287332436314575    0.02541169099848608     0.4939819704693421     -1.564391478046822
                 169000      2.332309627663503    0.02539862692947627     0.6991779016320652      -1.21749950791099
                 170000      2.245932025224148      0.025391454447753     0.3719338996905477     -1.848971013372227
                 171000      2.718135199045076    0.02534278820371623      6.385350151523649     0.9921559660221334
                 172000      2.461510313446644    0.02529958978523807       3.18290331338718     0.2942373912576318
                 173000      2.563862935998562    0.02525426205243688       3.56075971947525     0.4046242998545043
                 174000      2.530802467370851    0.02520808340296314      3.799972191287424     0.4678138994417532
                 175000      2.690603425234185    0.02517335090785178      8.055348002642736      1.217777588090394
                 176000      2.697751793985363    0.02513648707004443      7.877904509313762      1.194037839783626
                 177000      2.666033262011874    0.02510256277290837      8.225837863280239      1.235905540549114
                 178000      2.720784709147487    0.02505642843564683      6.407783477786258     0.9842992763999262
                 179000      2.703301580857763    0.02501847173628465      7.798146549832245      1.179155942910465
                 180000      2.203162106797541    0.02501246329746305     0.3548211476218054     -1.911111755658538
                 181000       2.62743361529995    0.02496557275134396      5.183657064825758     0.7686640278834092
                 182000      2.355371050788242    0.02495352454362561     0.7502788522932775     -1.164639824223566
                 183000      2.701552147398999    0.02491545514120781      7.720643676275372      1.165041475419936
                 184000      2.532847775383789    0.02487470364637269      3.617758475924397     0.4053614355429311
                 185000      2.458664811538398    0.02483859824985942      2.968718699706249     0.2061847075741909
                 186000      2.388411967409292    0.02482092298780913      1.193488041669166    -0.7057774486781232
                 187000      2.639041262652615    0.02477693553499257      6.205810457606191      0.941054663225292
                 188000      2.737432841326651    0.02473300262103405        4.9000087029013     0.7030309092938187
                 189000      2.550015485351301    0.02469409478603023       3.60810272872732     0.3954016496200405
                 190000      2.732683385375478    0.02465058492934608      5.482043262105837     0.8119339568844436
                 191000      2.637117271651821    0.02460804604945117      6.073031613906662     0.9125868249706676
                 192000      2.499287121782566    0.02457080481167605      3.528870960182327      0.368192358119439
                 193000      2.654335633190552    0.02453340365696302      7.353093837195407      1.100812196181945
                 194000      2.748131641299366    0.02449439516403822      4.069394533715663     0.5075939855155716
                 195000      2.571326203845424    0.02445988357106064      3.247578853868274     0.2805995587271399
                 196000      2.414956466302674      0.024436616979002      1.871366950490174     -0.271592705590251
                 197000      2.361331753790637    0.02442488191521315     0.8518887698008828     -1.059041511444273
                 198000      2.471902370770558    0.02439144120631731       3.16102859282746     0.2507852170030808
                 199000      2.368391317218104    0.02437835863456148     0.9707393706817373    -0.9303460247187145
                 200000      2.469241197608251    0.02434477046679841      3.243182404613635      0.274527570401675
                 201000       2.66193465836573    0.02431072134182064      7.618715049289161      1.127180625080258
                 202000      2.612939276549556    0.02427334514284344       4.19798472434037       0.52963886097618
                 203000      2.639682804419866    0.02423512270415268      6.426737150413811     0.9539253380014824
                 204000       2.70377949031581    0.02420019340181162      7.321292067901432      1.082802887124204
                 205000      2.713515837169912     0.0241637501858319      6.879329316566772      1.019030185858503
                 206000      2.503179765314346    0.02413052850492452      3.558060214915002     0.3583487324856668
                 207000      1.947170418842972    0.02412272975816517     0.6040012237229565     -1.415369077731523
                 208000      1.749975692887345     0.0241179647507526     0.3611508873488998     -1.929847011553564
                 209000      2.700239748422481    0.02408523022150719      7.636565400920221      1.120202183768414
                 210000      2.700231875590356    0.02405300457688309       7.72675403044786       1.13060421292572
                 211000      2.744804143255108    0.02401746655715387      4.447134411983706     0.5766967130306428
                 212000      2.653207473829184    0.02398323603440608      7.156379714953901      1.051014752192982
                 213000      2.606124036300224    0.02395055623756552       3.81389383550831     0.4202976576340972
                 214000      2.564048912078318    0.02392050103385173      3.312913891417106        0.2782194447315
                 215000      2.687974730233438    0.02389075560486855      8.031423977190052       1.16250887150596
                 216000      1.430455684765369    0.02388861794222552     0.1719267425850455     -2.681629261547879
                 217000      2.002494803066563    0.02388252853334827     0.5052372265389178     -1.603924598806787
                 218000      1.963805748285064    0.02387513382958447     0.6209920458912347      -1.39794407612282
                 219000      2.568774805545919    0.02384527972424954      3.397725098249812     0.3003478393309479
                 220000       2.37017495469964    0.02383382345693662      1.006984512856096     -0.916278602644318
                 221000      2.331160337117395    0.02382475348322897     0.7818220434448359     -1.169747589975412
                 222000      2.035804955930824    0.02381744368909975     0.6216713675374321     -1.399269995770389
                 223000      2.421820510630978    0.02379563754779883      2.177043224044143    -0.1468746577347666
                 224000      2.210683103134164    0.02379095942836836     0.3917698342286055     -1.862119678875407
                 225000      2.524758157198143    0.02376042157878258       3.67042795853584     0.3739849405530259
                 226000      2.481557600302253     0.0237310187826541      3.468296773945711     0.3161020697817248
                 227000      2.442763993032967    0.02370499104392956      2.872229346289076      0.126429560266246
                 228000      2.501737898126689    0.02367464867035106      3.776390491285542     0.3988288939925305
                 229000       2.45149684856887    0.02364733750098604      3.166310590339218     0.2214730255987509
                 230000      2.701096918453358    0.02361910431298962       7.92624844472509      1.137891166938708
                 231000      2.704704477925026    0.02359057109809401      7.856581695561456      1.127854153296094
                 232000      1.654914469250324    0.02358779720545112     0.2430760677185939     -2.347995900229809
                 233000      1.933814282305848    0.02358027860378522     0.6869185327239848     -1.309473429815049
                 234000      2.504186115051444    0.02355039297723615      3.940379594988314     0.4360750076073022
                 235000      2.516787727986983    0.02352041380225449      4.032304324068053     0.4578621594070534
                 236000      2.601988396544684    0.02349130336924964      3.848668889873811     0.4100130666687241
                 237000      2.702766611753211    0.02346530516608123      8.237399601406382      1.169863103860988
                 238000      2.531997603019474    0.02343608666107027      4.016652604595777     0.4503813075611744
                 239000      2.584617551987293    0.02340898370382737      3.515006241076923     0.3158166062468714
                 240000      2.630310722043724    0.02337739728919119      5.896921509700426     0.8318555022415939
                 241000      2.381677481727025    0.02336519376674371      1.248122313619523    -0.7214568202171682
                 242000      2.769036034504339     0.0233449176759828      2.327700779883116   -0.09908426958404484
                 243000      2.643319227953345    0.02331530923944845      6.992870827803892     0.9996568083994078
                 244000      2.073396538936714    0.02330839061724619     0.6818228000430193     -1.328516633029782
                 245000      1.796576690777214    0.02330453628407457     0.3695391436136152     -1.941195137793266
                 246000       1.93123506905774     0.0232972344324612     0.7240273182690661     -1.268936057473341
                 247000      2.332132170964251    0.02328903440170335     0.8218799163617188     -1.142522920715128
                 248000      2.191586442179022    0.02328504955999449     0.3840575169012547     -1.903496011395251
                 249000      2.259049270916617    0.02328097300278206     0.3935505837472725     -1.879253815688734
                 250000      2.654285934441056    0.02325343699845542      7.561917864835792      1.075233230619828
                 251000      2.439945386064766    0.02323069674905546      2.863597995613854     0.1032088521989843
                 252000       2.14190943737663    0.02322604036073723     0.4599921305634304     -1.725616380776696
                 253000      2.437291527024994    0.02320338798946091      2.874642459005073     0.1058820442472368
                 254000      2.696461545716098     0.0231789265125033      8.235916046412097      1.157403559304182
                 255000      2.543445975230792    0.02315240440938907      3.855244600624125     0.3971885303226371
                 256000      2.506581815216467    0.02312544650403828      4.045529560924315     0.4442014886244549
                 257000      2.644857232421286    0.02309744796502427      7.040591723469377     0.9970697897649426
                 258000      2.420708135060807    0.02307840545004314      2.371232223043427   -0.09203746555448147
                 259000      2.549428103309179     0.0230524865258166       3.88541088061512      0.400657815712438
                 260000      2.517819041973583    0.02302591991761568      4.155753430445041     0.4667697150147102
                 261000      2.588429549049339    0.02300143235609436      3.575372236277747     0.3152812208812677
                 262000      2.365329694035807     0.0229917652400383      1.079405866867482    -0.8827976769519427
                 263000      2.507843776651529     0.0229654616423308      4.207947312360844      0.476621811879521
                 264000      2.464594172723088    0.02294155611100775      3.518586232829758     0.2966646516680577
                 265000      2.502180066460163    0.02291543273502181      4.268676734062963     0.4887699207830648
                 266000       1.97790196700404    0.02290967288797935     0.6297231838026972     -1.425260290937699
                 267000      2.646046933123601    0.02288383089632606      7.313242129238747      1.025772719721513
                 268000      2.458181724632233    0.02286026965699694      3.570335434929643     0.3077154428357941
                 269000       2.58930908723298    0.02283625228700348      3.741639300249962     0.3535285545635665
                 270000       2.32170813069805    0.02282924289317774     0.7962239084940813      -1.19417710564956
                 271000       2.57603036828486    0.02280515272922779      3.821229724080637     0.3732142332136222
                 272000      2.413799175535989    0.02278799709422545      2.281067501967236    -0.1434670721064112
                 273000      2.674930672162227    0.02276693092571211      8.495707022046993      1.170525502580534
                 274000      2.592963718252199    0.02274279196393813      3.983206829830753      0.411990927225142
                 275000      2.261428500784294    0.02273888415636131     0.4417354736318982     -1.787312196753353
                 276000      2.409647725471466    0.02272252577089301      2.200593857100488    -0.1822605460704528
                 277000      2.572158488925153    0.02269846641316178      4.050583373840134     0.4268137147602519
                 278000      2.606033435619212    0.02267322800628298      4.637461746958292      0.561007462527917
                 279000      2.564002526661422    0.02264889709028989      4.281090123437611     0.4799742738364199
                 280000      2.545965669075615    0.02262437431478676      4.438062910556123     0.5149012722258658
                 281000      2.640668777846938    0.02259991808553757      7.127009247866829     0.9874934056167147
                 282000      2.702622739928914     0.0225780630400727      8.062870348670701      1.109903826500851
                 283000      2.690544253128976    0.02255792181214407      8.531899236221685       1.16555373234735
                 284000      2.390428076103222    0.02254593273738409      1.604499917841263     -0.505977748591936
                 285000      2.623743626190456    0.02252068256976091      5.905611863793878     0.7959926122794561
                 286000      2.669803400304244     0.0225005859283562      8.508407756079668      1.160251610295531
                 287000      2.509004394083701    0.02247727978710459      4.380590985662348     0.4953440930896382
                 288000      2.505862623313445    0.02245397885674347      4.446440676052683     0.5092271962396069
                 289000      2.594847887215806    0.02243105928136331      4.334868834799277     0.4827933638119148
                 290000      2.658392565595471    0.02241025219439542      8.200807971102485       1.11940666165925
                 291000      2.420877006846175    0.02239351654979382      2.603171698145887   -0.02884249952233058
                 292000      2.547573252586067    0.02237075437651005      4.448998378154717     0.5060889226807282
                 293000       2.61891401507766    0.02234670237153216      5.653586758304328     0.7446243712749381
                 294000      2.398354119272352    0.02233343899315939      1.961476990644978    -0.3145617443642134
                 295000      2.303159683942909     0.0223283974643506     0.6599589064824477     -1.404062973789737
                 296000      2.522398346462821    0.02230562996184094      4.665204352840647     0.5506261879158106
                 297000      2.527441893656849    0.02228285260876932       4.75727947581305     0.5691488453042638
                 298000      2.413372522378607    0.02226679695780877      2.575860241280676   -0.04506436635706353
                 299000       2.60071645973986    0.02224421792135982      4.780218747494362     0.5722238524458984
                 300000      2.345480471926678    0.02223709883025776     0.9829520374385841     -1.009777501679809
                 301000      2.424269688492303    0.02221983308213943      2.907765979622599    0.07402579165651106
                 302000      2.391199045348757    0.02220725544612055      1.911999864951678    -0.3457757608439484
                 303000      2.637952206670002    0.02218498285584364       7.00883930277495     0.9522431598138632
                 304000       2.47897002340783    0.02216459117445183      3.946748654165127     0.3770435755915677
                 305000      2.494360385626415    0.02214320952793854      4.438224374623579     0.4934407005114034
                 306000      2.485380514424135    0.02212221711834189      4.304723364987136     0.4619507176098275
                 307000      2.641902489614178    0.02210090716071662      7.309668432684057      0.990472008142411
                 308000      2.183145061136498    0.02209801487610634     0.3946006909693699     -1.928737716675822
                 309000      2.477729042274097    0.02207759133408592      4.167717142319045     0.4275870031273675
                 310000      2.438877091529182    0.02205938322694535      3.392452952897006     0.2209467369814343
                 311000      2.355621997590574    0.02205156466154295      1.155542030070664     -0.856391479143537
                 312000      2.667462083967457    0.02203304580475175      8.329797220235649      1.118037958746989
                 313000      2.528926111539377    0.02201200289573334      4.702071986955612     0.5452465883872741
                 314000      2.531551302178026    0.02199097856407872      4.770707579352602     0.5587823751532667
                 315000      2.773870624456196    0.02197999250308766      1.759151140759908    -0.4393805680089901
                 316000      2.428978131408272    0.02196295979364693      3.186001304015379     0.1537794472517781
                 317000      2.669053025938088    0.02194509581396101      8.426838662579982      1.125620818313531
                 318000      2.708163691762542     0.0219250895270644      7.538151472842564      1.013264048569868
                 319000      2.725878392663946    0.02190374950435785      6.188813663080426     0.8150566847353221
                 320000      2.403619252791124    0.02189011666903837      2.398795125163921     -0.133342740802135
                 321000      2.770068927272252    0.02187791088953721      2.086161315174953    -0.2735413837081336
                 322000      2.645497380818436    0.02185839483431333      7.624882277394709      1.021657371819938
                 323000      2.657393714784283    0.02184029227564882      8.229764305244677      1.097169346940711
                 324000      2.709583540141951    0.02182074792922742      7.543573422531618      1.009212693297368
                 325000      2.700557738558007     0.0218024856358233      8.135640837473037      1.083933933983535
                 326000      2.022219906489303     0.0217987262162047      0.576061034419081      -1.56403468595026
                 327000      2.513666120725035    0.02177881850516894      4.906424509820394     0.5771387778296322
                 328000      2.588761776166538    0.02176017715252892      4.211444594815688      0.423542723931003
                 329000      2.306763126168693    0.02175548708607519     0.7373870313997317     -1.319120936949211
                 330000      2.492874252091851    0.02173589381264147      4.844319450090247     0.5624271956670613
                 331000      2.746745703435849    0.02171735796189714      4.267016936675094     0.4346822580692751
                 332000      2.552410482642578    0.02169815947474359      4.708258042902503     0.5322008752436452
                 333000      1.889874515684872    0.02169455370485208     0.5680523587540234     -1.582824998124411
                 334000      1.944842174513301    0.02168990981121173      0.743610132523575       -1.3137357923919
                 335000      1.663565859087311    0.02168805777736704     0.2852161199334656     -2.272090856538051
                 336000      2.278344937956222    0.02168465001485098     0.5365513309169667     -1.640332968672567
                 337000      2.547905654487338     0.0216654271429019      4.847189869559953     0.5597723372691585
                 338000      2.704197495717854     0.0216480650658357      8.210342686637796      1.085966177573857
                 339000      2.684767782112836    0.02163245258664964      8.864073112969406      1.161856437784753
                 340000      2.418237881588168    0.02161802039828172      2.929559821385078    0.05403486248393333
                 341000      2.695619452379353    0.02160201648078344      8.710979211310592      1.143026312049258
                 342000       2.69278121418189    0.02158644085480029      8.869365372862507      1.160324063324446
                 343000       2.71706683409364    0.02156802900540451      7.556838984784013     0.9993204963895738
                 344000      2.682245670783424    0.02155305316877108      9.077332842752096      1.181953332335681
                 345000      2.774016441708942    0.02154306546037997      1.879039546011861    -0.3935298193213803
                 346000      2.740004534239725    0.02152434263943108      5.154779321552599     0.6147642561565198
                 347000      2.518451244124232    0.02150582337190212      5.055614297268398     0.5944785585372171
                 348000      2.683309184963061     0.0214910626396075      9.097609819412726      1.181304317121906
                 349000      2.506192611780911     0.0214727180329557      5.072262594341296     0.5962256275670489
                 350000      2.516785964116462    0.02145434229751239       5.19403735309283     0.6190938055763245
                 351000      2.512125770759938     0.0214359813461622      5.280864047891058     0.6348160489629963
                 352000      1.532639158920014    0.02143476496981585     0.2044099958413157     -2.616957945533168
                 353000      1.633741724176245    0.02143330700816402     0.2459183503655173     -2.432154155109399
                 354000      2.288410276915001    0.02142967153509905     0.6338594101923644     -1.485496179814716
                 355000      2.576594393338844    0.02141245095362205      4.479763586834103     0.4691982851151389
                 356000      2.335126543461139    0.02140694581540849     0.9962185500032281      -1.03441773979672
                 357000      2.282118918347323    0.02140333309114924     0.6342030300859245     -1.486184039480665
                 358000      2.451436191940779    0.02138773429480833      3.731200911788574     0.2852031737932159
                 359000      2.347841550195258    0.02138162103628433      1.126047794957223    -0.9130988637876043
                 360000      2.670290877045645    0.02136747532312614      9.162722620291447      1.182668722768041
                 361000       2.64677420120296    0.02135079862328896      8.065060008036641      1.054285735095581
                 362000      2.539625018705871    0.02133314682113058      5.110833843674198     0.5972800593763525
                 363000      2.145820921429596    0.02133057597683508     0.4561988344686714     -1.819029550974348
                 364000       2.49473124111879    0.02131300626363498      5.128344924140019      0.599755927099101
                 365000      2.683748856558995    0.02129950963852768      9.355523613656954      1.200306418251952
                 366000      2.509149504330608    0.02128179843242177      5.497711445274784     0.6678395162674227
                 367000      2.638141446057226    0.02126458792958988         7.456633809011     0.9718026687693276
                 368000      2.597762313224529    0.02124806292210031      4.584197998792376     0.4845363443197274
                 369000      2.631766985747997    0.02123049957454184      6.823923782685068     0.8815288858721037
                 370000      2.517620376539317    0.02121320898521257      5.405057914576596     0.6476146568055233
                 371000      2.743606997637249    0.02119685161381404      4.638823774603587      0.493968936894719
                 372000      2.685586280083753     0.0211828695912849      9.074461140501164      1.164312254600906
                 373000      2.658612535041348    0.02116793475371226      8.658133749390972      1.116642159808701
                 374000      2.718985966917378    0.02115105487529942        7.3045179764136     0.9458382755198631
                 375000       2.51735940158754    0.02113416800609405      5.422089551144601     0.6470277725264664
                 376000      2.652138788158477    0.02111881568291045      8.368944391250157      1.080347577841509
                 377000      2.709853638920698     0.0211030940530649      8.120815431899976      1.049505676875045
                 378000      2.523598588678143    0.02108647340634039      5.399728528093412     0.6406358816278501
                 379000      2.497788889419806    0.02107003050682091      5.282807273265488     0.6179647504412971
                 380000      2.599743573487488    0.02105453226415263      4.554317780045559     0.4688470298213023
                 381000      2.543519024215404    0.02103847485722804      5.042286622608225     0.5698680094024965
                 382000      2.740397194512893    0.02102245548043332       5.07592239097788     0.5757548731199786
                 383000      2.523021789203282    0.02100610259763119      5.555901736359691      0.665329171867878
                 384000      2.683051615524195    0.02099281481444358      9.180062639174198      1.166869693309488
                 385000      2.772381905321963    0.02098366135723782      2.120459538751877    -0.2989676291729937
                 386000       2.68552211689168    0.02097054150154882      9.241302197936509      1.172456911272337
                 387000      1.720782229527329    0.02096877650808724     0.3533174481391873     -2.091698403531288
                 388000         1.922915809072    0.02096547715068914     0.6786463190293068     -1.439122594677881
                 389000      1.689833197661356    0.02096374763289836     0.3464110416826511     -2.111679146747031
                 390000      1.912787219413938    0.02096047810946454     0.6729472659460518      -1.44779420156316
                 391000      2.762178182436405    0.02094884134266554      2.959926171936598    0.03290310288887105
                 392000      2.271371341514487    0.02094612536505808     0.5556359184715225     -1.640032901848639
                 393000      2.447699892315142    0.02093334403617831       3.42728221124681     0.1787663227252732
                 394000       2.42481866472151    0.02092170565230155      2.990954766598171    0.04203526215117744
                 395000      2.287703308144669    0.02091843615022414      0.680516584527134     -1.438616765729977
                 396000      2.737998203536599    0.02090265898201841      5.436488394671418     0.6386651494238916
                 397000      2.548287347890565    0.02088737057233509      4.982610855655305     0.5507541571228598
                 398000      2.545002889546825    0.02087198804175654      5.139211020834948      0.580962982472872
                 399000      2.476718668834074     0.0208576803911944      4.349029216933367     0.4133303339531069
                 400000      2.261504041284759    0.02085509925680749     0.5409696978811933     -1.671138088222037
                 401000      2.673163783532578    0.02084196974115614       9.02376174928655      1.142485460037263
                 402000      2.701177812093126     0.0208280163857149      8.576985299970874      1.091036947911402
                 403000      2.269443418490534    0.02082511245474756     0.6209012193558594     -1.534768250956869
                 404000      2.442519869917616    0.02081295252201553      3.361114928125943     0.1535036908624982
                 405000      2.669876769587679    0.02079991098174081      9.030926903347172      1.141259154016839
                 406000      2.654774916901415    0.02078582727011447       8.42677494072878       1.07134094050186
                 407000      2.618836949270511    0.02077060837704791      5.535692418685174     0.6504110229435585
                 408000      2.343732316941836    0.02076609408533356      1.019103369847498     -1.042099806074974
                 409000       2.55535232849063    0.02075164378672177      4.809096609234993     0.5087901513045097
                 410000      2.673452311166417    0.02073910841390412      9.215568306228375      1.158570912017493
                 411000      2.568359285833266    0.02072509030932605      4.574299511058462     0.4574540709640952
                 412000      2.693851217681407    0.02071220841652742       9.01274735307509      1.135018690565021
                 413000      2.347658721597261    0.02070759362070782      1.069048001103499    -0.9970755537961693
                 414000      2.651973831293577    0.02069369694919168      8.358070223582311      1.058712162423516
                 415000      2.653410904249316    0.02068007357593151      8.530275671273023      1.078447724074988
                 416000      2.653308116448152    0.02066657291128757      8.595899712524288      1.085458309545411
                 417000      2.712202495358063     0.0206522098806645      7.857227414926196     0.9949115654908913
                 418000      2.653896514944491    0.02063891105879198       8.69126337362983      1.095151929396337
                 419000      2.709102294840616     0.0206249459745634      8.163160057438201      1.031788106530526
                 420000      2.524469022678349    0.02061060874572098      5.368951371414897     0.6120939827794881
                 421000      2.530129156687723    0.02059633705489011      5.362499520637674     0.6101988797559955
                 422000      2.659143971282559    0.02058373609313549      9.035074248081692      1.131270833543335
                 423000      2.697121524758153    0.02057109964181145      9.008143062815755      1.127671551559112
                 424000      2.403486729425481    0.02056284473938548      2.242093475338623    -0.2634487517788246
                 425000      2.375763202241456    0.02055701128678286      1.484035845456312    -0.6763771985569362
                 426000      2.480161009558337    0.02054415442246896      4.344513647846449     0.3971457006272729
                 427000      2.558267305151188    0.02053074047733842      4.795585870303793     0.4952746206810056
                 428000      2.459704714315917    0.02051919358181389      3.638912978677606     0.2187011629940984
                 429000      2.354889899649164    0.02051452636870716      1.169963060880856    -0.9162391472524286
                 430000      2.692801072859168    0.02050250341283255      9.231141865323568      1.148785187414751
                 431000      2.627351293903804    0.02048822281121208      6.362332395746578     0.7759007008359747
                 432000      2.633927623775537    0.02047405981449677      7.075613681143529     0.8814683269087427
                 433000      1.850823181713303     0.0204721908289302     0.4492627065260124     -1.875424611802209
                 434000      2.012325939203698    0.02047004970855545     0.5176957331064124     -1.733749331318494
                 435000      1.882367806408169    0.02046775956148155     0.5556754544027164     -1.663064488655888
                 436000       2.24424597987614    0.02046576510020737     0.4813310951599428     -1.806790965338835
                 437000      2.533428956222229    0.02045205092723969      5.443508062001363     0.6181623224492672
                 438000       2.71735544645618    0.02043833252384414      7.671248312923767     0.9605469755165581
                 439000      2.565368506364834    0.02042538235026924      4.769242207555179     0.4846212240072012
                 440000      2.543869342026701    0.02041190745018573      5.349983481362883     0.5988673401882805
                 441000       2.29587735301534    0.02040893047809146     0.7470281372910685     -1.370024416133112
                 442000      2.461830608845828    0.02039754088700641      3.789319958699521     0.2532563591798605
                 443000      2.633966546182609    0.02038380503136866      7.243679524076939      0.900525451188642
                 444000      2.306849320871269    0.02038052511939647     0.8363446041174436     -1.258479313300231
                 445000      2.394515055390658    0.02037333872786237      2.031028454465074    -0.3715751486716987
                 446000      2.308564538487947    0.02036991066756399     0.8794239595312502     -1.208773894773399
                 447000      2.530618904168875    0.02035646415816485      5.618086948209126     0.6450451535582009
                 448000      2.470358738059152    0.02034472295342827      4.105803291358468      0.330878411551265
                 449000      2.395868958576443    0.02033735718306282      2.119702961489169    -0.3306091456842538
                 450000      2.614447350915234    0.02032413576213493      5.469332544088697     0.6166211591778952
                 451000      2.363166683532452    0.02031911599682451      1.359342936224295    -0.7757809966800474
                 452000      2.527837353808051    0.02030580385461809      5.728595143997656     0.6620325122298172
                 453000      2.696102883706719    0.02029447306467577      9.259812009703939      1.141687771055681
                 454000      2.695172958228132    0.02028332090475966        9.3678247913499      1.152735279028068
                 455000      2.711295131507665     0.0202708216808847      8.369412364902304      1.039421608954814
                 456000      2.538178183923243    0.02025779695451063      5.597791635954393     0.6365673612562023
                 457000      2.246205862826432    0.02025579805535413     0.5185663521760669     -1.742590775949801
                 458000       2.48771019366412    0.02024340656621803      4.909887020862087     0.5047355081764426
                 459000      2.392376435728661    0.02023648966441226      2.048598112221977    -0.3697014568740452
                 460000      2.466460187038803    0.02022531260305155      4.028467836809437     0.3059764711635289
                 461000      2.683010277666947    0.02021492771055758      9.715847832037593      1.185835114266459
                 462000       2.69453982105455     0.0202041845198749      9.518025381886256      1.164732584600912
                 463000      2.624302016561543    0.02019113047973021      6.300716763069536     0.7515622594388234
                 464000      2.326373475641402    0.02018743784985712      1.022079637734604     -1.067444627723795
                 465000      2.394404250559507    0.02018042386674163       2.13742538330903    -0.3300295303927989
                 466000      2.702590744506153    0.02016918688437085      9.149498669463085      1.123510563375263
                 467000      2.678055566362366     0.0201590420162925      9.825086758465714      1.194247348913419
                 468000      2.295826611905899    0.02015602537373828      0.833543275961291     -1.272910949906525
                 469000      2.601234412662532    0.02014441455877577      4.577725405029547     0.4297847329375457
                 470000      2.614315939589884    0.02013197492725233      5.485979942769848     0.6101605177068457
                 471000       2.53328031718753    0.02011946731509947      5.663718498334925     0.6414239622698806
                 472000      2.502801753746118    0.02010706412345872      5.571065528382761     0.6243129734064163
                 473000      2.579101690404562    0.02009572804195768        4.4924390466502     0.4085584668098177
                 474000      2.402383273455706    0.02008830320962656      2.386942034953197    -0.2241937829906725
                 475000      2.467097147453744    0.02007759980988259      4.072085572572984     0.3094154879795334
                 476000      2.747009263810693    0.02006665543170672      4.264827132544551     0.3551165900223527
                 477000      2.613190952256719     0.0200545118044004      5.467686962916984     0.6029652621714783
                 478000      2.454232185020178    0.02004447805295533       3.71178217361161     0.2151212762925534
                 479000      2.560354479649568    0.02003271876156345      5.082918605555616     0.5289079379856646
                 480000      2.207459348154087    0.02003122179525996     0.4152934673004876     -1.975822274681711
                 481000      2.329369824795285    0.02002756184283863      1.069965766911799     -1.029608490802024
