#! FIELDS time e sigma_e height
#! SET action OPES_METAD_state
#! SET biasfactor       2.698418390276557
#! SET epsilon     0.01374333274381851
#! SET kernel_cutoff       2.928208142815685
#! SET compression_threshold                       1
#! SET zed      0.1476797863287296
#! SET sum_weights       718.5668155092181
#! SET sum_weights2        1608.11718143517
#! SET counter  482
                      0      2.668475034746538    0.02901608810020953       474.901182909175
                      0      2.511059747070458    0.02847957808870774      251.5748778089346
                      0      2.342546373609267    0.02825156045359391      19.08931323622464
                      0      2.027512991696293     0.0331166970081542      4.916638754810154
                      0      1.874787993493688    0.03380375539360408      4.683561870428846
                      0      2.562450187020951    0.02926134785929555      194.4560995577206
                      0      1.939638712315756    0.03162363555045022      8.628893984308966
                      0      2.093164633934375    0.03730008351700165      4.825016036330993
                      0      2.707197561416014    0.02717154844630067      391.0808846854798
                      0      2.208828148840354    0.03141052775197265      3.337870770852483
                      0      2.442328756077008    0.03058807028992431      113.4350796493817
                      0      2.276293029696945    0.02520812789915472      6.047864398666366
                      0      1.629112788046299      0.026520078010995     0.3699530301003588
                      0      1.759922172623441    0.02960143398399151       1.16395315233241
                      0      1.707540854385193    0.03195704960248996      2.186324384794744
                      0      1.496308564702318     0.0285028340589518     0.3155638598445423
                      0      1.818082026382706    0.03069551915694323      1.481365958380896
                      0      2.751727576601894    0.02604209120413778      54.29948186998205
                      0      2.630593603664813    0.02607266995458063      190.1306051800174
                      0      2.391306942420741    0.02439304176332774       28.9815384188007
                      0      2.146184392717565    0.02377648929665303      1.341436316201427
                      0      1.430455684765369    0.02388861794222552     0.1719267425850455
                      0      1.659585209986249    0.02299000086200814     0.5282921876520594
                      0       1.97790196700404    0.02290967288797935     0.6297231838026972
                      0      2.302934606907683    0.02150651890748977      4.693685914783233
                      0      1.532639158920014    0.02143476496981585     0.2044099958413157
                      0      2.603458569710915    0.02153583549411583      19.18392814678447
                      0      2.475258145106437    0.02181535696833534      25.80978658638279
                      0      2.245262413466337    0.02038068205684325     0.9998974473360098
