#! FIELDS time e sigma_e height logweight
#! SET action OPES_METAD_kernels
#! SET biasfactor       1.927441707340398
#! SET epsilon     0.01821196306674905
#! SET kernel_cutoff       2.830433390657354
#! SET compression_threshold                       1
                   1000      2.630662739022943    0.05785834540142751     0.1509064987297364     -1.927441707340398
                   2000      2.514129813959202    0.05355873798200947     0.4253748579313147    -0.9683500845182889
                   3000      2.466540592138684    0.05011057791483684      1.153347630298078   -0.03744374385577083
                   4000      2.609587503606805    0.04775367383636378     0.6590544082702066    -0.6452377452944679
                   5000      2.771853533707169     0.0469838410186402     0.1858341109949097     -1.927441707340398
                   6000      2.667477736288946    0.04514657919605157     0.9923596628028186    -0.2920997246420808
                   7000      2.572165561563352    0.04376442024031217       1.30883873258792   -0.04638311783514433
                   8000      2.719592871684347     0.0425415716638325     0.9429437161030537    -0.4026114917081366
                   9000      2.658538478535597    0.04164033199712518      1.595296935487832      0.101784539886665
                  10000        2.3585900718476    0.04108530640520429     0.4104328831400528     -1.269236876755579
                  11000      2.471210941765982    0.04023876902545812      1.404430354610721   -0.05988184870330886
                  12000      2.672154084683216    0.03965511451423042      1.927827529504562     0.2422691056075241
                  13000      2.329097640968297    0.03915779804044321     0.5876214801022314    -0.9584172556524387
                  14000      2.676779435727513    0.03869448535300229      2.151804925586364     0.3276595205505195
                  15000       2.43282316842403    0.03808575124179956      1.279893627099913    -0.2077273625434345
                  16000      2.450857654129672    0.03754028191128201      1.742609418992424     0.0864536344698232
                  17000      2.590828128894019    0.03702267297798844      1.480887467715895   -0.09017250565178635
                  18000      2.442803112959384    0.03657476807431099      1.934468032548989     0.1648464136705428
                  19000       2.34129334424205    0.03620495604077309     0.9100148084960414    -0.5994429520887081
                  20000      2.674307617143422    0.03583971040211371      2.170172820123772     0.2595187505450726
                  21000      2.533348475044649    0.03545175298679569      1.398592141268047    -0.1907057436366749
                  22000      2.660801654966063    0.03514452397944873      2.357598798062469     0.3227678964668831
                  23000      1.562592204443076      0.035045839846948     0.2491365698455515     -1.927441707340398
                  24000      2.696745237961353    0.03475230977383899      2.400342125352285     0.3295127553161083
                  25000      2.584418778200514    0.03442217960578047      1.734519679475861  -0.004912916356194409
                  26000      2.395039827573148    0.03411654490004736      1.507752602021769    -0.1539419088012444
                  27000      2.638946718143422    0.03387335484222064      2.570049780971968     0.3722094190026532
                  28000      2.653986703339763    0.03368262710443717      2.951942533559077     0.5051010656204623
                  29000      2.388490776681952    0.03341535039452959      1.594634712698703    -0.1186844854131455
                  30000      2.014706195423648    0.03334719429097907     0.2618271345600759     -1.927441707340398
                  31000      1.934657734719811     0.0332768968443355     0.2736717860790628     -1.885306946105026
                  32000      2.705338682434788    0.03307323259279674      2.820593838484786     0.4413271538072774
                  33000      2.503016041991276    0.03282688350006902      1.886225721938547     0.0314810963124718
                  34000      2.380766061217475    0.03259180968021954      1.846699041383465   0.003116201154725424
                  35000      2.594904697737465    0.03236920602618155      2.263874674935944     0.1999407805543803
                  36000      2.657825850403574    0.03224465680817409      3.402394762059711     0.6034873123986009
                  37000      2.728799286375606    0.03203287944155107      2.234412281582396     0.1763965278516873
                  38000      2.553094096656708    0.03183186805977885      1.841735758407087   -0.02316816008950497
                  39000      2.635757019377757    0.03167044564888583      3.064503792314796     0.4809250313125213
                  40000      2.714398863751908    0.03148948713073848      2.697655579097342     0.3476922778019014
                  41000       2.65558825553872     0.0313540271632867      3.394639744469544     0.5731957965877611
                  42000      1.900885251890877    0.03129778598256321     0.3804959299927406     -1.617077000767945
                  43000      2.557125778242814    0.03112060751590015      2.089868844007049    0.08062696856068864
                  44000      1.752527140750624    0.03107994177096509     0.2809271777652385     -1.927441707340398
                  45000      1.956308832560572    0.03101226346870418     0.4970552997897803     -1.359015832092263
                  46000      1.742969579668046    0.03094999062925233     0.4575760525208158     -1.443784038925958
                  47000      2.728325282432989    0.03078666439040295      2.594342544743475     0.2860701895507631
                  48000       2.53821821216839    0.03062509516053434      2.222078943381236     0.1259184325814113
                  49000      2.737750838945669    0.03046911233525558      2.451269698765789     0.2189750326427987
                  50000      2.642265876274173    0.03035980714218654      3.568825209522585     0.5910115065920526
                  51000      2.606582286870099    0.03022243670104159      3.036053078625413     0.4247983658968923
                  52000      2.732589077663853    0.03008002917957077      2.715158903978439     0.3083673867666318
                  53000      2.563575644171681    0.02994014958623338      2.623080419252417     0.2692051726369539
                  54000      2.475204443458291    0.02980814725843065      1.957414157268377   -0.02793851346930978
                  55000      2.419992848146719    0.02967922560842305      1.975368144128907   -0.02314245255075599
                  56000      2.675039307284127    0.02958561215718624       3.75947291775462      0.617222371291282
                  57000       2.52699393889584    0.02945831188778065      2.345856501782758     0.1412821265051005
                  58000      2.519355714354404    0.02933390399769264      2.438351853415575     0.1757217590264333
                  59000      2.621052736677866    0.02922583692307884      3.350887875206982     0.4899339300530849
                  60000      2.723732249704618    0.02910858327503696      2.825224638463865     0.3152764058461841
                  61000      2.706930343971964    0.02900118591229456      3.259365868781778     0.4545248181344438
                  62000      2.594965396520378    0.02888898834466078      2.852483981448133     0.3173061212708703
                  63000      2.422186410802881     0.0287852417989935      1.930729661864291   -0.07658374934508175
                  64000      2.647486722845066    0.02868993533580329      3.518101144183709     0.5201232102560827
                  65000      2.470428674974911    0.02858808858373695      2.077796183741345   -0.01004660926535869
                  66000      2.505716748191443    0.02848586945522069      2.264770808331672    0.07253715895060645
                  67000      2.731052651316839    0.02838430062302158      2.796911349592381     0.2800073540324965
                  68000      2.460451953055179    0.02828649678633669      2.263508384044149    0.06495597510264776
                  69000         2.128126147597      0.028264755355921     0.3089076914651635     -1.927441707340398
                  70000      2.013146444250126    0.02823318792157068     0.4652907342141917     -1.518939233506494
                  71000      2.654530325612979    0.02815299393843241      3.752593123430258     0.5657562439012422
                  72000      2.516126675561773    0.02805820037719204      2.526954697266601     0.1669512763528324
                  73000      2.380285444874136    0.02797704699173445       1.70942115552578    -0.2268053308529472
                  74000      2.669207324928347    0.02790223230719178      3.846623103981888     0.5815577819746145
                  75000      2.659700644670452    0.02782994922413663      3.943220335218507     0.6037659222432652
                  76000      2.723300387475398    0.02774301414039016      3.148761721526497     0.3756487748636883
                  77000      2.576073054471806    0.02765591413987501      2.714513362770989      0.224107732906216
                  78000       2.75501299751296    0.02757388566124544      2.206917873433038    0.01412150562988175
                  79000      2.721511222025283    0.02749364061851254      3.369039562220248     0.4342378728433308
                  80000      2.705776740257463    0.02741995367653028      3.722407652564992     0.5312970998671847
                  81000      2.574433571385657    0.02733871179861473      2.778059790595582     0.2357119171299188
                  82000      2.635550952068064    0.02726604257213065      3.685043979538611     0.5155799642198513
                  83000      2.455791220978616    0.02718894695445294      2.453922935389896     0.1061539086478248
                  84000      2.494100456881393    0.02711216525798601      2.624544983613176     0.1705455088882889
                  85000      2.499028261714757    0.02703623288602954      2.790285860324537     0.2289774123845814
                  86000      2.621271334344788    0.02696866939934231      3.763390623057862     0.5256515498992523
                  87000      2.688606185133497    0.02690897138440037      4.162817601616521     0.6243073305822585
                  88000      2.630944892612348    0.02684754447742069       4.08321093201014     0.6027134732348414
                  89000      2.480302120583097    0.02677620653484573      2.747690684920115     0.2039299230408258
                  90000      2.688108445467814    0.02671893117440676      4.252165342023044     0.6384561301183923
                  91000      2.485003586762091    0.02664940441539841      2.862825706251894     0.2402313860006444
                  92000      2.484996451400215    0.02658084049213177      2.979122302224476     0.2774748394670983
                  93000      2.582967002074136    0.02651335494139639      3.065062967212248     0.3033721170064957
                  94000      2.605272225956744    0.02644908866213073      3.563233720225988     0.4515456213139784
                  95000      2.585712171744066    0.02638418505307492      3.323766011016595     0.3795186981253145
                  96000       2.65530496515209    0.02633306657066006      4.437305885968328     0.6665282811350008
                  97000      2.437439986271659    0.02627099234188923      2.547768123057326     0.1093385455408669
                  98000      2.566142223671242     0.0262080322781188      3.065803393731717     0.2920310307747438
                  99000      2.509862780686734    0.02614603472800329      2.969777496707287     0.2578400142251968
                 100000      2.564096414920114    0.02608487005384838       3.14734364936748     0.3135697037539451
                 101000       2.55439866877487    0.02602453608242807      3.129953572920342     0.3057133977860029
                 102000      2.487888250918949    0.02596501923751286      3.107063098309876     0.2960835946160627
                 103000      2.513366018956431    0.02590633187499454      3.163120417135154     0.3117018646867852
                 104000       2.67572212236915    0.02585705477330068      4.324829893363197     0.6226117220212456
                 105000      2.699954712083505    0.02580430896903437      4.024061703171517     0.5484886965338078
                 106000      2.706533624079599    0.02575148410872221      3.972997465416334     0.5336685373971429
                 107000      2.711716749925692     0.0256988123497534      3.938699919941254     0.5229509158392628
                 108000      2.676312983155008    0.02565212722858692      4.454079530364626     0.6441023634618416
                 109000      2.473809205745578    0.02559760745595027       3.07761736043366     0.2723100394839121
                 110000      2.646547488293647    0.02555022546327873      4.350140813715842     0.6165097943289722
                 111000      2.714326742253155    0.02549940057586812      3.948083361619456     0.5175406190841529
                 112000      2.690007079122753    0.02545373414655644      4.456636846120539     0.6369123060283126
                 113000      2.667955954445409    0.02541050922768413      4.647747318072931     0.6772009298435488
                 114000      2.624107877887217    0.02536097095448077      3.970907796607448     0.5178615861549121
                 115000      2.627907176659741     0.0253114230373638      3.884699229911557     0.4939567975919507
                 116000      2.672081864784562    0.02527028147446421      4.774940359749244     0.6986659815466044
                 117000      2.465153211017166    0.02522096157770265      2.980282356691383     0.2253489417695296
                 118000      2.574105475030823    0.02517168966126813      3.218242728295174     0.3002108486725872
                 119000      2.480149520337634    0.02512311203674434      3.143593850304589     0.2748103422667214
                 120000      2.488287518602865    0.02507497132938367       3.22687340828876     0.2990393116153406
                 121000      2.732139664091967    0.02502729570380844      3.375659140044358     0.3422131011972451
                 122000      2.534107755404121    0.02498071776027393      3.009543377379376     0.2255480408457854
                 123000      2.736190407765216    0.02493413537184401       3.29253776665875     0.3135518259737138
                 124000      2.561614794940799    0.02488824012696932      3.162006393167233     0.2712576062896184
                 125000      2.692619538481445    0.02484771979653205      4.535902559431094     0.6304455120074037
                 126000      2.472679534880691    0.02480267671360828      3.243084964477567     0.2931320434524485
                 127000      2.627622201211719     0.0247600999240204       4.16252814125531     0.5410115372353671
                 128000      2.592096566814168    0.02471593536710503      3.541683984514078     0.3777059458263269
                 129000      2.440951529282007    0.02467396132472501      2.743163618179326     0.1205157875063786
                 130000      2.693909250336517     0.0246351172078325      4.552366023433201     0.6254754944965372
                 131000      2.221693846250823    0.02462672127262261     0.3545417284813955     -1.927441707340398
                 132000      2.681404204946367    0.02459168581773586      4.942655953854892     0.7059666779036884
                 133000       2.67811462636641    0.02455753567679882      5.032154224267789     0.7225223647603449
                 134000      2.431689016101425     0.0245181133744684      2.616137473062511    0.06676658665108957
                 135000      2.507447746166123    0.02447657271897745      3.291442011301235     0.2946976523695883
                 136000      2.541301091400317    0.02443565941322795       3.17887901914643     0.2582275795017064
                 137000      2.645019487827627    0.02440034783328044      4.815938317083056     0.6721837254476107
                 138000      2.701550070733144    0.02436410490557298      4.686127868642292     0.6433730035933186
                 139000      2.438723459876368    0.02432537695876754      2.876870683052427     0.1538786975130983
                 140000      2.754797602685854    0.02428897310540401      2.511924500498631    0.01672709608401626
                 141000      2.633936217725557     0.0242526550636837      4.551864895320945     0.6097185524241101
                 142000      2.536280258549749    0.02421393861939526      3.225629554172483     0.2637120229308385
                 143000      2.724267285497392    0.02417583929296959      4.012969838570125     0.4805407712332079
                 144000      2.524924334324757    0.02413767611578083      3.338651989242582     0.2949965113480654
                 145000      2.496901828388576    0.02409972969055733      3.488736928349879     0.3373958211130713
                 146000      2.176011587171566    0.02409186420741767     0.3946605020570559     -1.842199735590656
                 147000      2.349147503324784    0.02407254636538977      1.082253052389929    -0.8342274982716686
                 148000       2.43614771171872     0.0240363553989471      2.943659457885257     0.1648764511538546
                 149000      2.670879106077882     0.0240074058207453      5.271105171436595     0.7462578469077237
                 150000      2.646806089397374    0.02397685126741759      5.100511478106541     0.7120850966690916
                 151000      2.661165555209382    0.02394872616907948      5.378112410070737     0.7639080325891618
                 152000      2.472072339932958    0.02391250118223101      3.611886124697737     0.3642869301032883
                 153000      2.561849797786318    0.02387680452849467      3.377183615597834      0.295605015960022
                 154000      1.963613147399514    0.02386672502360657     0.5584695842757587      -1.50441445342668
                 155000      2.516150637516282    0.02383123637359777      3.612981529422419     0.3611859505116966
                 156000      2.161692451413299    0.02382257895974246     0.4799208463219609       -1.6578448276588
                 157000      2.600417400855263     0.0237875526003772      3.832627792611961     0.4183685573188138
                 158000      2.654331136569211    0.02375981471154263      5.332772456303394     0.7475223975045787
                 159000      2.583261833260897    0.02372526089399815      3.686542091174052     0.3768846948336058
                 160000      2.465501690812109    0.02369102304305754       3.61240593331028     0.3551256534887058
                 161000      2.431519846995836    0.02365853404017835      2.925667026709066      0.142901832996157
                 162000      2.521678547844474    0.02362486781296122      3.617811431271005     0.3538245819338333
                 163000      2.364512921890698    0.02360578871407608      1.274139275191986    -0.6905817234114626
                 164000      2.476476186602349    0.02357257127456362      3.789525617662189     0.3979800841795136
                 165000       2.64387263401952    0.02354445702549809      5.139422621484033     0.7014866027761373
                 166000      2.516062409895538    0.02351173400889899       3.73068687416529     0.3797474191093557
                 167000      2.708812715341398    0.02348097083983047       4.58750562286778     0.5851822184787885
                 168000      2.595603283276601    0.02344880043503859      3.854948404686436     0.4098324001330282
                 169000       2.65889153918804    0.02342312176412021      5.421084254517177     0.7496749242641374
                 170000      2.613347711125506    0.02339201480403872      4.299545891187531     0.5165595646348219
                 171000      2.292791412825949    0.02338366869520821     0.5369213852777086     -1.564210293846616
                 172000      2.526484432420688    0.02335233732480389      3.587298857917002     0.3337520284808328
                 173000      2.716048421803699    0.02332169693824278      4.270674564855138     0.5068113566000856
                 174000      2.675762603606848    0.02329548760552828       5.27802133667458     0.7174663952363697
                 175000      2.672769007772686     0.0232698420911557       5.36396886595857     0.7325177902724986
                 176000      2.659353597774623    0.02324466760803072      5.436586648163104     0.7448826028684471
                 177000      2.685432367269037     0.0232184558046179      5.268134353568898     0.7122791962909614
                 178000      2.691481832101073    0.02319183093364869      5.183593044310205     0.6949539932277445
                 179000      2.548235394220776    0.02316231851403396      3.434160543900062     0.2819547066866556
                 180000      2.557275415606832    0.02313292089856917      3.504465098860123     0.3009500858302718
                 181000      2.689294002490704    0.02310719862934656      5.273021509284789     0.7084031754116031
                 182000      2.696794996846976    0.02308085274772513      5.135970789041737     0.6809277050899621
                 183000      2.631969446243098     0.0230532017620166       4.77869062634742     0.6076266840867639
                 184000      2.680730502941526    0.02302865993683532       5.45141490248043     0.7382701523136901
                 185000      2.465123353712948    0.02300040199792079      3.471356710408501     0.2857126320963337
                 186000      2.310027200148902     0.0229905598522181     0.7512951583647401     -1.245217555726179
                 187000      2.333577655955764     0.0229776650188237      1.026439567661336    -0.9337258207215599
                 188000      2.742280774523276    0.02295051062495196      3.148785252658468     0.1860123678751049
                 189000       2.51840510431141    0.02292268828195961      3.556870675595354     0.3066637471222189
                 190000       2.46014905493969    0.02289525270717556      3.441430639519671     0.2724722899948532
                 191000      2.680679737188198    0.02287144898897729      5.432072176454743     0.7278654788735447
                 192000      2.632643203745729    0.02284503001111915      4.755936422560099     0.5937826373773148
                 193000      2.489817117419016    0.02281793737456829      3.605721831775891     0.3157243728074277
                 194000      2.609185217052964    0.02279080830509829       3.95764774682269     0.4076625933893802
                 195000       2.54571499553536    0.02276433067945476      3.457304552384801     0.2713395591991391
                 196000      2.521907897434466     0.0227377477721597       3.66462845953401      0.328408833536226
                 197000      2.577539642663744    0.02271151596269346      3.536538963907824     0.2916760998383293
                 198000      2.711615564037969     0.0226857356505901       4.59118466860097     0.5515298678171995
                 199000      2.690962847675095    0.02266213266483107      5.260802475566681     0.6866343817926247
                 200000      2.494887244824075    0.02263625055117304      3.695088166723877      0.332212480904946
                 201000        2.7046706865319    0.02261171859558144      4.926480886852294     0.6187486487107944
                 202000      2.524233320088733    0.02258616711825803      3.719953721454589     0.3367043099872397
                 203000      2.714002546839299    0.02256122437872712      4.634749089727363     0.5554701987706545
                 204000      2.719865336977298    0.02253612410522917      4.438964494044773     0.5111961024952587
                 205000      2.558406067297684    0.02251136160476181      3.514722113208052     0.2766360444790268
                 206000      2.512725649342797    0.02248641861409252      3.816396857443705     0.3578736940471412
                 207000      2.700052511185693    0.02246343902739417      5.163223915571642     0.6591056674713894
                 208000      2.658354551077863    0.02244142336958379      5.403885360867934     0.7036821525558288
                 209000       2.67854287484047    0.02242005121250367      5.546788190895311     0.7288301955534633
                 210000      2.691542547088345    0.02239823981950587      5.429364909564418      0.706459981605996
                 211000      2.543357564493544    0.02237426764658257      3.638286619126996      0.305079832323492
                 212000      2.700171323189041    0.02235209852687607      5.275815625698856     0.6757089366447895
                 213000      2.492684316032516    0.02232831361625175      3.741832456137202     0.3310864327547434
                 214000      2.387353243677859    0.02231465089306565      1.423929663860098    -0.6356806903462983
                 215000       2.67581892996705    0.02229405069563497      5.619322862135771     0.7361864651834171
                 216000      2.472137239090622    0.02227078745661824      3.627013799767458     0.2973409429736509
                 217000      2.713370196010975    0.02224807530573762      4.873343023229348     0.5916910935379239
                 218000      2.731973694696529    0.02222479625498367      3.966193712783491     0.3846709240253114
                 219000       2.67258519735269    0.02220438154057699      5.580872922815591      0.725290275813225
                 220000      2.532198339963275    0.02218158047650255      3.726030181318701     0.3202610463315442
                 221000      2.646516929601763    0.02215994675306633      5.144414935685278     0.6418535445097479
                 222000      2.648064241748945    0.02213865400558057      5.237901470372281      0.658901503886028
                 223000      2.691652168152684     0.0221182517848879      5.502298890375172     0.7072245630531308
                 224000      2.691133568583656    0.02209806583746253       5.54964461190287     0.7148794156214817
                 225000      2.426115626130995    0.02207945729506466      2.472585435881671   -0.09443258177376865
                 226000      2.757932657278099    0.02206192354301643      2.259392827147226    -0.1853952395976402
                 227000      2.608878169308384    0.02203989621782386      3.857051529853033     0.3484127524645477
                 228000      2.747251757372753     0.0220195297061661      3.041757862514533      0.110020803815433
                 229000      2.699300737726744    0.02199959761913862       5.47823924271042     0.6974633441851238
                 230000      2.611423353546067    0.02197785665682893      3.989658848553337     0.3793965942911524
                 231000      2.660033196090863    0.02195858358288089      5.632062154632824      0.723289207243896
                 232000      2.453254996261188    0.02193803243335482      3.313692783713075     0.1919404213220698
                 233000      2.736752616440134    0.02191684144921321      3.774448883891644     0.3211651760260886
                 234000      2.687818316358752    0.02189813101219585      5.724237256308568     0.7367660392748997
                 235000      2.685073052714682    0.02187969164211719      5.792088624019825     0.7477072781680519
                 236000      2.681193754501908    0.02186151601826183      5.858163069005643     0.7582193543628561
                 237000      2.697716373607602    0.02184265747487408      5.648302802063611      0.720875371522002
                 238000      2.721323867096963    0.02182201159998543      4.753658699689099     0.5474891787040462
                 239000      2.654385381694803    0.02180303161627343      5.562966371402518     0.7038359488986791
                 240000      2.504011668966141    0.02178271083823912      3.750493615105931     0.3086594741179331
                 241000      2.618441667998966    0.02176217221048222      4.214598588678894     0.4243830335488776
                 242000      2.451925034203819    0.02174291887568786      3.273257997490073     0.1707293917796456
                 243000      2.708737885509188    0.02172376733912836      5.353121424063971     0.6617422025600525
                 244000      2.676698694198848    0.02170634362156624      5.937061438925393     0.7644742921094104
                 245000      2.726275701203579    0.02168626640882136      4.538562825797012     0.4949450173259827
                 246000      2.670855552644229    0.02166891787823042      5.931860817827994     0.7618722767385697
                 247000      2.611814942003859    0.02164914294788156      3.989096983627422     0.3641861901345777
                 248000      2.468363464830139     0.0216299953853033       3.56025234371299     0.2495678898130938
                 249000      2.598055380272434    0.02161082184238927       3.64246454030015     0.2715101622757001
                 250000      2.480624496994722     0.0215916783846558      3.693874635312321     0.2846393620862407
                 251000       2.48868715860223    0.02157253867385454      3.771286160783968     0.3044926859010935
                 252000      2.407405350804357     0.0215594046585104      1.880326290172771    -0.3920871094193455
                 253000      1.879675642981365    0.02155558809837072     0.4528179107699578     -1.815974668066005
                 254000      2.020752861019437    0.02155131446158714     0.5111115031339787     -1.695075258475405
                 255000      1.979122068003924    0.02154653249846888     0.5771323594363423     -1.573813309905497
                 256000      1.915444432733815    0.02154202305733006     0.5424853866495939     -1.635933104932813
                 257000       2.66295311239686    0.02152496103137392      5.822623039968525     0.7366195320648321
                 258000      2.682360255383817    0.02150844426171981      5.990073261419266      0.764204694835465
                 259000      2.679803944899552    0.02149209721041215      6.037305665557728     0.7712985642930852
                 260000      2.473698795165478    0.02147356964567521      3.727333786208987     0.2881714733111039
                 261000      2.705303184779458    0.02145604091858938      5.568869741724545     0.6888537858564221
                 262000      2.717373553401622    0.02143770753049398      5.080270848749477     0.5961714202320259
                 263000      2.544115313102817    0.02141982812797643      3.498622804413804     0.2223418854681634
                 264000       2.47970921360271    0.02140160850097594      3.794211894203289      0.302598240347715
                 265000      2.619528878348127    0.02138313757862988      4.279804551710177     0.4221654286465034
                 266000      2.668742521185577    0.02136706637485933      5.993784162331067     0.7582291792454965
                 267000      2.714250069197491    0.02134939377513607      5.259492084497415     0.6267132426467876
                 268000      2.697296855875853    0.02133311994217738       5.89425061005928     0.7398936326419975
                 269000      2.492826052475362     0.0213153195204637      3.841743344999137     0.3110077379549473
                 270000      2.568468101294802    0.02129835680617153        3.3573638778823     0.1754414681599162
                 271000      2.689799910626174    0.02128268883187503      6.047977348923911     0.7632733428031938
                 272000      2.556753319095511    0.02126574694193847      3.437449875107273     0.1974829723804715
                 273000      2.522202471232132    0.02124835299951065      3.790319129358177     0.2943850427855484
                 274000       2.37737304347378    0.02123979063954297      1.252944899334841    -0.8129715228374259
                 275000      2.671609074062709    0.02122438847920854      6.067457417141542     0.7637459986210819
                 276000       2.60376258562825    0.02120724358048333      3.761031851841287     0.2846915878561392
                 277000      2.693464833580935    0.02119186625602825      6.043430943639202     0.7582447663694279
                 278000      2.553183285338579    0.02117524385886018      3.519818624607397     0.2168976557890057
                 279000      2.273476508748329    0.02117140576408809     0.5259867672178475     -1.684172299627199
                 280000      2.601883124849197    0.02115441499028091      3.858808563824898     0.3078625416802578
                 281000      2.707213049091225    0.02113868186439182      5.823481395430698     0.7186583244135158
                 282000      2.699500630889155    0.02112370964390792      6.115335142629167     0.7668511014918592
                 283000      2.559231358886599    0.02110728418021397      3.615159428748972     0.2404095971391812
                 284000      2.675765903111858    0.02109296910529748      6.317450098653961     0.7979108663139807
                 285000      1.972005810886527    0.02108846984299426     0.6450780871059054     -1.484002028272263
                 286000      2.051739563154749    0.02108504618699925      0.481926104833149     -1.775744970670859
                 287000      2.196089583430134    0.02108148278231415     0.5032456955995723     -1.732626268009579
                 288000      2.662055877925893    0.02106739872612223      6.373550224082987     0.8055388486680158
                 289000      2.596844432426965    0.02105083408434452      3.969099397138224      0.331134837938668
                 290000      2.582939263940581    0.02103445353701493      3.864483094852687     0.3036451088170878
                 291000      2.679748851819257    0.02102149365588468      6.688217556578735     0.8515482641438878
                 292000      2.392586263618559    0.02101185486390305      1.600528000015488    -0.5789241916325382
                 293000      2.698826218347303    0.02099823302027239      6.477075495720523      0.818362826172691
                 294000       2.71980102504994    0.02098244722367508      5.516289438778958     0.6570471106346424
                 295000      2.396943865752753    0.02097232151702132      1.737806612146627    -0.4985172665431618
                 296000      2.526214521399386    0.02095617560957518      4.027961257154107     0.3413491756346742
                 297000      2.674112363230388    0.02094331588791604      6.682603592761451     0.8469826535499315
                 298000      2.667592923246839    0.02093017653994634      6.600569889445175     0.8340034011706147
                 299000      2.510557654122124     0.0209141762940517      4.115592432862532      0.360865451264693
                 300000      2.316990269646043    0.02090868223180322     0.8645463895989741     -1.199730386410375
                 301000       2.49117449066655    0.02089278494627074      4.109373835468533     0.3583299846994409
                 302000      2.077332706159859    0.02088968616899587     0.4682265369388962     -1.813892056684293
                 303000      2.556592900071649    0.02087402092981149      3.941862677980362     0.3158141783513232
                 304000      1.926437958213598    0.02086986952452634     0.6437498777822803     -1.496483109829045
                 305000      1.845212132265788    0.02086694364216283     0.4436877224857381     -1.868812591021893
                 306000      2.692474828234466    0.02085522131698191      6.968903514204607     0.8847176749108829
                 307000      2.578775665328998    0.02083965317882836      4.016089405350233     0.3328216568638463
                 308000      2.739570377339227     0.0208240315562326      4.177636914214763     0.3715088759960457
                 309000      2.474079770617949    0.02080847251498455       4.19103119061893     0.3739624851998463
                 310000      2.578415882345805    0.02079308192447476      4.056371935705108     0.3405647315859445
                 311000      2.271877118114471    0.02078925548167664     0.6073250592770969     -1.558599385866996
                 312000      2.453776127647594    0.02077417748212361      3.826085567668349     0.2812084215739886
                 313000      2.773035934942563    0.02076537046573649      1.586328228959312    -0.5996357886778687
                 314000      2.205146715229894    0.02076184920534153     0.5600401058474599     -1.640974312722192
                 315000      2.466903482823169    0.02074658385623935      4.163830890828154     0.3644725752017652
                 316000       2.42975454238188    0.02073319383843641      2.968870693291616    0.02557306333947739
                 317000      2.566000527670983    0.02071810436445327      4.093304816313788     0.3460160301098517
                 318000      2.564959356122236    0.02070304458913209      4.145090713599881     0.3578608822484686
                 319000      2.655736598719803     0.0206901337289825      6.413399616676304     0.7937018847308567
                 320000      2.677830054712242    0.02067893358494414      7.004884605066741      0.881378625058708
                 321000      2.698367251495307    0.02066704819245842      6.796237060426318     0.8505650804576255
                 322000      2.682683807068003    0.02065599559378334       7.07182016185642      0.889778953978288
                 323000      2.396944603699088    0.02064664727841845      1.813034379002465    -0.4717897213080022
                 324000      2.586816536647105     0.0206319383278714      4.135460900012951     0.3520945025901077
                 325000      2.041806020094643    0.02062842655376728     0.5896150511911999     -1.595959918492467
                 326000      2.706987936240726    0.02061583782423205      6.509436084917334     0.8049678741647649
                 327000      2.447945430344308    0.02060173372155284      3.689195535597201     0.2364390935235843
                 328000      2.562426417112539    0.02058719306450034      4.178420438073273     0.3602579138338595
                 329000      2.666408847002256      0.020575652172693      6.869133956356908     0.8568019177970735
                 330000       2.70994748205149    0.02056288860449004      6.388561704306266     0.7836525224793585
                 331000      2.573200324271282    0.02054849586675112      4.225651383751663     0.3696166048039126
                 332000      2.676520745569622    0.02053764601037218      7.099298185411236     0.8879109626044907
                 333000        2.4693855273313    0.02052338123848763      4.206551255906561     0.3638633550743319
                 334000      2.534491364847267    0.02050919691640768      4.177541514940223      0.356251772572091
                 335000      2.470535709218927     0.0204950160372083      4.262554182263273     0.3757057281378494
                 336000      2.581028478900432     0.0204809164158033      4.228025864463445     0.3668841692255345
                 337000      2.628319309453967    0.02046676447184313      5.042158644747374     0.5422920559231895
                 338000      2.735927477885616    0.02045265968115113      4.481776968716022     0.4237879821547572
                 339000      1.720381334424079    0.02044987072921933     0.4948084677504961     -1.779952526191879
                 340000      2.128058816204207    0.02044705860427949      0.499502754781921     -1.770647689439705
                 341000      2.411952184018855    0.02043675957315894       2.28763037551352    -0.2494928317537602
                 342000      2.440581617645054    0.02042368198522474      3.510607929386426     0.1781397686905953
                 343000      2.460391695579792    0.02040992697680758      4.154492018184774     0.3458669996541888
                 344000      2.477645153495297    0.02039609673289866      4.376084198013719     0.3971532894952126
                 345000      2.494737720674298    0.02038233125095693      4.359280346417884     0.3926308337607696
                 346000       2.33398552515293    0.02037693078107098      1.042269397603749     -1.038540696440816
                 347000       2.66986524772035    0.02036607796485087      6.949637466228586     0.8582156047903519
                 348000      2.659620396073709     0.0203545167270326      6.667679989771678      0.816230249028131
                 349000      2.742151897264288    0.02034124585959523      3.937855564603789     0.2889423804197091
                 350000      2.497101042972779     0.0203276981300121       4.38882152552195     0.3967005795632639
                 351000      2.677502024535752    0.02031733195218768      7.113560456247034     0.8791326361794504
                 352000      2.744157796407661    0.02030436959152482      3.799518109347837     0.2513657968378722
                 353000      2.418439356528416    0.02029363103030407      2.625387028590512    -0.1188091431128302
                 354000      2.722844914353839    0.02028053804794404      5.571805423084299     0.6330362819402724
                 355000      2.669833633361587    0.02027004623063075      7.040245173342216     0.8664426743031197
                 356000      2.491953196094018    0.02025676781325752      4.448831352110302     0.4067858326789252
                 357000      2.546229788423158    0.02024370358420579      4.168934729704861     0.3411597915398054
                 358000      2.310503754369766    0.02023913545334138     0.9153652576257106     -1.175158538170231
                 359000      2.642366927151254     0.0202265224832424      5.857721441400782     0.6804108706303296
                 360000      2.639199577583163    0.02021379605772559      5.720069781535266     0.6560017871061576
                 361000      1.882295171545369    0.02021075264941773     0.5947050049087781     -1.607819576514528
                 362000      2.275196259970939    0.02020725462954612     0.6914670074178508     -1.457242722844866
                 363000      2.153232718887489    0.02020428911757581     0.5793910762209621     -1.634227243325326
                 364000      2.083401009381279    0.02020154975935898     0.5328232108561667     -1.718150836783089
                 365000      2.138745437872356    0.02019842792913145     0.6130395164521244     -1.578065667224822
                 366000      2.163167474581742    0.02019503574400986     0.6709519755578731     -1.487965459285334
                 367000      1.896355577756725    0.02019149722495863     0.7029858743805765      -1.44150145660345
                 368000      1.690164786623727    0.02018901912019712     0.4806893524095259     -1.821739768039678
                 369000      2.686650267165851    0.02017939293460112      7.293442455178862     0.8972930203592363
                 370000      2.719477786699914    0.02016706415317243      5.934997815310771     0.6905728839859236
                 371000      2.662891350598166    0.02015688172857967      7.087532990185568     0.8675385165986944
                 372000      2.712216404325576    0.02014532705983777      6.433252603766786     0.7701080501021921
                 373000      2.602526960561903    0.02013262949902122       4.30028952948119     0.3666796476518805
                 374000      2.643952238931012    0.02012075475904227      6.190046660621954     0.7303499199137415
                 375000      2.526643769210679    0.02010812812386602      4.345780965088601     0.3759850367404581
                 376000      2.549136628717722    0.02009557936404204      4.295502896481038     0.3637239339187556
                 377000      2.724858191445847    0.02008317825349868       5.60074365405386     0.6284373839245876
                 378000      2.588348792240493    0.02007072896510325      4.291220570899816     0.3614891288921214
                 379000      2.335929002628933    0.02006555595659001      1.133236734884081    -0.9702619457122788
                 380000      2.485204172991611    0.02005304128668382      4.566006320625108     0.4226751975360616
                 381000      2.503609567514891    0.02004058086929204      4.545810917611534     0.4176208304991534
                 382000      2.285675565685642    0.02003668414556361      0.832627675625489     -1.279948466265883
                 383000      2.664677201311852    0.02002693690077421      7.171114931450512     0.8727947922160754
                 384000      2.685292720157011    0.02001769707605954      7.384970344136366     0.9017190741687549
                 385000      2.291893968111665    0.02001343512291745     0.9315812742090532     -1.168812599900647
