#! FIELDS time e sigma_e height
#! SET action OPES_METAD_state
#! SET biasfactor       1.927441707340398
#! SET epsilon     0.01821196306674905
#! SET kernel_cutoff       2.830433390657354
#! SET compression_threshold                       1
#! SET zed      0.1590596490055625
#! SET sum_weights       527.4811420102916
#! SET sum_weights2       863.9125317450464
#! SET counter  386
                      0      2.574980258758133     0.0293580752371552       154.505002182488
                      0      2.468971931639786    0.03056611422118005      172.8504262551722
                      0      2.708187466671421    0.02671553105011024      284.3609546463078
                      0      2.665725123757029    0.02963980355876598      453.6729644440115
                      0      2.343490167786083    0.02980354396648103      7.466407199469407
                      0      2.520296081316432    0.02816455253295948       130.796659122876
                      0      1.562592204443076      0.035045839846948     0.2491365698455515
                      0      2.390822928401302    0.02767776696575002      16.36707735616201
                      0      2.016616005210544    0.02717998225177704      1.238229371908246
                      0      1.964714381037824    0.02862884498666225      2.551407116686849
                      0      1.901037092841142    0.02801586622295805      3.317239984483927
                      0      1.736084153728592    0.03035309551785835       1.23331169803655
                      0      2.132682349031617    0.02289889507700739      1.421449962699209
                      0      2.206069737116009    0.02400833265402793      1.417827529928428
                      0      2.741910600219692    0.02273893891744862      35.09929059637641
                      0      2.162511009232787    0.02310129321280792      2.124924400157852
                      0      2.615704846387421     0.0242442347958869      55.08431977923535
                      0      2.309115196197213    0.02313876589180168      3.068128190867133
                      0      2.426767190805352    0.02304651738126119      13.86508146266375
                      0      2.281147873367761    0.02189349184793631      3.588987783747338
                      0      2.046273635442159    0.02141303637871822      1.071541156024349
                      0      2.080562648342061    0.02074840283762035      1.001049747795063
                      0      1.845212132265788    0.02086694364216283     0.4436877224857381
                      0      2.773035934942563    0.02076537046573649      1.586328228959312
                      0      1.690164786623727    0.02018901912019712     0.4806893524095259
