#! FIELDS time e sigma_e height logweight
#! SET action OPES_METAD_kernels
#! SET biasfactor       2.698418390276557
#! SET epsilon     0.01374333274381851
#! SET kernel_cutoff       2.928208142815685
#! SET compression_threshold                       1
                   1000      2.667042067135199    0.06053155025577301    0.06672079877255445     -2.698418390276557
                   2000      2.655343735650498    0.05395022242335992      1.108621911302666  -0.003165025108782316
                   3000      2.710244187770311    0.05026209520449809     0.8806776902169128    -0.3041569090270878
                   4000      2.487268610855129    0.04981574161293612    0.08107303541492249     -2.698418390276557
                   5000      2.438106476330844    0.04881608271206003     0.2090987940418423     -1.771233179824885
                   6000      2.499402302058934    0.04724228816087954     0.4316588824620909     -1.079174761715041
                   7000      2.307109978395152    0.04689393802628368    0.08612442362470243     -2.698418390276557
                   8000      2.341868083272598    0.04586027224756646     0.3154972694406836     -1.422350600059987
                   9000      2.659166829722916    0.04510438326029885      1.950307853763402     0.3826221032107107
                  10000      2.651288974381516    0.04414293218538029      2.244899242695079     0.5017489050389362
                  11000      2.683575519987642    0.04309704418313576      2.384990117952447     0.5383048330137258
                  12000      2.677580479353928    0.04215175176856625      2.611396059669488     0.6068166488025927
                  13000      2.511683144920975    0.04170803731972661     0.4576745600275837     -1.145247625575487
                  14000      2.738845032200387    0.04081286011223952      1.440508288362262   -0.02035130231213101
                  15000      2.551927460569205    0.04035501039209111     0.5932744275041809    -0.9187272107089681
                  16000      2.626962444879994    0.03959113377085585      2.239031295199566      0.390303951124864
                  17000      2.372718881044931    0.03935672647247895     0.3401582812436214     -1.500021899016399
                  18000      2.670605068601392     0.0388429839103812      3.027369648019342     0.6728770434928304
                  19000      2.547682427554644    0.03843573747156707     0.8223419999005787    -0.6409557842859549
                  20000      2.740098812569014    0.03786342050109528      1.676810042329424    0.05653412962994959
                  21000      1.695771754294622    0.03780637779424768     0.1068262451903207     -2.698418390276557
                  22000      2.034709489030733    0.03774964591669577     0.1069867885097161     -2.698418390276557
                  23000       1.90942359475335    0.03769322199994734     0.1071469396808753     -2.698418390276557
                  24000      1.990316672306951    0.03760299654773015     0.1759956944490761     -2.204556567184148
                  25000      2.106151909302949    0.03753610153699411     0.1302008700105431      -2.50771825181974
                  26000      2.144464394671042    0.03743316693485482     0.2065605573948072     -2.048949087774065
                  27000      1.928325843600243    0.03729819179549123     0.2804524215909063     -1.746750902483323
                  28000      1.910499692459051    0.03708314940678246     0.4837574115791589     -1.207353603334906
                  29000      2.094701544793216    0.03691757251245509     0.3699507902891253     -1.480042186090201
                  30000      1.869160405935342    0.03670985461636502     0.4927787572130766     -1.198994299045603
                  31000      2.022367791414466    0.03653241012092132     0.4235397932780948     -1.355252553536341
                  32000      2.042786525922275    0.03627260392767848     0.6928334676902649    -0.8702474336601451
                  33000      2.328354905281051    0.03603647491011595     0.6423733200557729    -0.9523985936319945
                  34000      1.866342283549699    0.03577944444109783     0.7496389825696227    -0.8051345562563923
                  35000      1.789431973725248    0.03568452938837125     0.2439505360227551     -1.930417113283623
                  36000      1.596838781373854    0.03563792147517536     0.1167301819363582     -2.668824426031243
                  37000      2.443886438058302    0.03537843200389965     0.8212985683720795    -0.7251107645482654
                  38000       2.24868446776029     0.0352689969468397     0.3031780954649864      -1.72477512998389
                  39000      2.449941139016934    0.03493525086676531      1.389346533547248    -0.2120146724340562
                  40000       2.62530859133377    0.03501689526805005      4.257253456810098     0.9101103286450269
                  41000      2.694059035685356    0.03514246492617522      4.919224563644556      1.058216573022654
                  42000      2.738406234960082    0.03483561189737094      3.378140053263379     0.6736209096326263
                  43000      2.682868424472642    0.03491211857658224      5.586014927660081      1.178755583718603
                  44000      2.697384346670575    0.03483961246330584      5.549144387359542      1.170054217807931
                  45000      2.553847471071985    0.03462229401859079      1.229159189064784    -0.3435164023495783
                  46000      2.492039589935483     0.0343940443448319      1.379332603126258    -0.2348613810782977
                  47000      2.451926767365789    0.03415350262152664       1.57544869150122    -0.1089393004818856
                  48000      2.507355376407367    0.03390491903951057      1.774741889844828   0.002870544229804255
                  49000       2.52791164146638    0.03365627909446589      1.915206563407893    0.07168055941854591
                  50000      2.480398660540018    0.03339343817379105      2.407105326346079      0.292439772789432
                  51000      2.307056744243049     0.0332915984240873     0.6457999815029413     -1.026304945945601
                  52000      2.494832342429885    0.03303703481398618      2.737565604173875     0.4103536969144073
                  53000      2.330593871070732    0.03290939487521766     0.9112936371115827    -0.6934764964125129
                  54000       2.40478682657725    0.03276078350457413      1.134706348131272    -0.4787384936770929
                  55000      2.613700435601892    0.03253297963210446      3.480548331345948     0.6350996183585438
                  56000      2.709549742179482    0.03236477727265127      4.621956331710133     0.9135442119036064
                  57000      2.471092939841693    0.03215305032113152      2.624462064482643      0.341038708983484
                  58000      2.676670800485509    0.03202542527684176       5.18857806681599      1.018645249073516
                  59000      2.535502689977815     0.0318455127732399       2.11884893088317     0.1174249077289089
                  60000      2.414761268185969    0.03170738687898674      1.450921148011134    -0.2655962546896599
                  61000      2.371934807793298    0.03160388726595489      1.021458915663084    -0.6198325195980002
                  62000       2.54288275226906     0.0314320109527389      2.249337637631485     0.1641180580943923
                  63000      2.567580846977395    0.03126634750875294      2.225088496283137     0.1479944858983427
                  64000      2.645623249900971    0.03112612414684245      4.749510346080995     0.9017444367755328
                  65000      2.744039769763539     0.0309538158488226      3.185733184844611     0.4968341819179783
                  66000      2.501243550639466    0.03078879854362622      2.954695899021616     0.4162021128698058
                  67000      2.673206251066201    0.03069158249175443      5.501689033457718      1.034699010924985
                  68000       2.60564992967304    0.03053333039421273      3.235883369391015     0.4987762814798545
                  69000      2.439139573138239    0.03039939530532641      2.184914409582315     0.1016548106845275
                  70000      2.673063994320735    0.03030730584556602      5.642479179034433      1.047367777922401
                  71000      2.339986584433567    0.03023467533656315      1.003881436211557    -0.6814811836813591
                  72000      2.404612210376871    0.03013166552354965      1.607648846264735    -0.2139951649736608
                  73000      2.458754062356679    0.02999510446319248       2.79750432911983     0.3354173302624187
                  74000      2.393478862681961    0.02989428981998749      1.665978205898362    -0.1862646140184093
                  75000      2.433579322007844    0.02976693967796782      2.621691812041845      0.262873647828624
                  76000      2.589880241701978    0.02964119406018651      2.710867722615482     0.2920892993136037
                  77000      2.110242291042346    0.02961292966969267     0.4015858018761551     -1.618467548225508
                  78000      1.795642247606818    0.02959217978269063     0.2910451106809286     -1.941111436631697
                  79000      2.038098081013581    0.02955316086301453     0.5744508414714046     -1.262494610345201
                  80000      1.827395301945547    0.02952150698016772     0.4604400267882686     -1.484798181084694
                  81000      1.959680545677507    0.02949316972454008     0.4110455620308756     -1.599237074553212
                  82000      2.376435181051163     0.0293956022582752      1.830324695902297    -0.1090061015485966
                  83000      2.297098283261417    0.02934194347544788     0.8568007020646351    -0.8698764923564716
                  84000      2.280613007448605    0.02928945179268911     0.8440024845365338    -0.8867169587194874
                  85000      2.564985441721029    0.02917470066768076       2.71126064433151     0.2763710651448754
                  86000      2.445522773150355    0.02905795549823491      3.180224768826955     0.4318996152604954
                  87000      2.363487520566644    0.02897037268885932      1.769866178789816    -0.1571669473513307
                  88000      2.498539715039556    0.02885782655720449      3.331671465064825     0.4715107979423032
                  89000      2.353774401895856    0.02877240653862138      1.817050747053943    -0.1377130225977224
                  90000      2.464403340327094    0.02866447846377902      3.652071744001444     0.5566087174570532
                  91000      2.637234806151335    0.02857374689116273      4.831990712125779     0.8334023316408165
                  92000       2.72533664261846     0.0284723985579994      4.089803935456301     0.6630876154961068
                  93000      2.540253397733939    0.02837420089296385      2.891243290775052     0.3128223648537758
                  94000      2.370090127556949    0.02828908225248564      2.189892477228736    0.03198382732850438
                  95000      2.418400419695741    0.02819304087785055      3.066654827887641     0.3653179427942447
                  96000      2.484231233750161    0.02809743466018255      3.753541399224762     0.5640334841873471
                  97000      2.639803839606599    0.02801808378934217      5.011302437012524      0.850201437880013
                  98000      1.720965144494144    0.02800829011630101     0.1946752701709468     -2.398266410001451
                  99000       1.84987518487249    0.02798027717565515      0.592378552678767     -1.286454088192227
                 100000      1.704382451576908    0.02796770510094148     0.2537109883572503     -2.134853607873722
                 101000      1.980063750796156    0.02794389207519122      0.499852620701242     -1.457587899514163
                 102000      2.560480229174227    0.02785624416747457      2.910996300768922     0.3012079800971305
                 103000      2.743589256744505    0.02776810772374884      3.196953790760112      0.391742011785587
                 104000      2.571982392192913    0.02768202878187882      3.131842164769096     0.3680602424527669
                 105000      2.534423087404403    0.02759641124037192      3.375346721850077     0.4398392259718401
                 106000      2.657684432930698    0.02753584133740406       5.58823684255072     0.9418077398568392
                 107000      2.605948902659514    0.02745295090520773      3.947517770935493     0.5912160700138647
                 108000      2.546588324739351    0.02737133906376251      3.495793643375841     0.4667123136977713
                 109000      2.570802601888124    0.02729095491432366      3.643888813121592      0.505262229866469
                 110000       2.54551979991336    0.02721206122308607      3.854181943926559     0.5584745181065233
                 111000      2.437786259255668    0.02713510593884178      3.367003260747257     0.4205068580471246
                 112000      2.557757282798671    0.02705924895417532      4.035955463557053     0.5989273729336737
                 113000      2.247532972427043    0.02704265112911534     0.4354238142892978     -1.628364707616817
                 114000      2.480578848416227    0.02696783311472722       3.76153564473158     0.5251275175948806
                 115000      1.949507110315188    0.02694893206094046     0.5127294248212494       -1.4684079022843
                 116000      2.505118391866575    0.02687573300131194      3.881318117617987     0.5530540152998261
                 117000      2.455624932501659    0.02680372175551511      3.901619887207203     0.5555880097208615
                 118000      1.696066164131449    0.02679276962086303     0.3003949094806714     -2.008869806410632
                 119000      2.069101472609574    0.02677333157205502     0.5541293087399555     -1.397295470924254
                 120000      1.864091036123389    0.02675071846418709     0.6568145941322435     -1.228136731802082
                 121000      2.164363847926116    0.02674122794398286      0.261307390948769     -2.150195891543807
                 122000      1.760308260862217    0.02673050765075415     0.2971643468709036     -2.022008977210836
                 123000      1.770138993627159    0.02671644470727224     0.3961368988196274     -1.735060703148717
                 124000      1.816546821394824    0.02669636645559577     0.5826795991949221     -1.349934910148539
                 125000      2.058725299996184    0.02667307170510706     0.6893817090776995      -1.18265021302095
                 126000       1.59478236156171    0.02666616149179074     0.1909823162188744     -2.466523600916897
                 127000      1.951187720883785     0.0266459587717838     0.5924941619707447     -1.335121323177836
                 128000       2.07037600158916    0.02662097424404656     0.7534601149400973     -1.095724347101759
                 129000      2.012393661698478    0.02659701895244136     0.7223241686415631     -1.138826675987445
                 130000      1.959461325561307    0.02657341709440679     0.7138921223273784     -1.151456620713089
                 131000      1.949578604827054    0.02654769848673609     0.7905002182842091     -1.050490850488533
                 132000       2.13161429957388    0.02653211519034542     0.4577948330590397     -1.597322826991799
                 133000      1.830486984122138    0.02650847833446521     0.7247132517912821     -1.138859160383974
                 134000      2.642595371513482    0.02645089268618758      5.095515682271669     0.8093062204157685
                 135000      2.485748612075676    0.02638620681875627      4.192692008059554     0.6118398540624914
                 136000      2.475900359202523    0.02632329830809188      4.386953780721499     0.6547449386601111
                 137000      2.738110639996556    0.02626091488398737      3.233034159437591      0.347158210048081
                 138000      2.688048070482572    0.02620700465163904      5.231988957875472      0.826473669583332
                 139000       2.68702173697222      0.026155988246604       5.45067056276121     0.8654722382645059
                 140000      2.630941600936751      0.026099079286212      4.900676777057662     0.7569287884400455
                 141000      2.539115549658379    0.02603855578997762      3.945852382928567     0.5378987899732209
                 142000      2.627195959577977    0.02598278360637318      4.896533674871075     0.7516171289731376
                 143000      2.380350312051401    0.02593592883664832      2.129857555505555   -0.08266023890294291
                 144000       2.69792658334845    0.02588312755022533      5.121143977984123     0.7926245955570023
                 145000      2.709399986405647    0.02582856794176056      4.846477235465782     0.7353886995138779
                 146000      2.514286412068754    0.02577167972669023      3.990009001797183     0.5387251287847835
                 147000      2.661915659745384    0.02572805660738306      5.856216473226079     0.9207412730289602
                 148000      2.539108147266684    0.02567247609511788      4.033936884808417     0.5458176803214595
                 149000      2.491259604624545    0.02561799108035031      4.346678798482725     0.6183623778962593
                 150000       2.74444873665989    0.02556614699242961      3.179028652465788     0.3035002259667802
                 151000      2.346580475830828    0.02552893359276684      1.792426878397937     -0.270961603014429
                 152000      2.639595359762786    0.02548212018070966      5.409740111921074      0.831833527866722
                 153000      2.736281988414141    0.02542997281639588      3.714335370246805     0.4537837060426776
                 154000      2.745255218096585    0.02537944368219456      3.397091656974629     0.3625146508442025
                 155000      2.284841758386364    0.02536131867358354     0.7890457936462166     -1.098050355546487
                 156000      1.961629683778209    0.02534303925145577     0.7997519825143482      -1.08529407686985
                 157000      1.886475968623013    0.02532845641309835     0.6249757921347685     -1.332458401725817
                 158000      1.607230594575562    0.02532281248094586     0.2300893733919666     -2.331926359239761
                 159000      2.063157581326347    0.02530410635505393     0.8277236818434079      -1.05245377100844
                 160000      2.077287733291322    0.02528531337310837     0.8355099458518325     -1.043833861076009
                 161000      1.622913424451601     0.0252790833340803     0.2569696497347874      -2.22316454959763
                 162000      2.626032949732083    0.02523179701444421      4.984431392621912     0.7400797564408566
                 163000      1.880885212512512    0.02521561349017908     0.7227567435617612     -1.191563744331608
                 164000      2.099669114728333    0.02519891289893565     0.7511288313208703      -1.15372180313075
                 165000      2.507995324671515    0.02514997584741892      4.277165568973845     0.5838029139513862
                 166000      2.145383757553283    0.02513957829033672     0.4570763764742207     -1.652805909938033
                 167000       2.56360302969009    0.02509133313632202      3.809337783846917     0.4656332949324957
                 168000      2.517156343128983     0.0250437829437876      4.385619680483869      0.604611982708819
                 169000      2.408723245465663    0.02500311724933134      2.534240340604329    0.05454986857914532
                 170000       2.46489279261352    0.02495631764073642      4.217927897420954     0.5621264278660709
                 171000       2.48547674259239    0.02491123949030472       4.75237984024153     0.6796200361343838
                 172000      2.687033579388265    0.02487139166178877      5.581551157983276     0.8388403745420722
                 173000       2.60320714586343     0.0248259927583554      4.047855085595113     0.5157337695069242
                 174000      2.511488349385832    0.02478192344650151      4.690749487680343     0.6613623070569471
                 175000      2.553813667685313    0.02473748027842022      4.132335185689279     0.5328176189189975
                 176000      2.591443058027731    0.02469364917458516      3.906842622219281     0.4749310641970874
                 177000      2.673806911273183    0.02465767233982512      5.887776374182492     0.8836219417236194
                 178000      2.348948019483357    0.02462817115852792      1.820316815234273    -0.2914430451997624
                 179000      2.702238808957442    0.02458837395307097      5.287241248153895     0.7732257721258754
                 180000      2.692376704974149    0.02455201510132478      5.785585038184733     0.8618188558987602
                 181000      2.689569025871839    0.02451747442873173      6.010192006640889     0.8984982389786191
                 182000      2.463858812956263    0.02447580255112134      4.314544701988806     0.5653322200914159
                 183000      2.331878235183381    0.02445026358503693      1.619316031186786    -0.4156997086648181
                 184000      2.372926416947173    0.02441925546384692      2.141762194834048    -0.1373436370800999
                 185000      2.431732819905033    0.02438086889172985      3.225785639843509     0.2706307305590992
                 186000      2.704545292870126    0.02434439789255945      5.562790841815981      0.814057127117917
                 187000      2.415328686342031     0.0243089266209661      2.827892524939363     0.1360308147257537
                 188000      2.695551905919741    0.02427574856927394      5.993125099694351     0.8857462840857009
                 189000      2.481676118413415    0.02423698338342908      4.784025948702093     0.6588175840498175
                 190000       2.69913788430485    0.02420398702930675      5.988248671493821     0.8819718046480348
                 191000      2.326640147951884    0.02418053964410526      1.607683857197901    -0.4340018542898201
                 192000      1.705463817171188    0.02417484285359601     0.3314194813999798     -2.013402411835806
                 193000       2.04111391614632    0.02416096132717941     0.8649591395437168     -1.054679410602528
                 194000      2.350940512454542     0.0241327687509586      2.099680345365812    -0.1689888294186854
                 195000      2.673465187617304    0.02410461444229882      6.518639710875638     0.9627244514514763
                 196000      1.715805121372191    0.02409830916428713     0.3778697306985664     -1.885408653886891
                 197000      2.289767770615194    0.02408367627032761     0.9432688062413298    -0.9712142670309895
                 198000      1.894911223984139    0.02407294786005577     0.6695677181555711     -1.314378819237574
                 199000      2.708214719384776    0.02403970031291288      5.784846176742411     0.8406038514557357
                 200000      2.522372397273793    0.02400264168355296      4.374628784150038     0.5596409990891457
                 201000      2.693922551941815    0.02397364970508011      6.380532764240297     0.9358623352424628
                 202000      2.581173785946721    0.02393868652642871      3.497162314335265     0.3331031434870267
                 203000      2.643748706745571    0.02390489908509495      5.518664868584342     0.7878748177493214
                 204000      2.496198741225602    0.02386917123405008      4.649115545633113     0.6149201538125042
                 205000      2.274473526998547    0.02385812627312462      0.746664789832965     -1.214358615101931
                 206000      2.503013190424142    0.02382286885223404      4.711508730475582     0.6263096149306235
                 207000      2.659473331137285    0.02379384115949794      6.277267042249839     0.9120169115611317
                 208000      2.585943964253944    0.02376058893483262      3.489880852609007     0.3235513147626951
                 209000      2.763927615238163    0.02373450165585213      2.238733145183872    -0.1215046609197818
                 210000      2.606650510824969    0.02370026861357611      4.201300899213824     0.5065360349994148
                 211000      2.376778982434753    0.02367462938640384      2.232357051372835    -0.1268825765114439
                 212000      2.661842778490175    0.02364885095717852      6.631773864570292     0.9608422858449548
                 213000      2.693425245788452    0.02362277210152332      6.607910024812251     0.9561340241560505
                 214000      2.510053066389805    0.02358951202286938       4.77131782095908     0.6290801847030333
                 215000       2.51469198900748       0.02355656358528      4.815284502536371     0.6368550581330793
                 216000       2.31533313610432    0.02353848590437239      1.484067170931893    -0.5409213754266913
                 217000      2.515768670006207    0.02350621108049964      5.015814189202125     0.6755158843289315
                 218000      2.709377573854653    0.02347718761682221      5.996587969962732      0.852875283545499
                 219000      2.633642096032752    0.02344630971306375      5.458905589188247     0.7576168800987583
                 220000       2.54748018455523    0.02341448347738946      4.313845539037526     0.5208399634399009
                 221000      2.573286154256816    0.02338351910936478      3.883031045301615     0.4143029463341572
                 222000      2.577869501055312    0.02335262087879084      3.979067136698565     0.4374120628561041
                 223000      2.314929765763298    0.02333508947701749      1.540738568516809    -0.5121244569672256
                 224000      2.582944297705956    0.02330439231680558      4.093896827156548     0.4637945779682809
                 225000      2.671516609234742    0.02328201097578163      6.969537296014871     0.9948852765236895
                 226000      2.645720851319048    0.02325523917986599       6.23092088684677     0.8817100222742732
                 227000      2.459287646769583      0.023225147257747        4.1534556438377     0.4748317359566249
                 228000      2.222586172846947    0.02322133704048944     0.3000570870471383     -2.153055538465358
                 229000      2.481262162879682    0.02319181262913614      5.273118219979819     0.7120766304163946
                 230000      2.482158001683409    0.02316277719870623      5.417950349970311     0.7379195765993039
                 231000      2.283357657527556    0.02315145509844043     0.9866256141368753    -0.9657515569324112
                 232000      2.474508835104444    0.02312248650661199      5.311180604756673     0.7162751703162644
                 233000      2.679688171521495    0.02310257846964315      7.304729462942509      1.034121681150921
                 234000      2.697516269821567    0.02307966294184512      6.865114994683757     0.9710600653489591
                 235000      2.740411673309736     0.0230512712790817      3.993541423869433     0.4280547709498823
                 236000      2.732807328681632    0.02302243947070172      4.696123213140679     0.5888621273247439
                 237000      2.197027759387477    0.02301940329947205     0.2556286420825045     -2.322036584756618
                 238000      2.620146398061155    0.02299119906398161       5.26157470505406     0.7011972866166962
                 239000      2.514648363219681    0.02296348025716708      5.445291741504902     0.7343119115438506
                 240000      2.443409061840896    0.02293623776373383        3.8623906891297     0.3896598739789658
                 241000      2.685261529811266    0.02291815032592255      7.565062016842664      1.061125170126548
                 242000      2.715376721024066    0.02289284994005731      6.211365585574495     0.8628608427218223
                 243000      2.715222135251532    0.02286805428949209      6.327303598628827     0.8802705388381543
                 244000      2.744540590406998    0.02284106332173523      4.148150851315543     0.4568780336713741
                 245000      2.652927232981517    0.02281959201255184      7.029678916850051      0.983415935049301
                 246000      2.622869578297511     0.0227928915791744      5.439798383882871      0.725846150678619
                 247000      2.693508799832653    0.02277421229798239      7.528329413220399      1.049957453791911
                 248000      2.655533511292141    0.02275433902072824      7.351665945889061      1.025338238020829
                 249000      2.715894974004321    0.02273040668198842      6.464762910463437     0.8957253061119743
                 250000       2.68945193990339    0.02271330480356179      7.847674332036774      1.088823529726307
                 251000      2.659382794498314    0.02269492649598746      7.674419948480289      1.065689548777426
                 252000      2.705999489427827    0.02267420711105002      7.260248575099062      1.009297532873507
                 253000      2.609859285527171    0.02264810823404014      4.834959515768401     0.6016045202524632
                 254000       2.50695495937815    0.02262234826092201      5.414743588488518     0.7137192438099484
                 255000      2.627256004228126    0.02259726598459926      5.820671680683034     0.7849000267417047
                 256000      2.571011161242044    0.02257250814790016      4.100753832858754     0.4335589684257586
                 257000      2.465557097710791    0.02254709955357159      4.867175125460916     0.6037755849756573
                 258000       2.43001503973249    0.02252527911605783      3.161128050715668     0.1712225745573291
                 259000      2.425323878631203     0.0225039096707649      3.074017157454292      0.142329721614188
                 260000      2.389464436940533    0.02248645968968443      2.256821690463024    -0.1674737339123398
                 261000      2.574204692405189    0.02246224528127321      4.203400837067976     0.4533852708432714
                 262000      2.681003727194077    0.02244695723792691      8.128748411472307      1.112217472501821
                 263000      2.613107552062495     0.0224223889205487       5.21142324888331       0.66656839767618
                 264000      2.635558835837828    0.02239987402044838      6.473732485771213     0.8824636058657757
                 265000      2.514185392541856    0.02237563706522283      5.298825004869205     0.6811132725073542
                 266000      2.519878442478232    0.02235153767491333      5.257318136064918     0.6721715929063649
                 267000      2.561845045612344    0.02232795725451735        4.4235293683034     0.4984328966506233
                 268000      2.726724530871951    0.02230453907409573      5.748075084811516     0.7593106723580108
                 269000      2.485553519477974     0.0222812669577337      5.758172160926416     0.7600218076430633
                 270000      2.723004682624312     0.0222587066555157       6.13915489144532     0.8230757730645412
                 271000      2.424638719583335    0.02223901039375875      3.075671137333281     0.1310265429742041
                 272000      2.579054268509003    0.02221622831540305      4.372006485118246     0.4817005184433807
                 273000      2.731221711277582    0.02219328115215585      5.555817151475912     0.7202905442933657
                 274000      2.281343142411069    0.02218568637802286     0.9273739666849675     -1.070295617745772
                 275000      2.475311247731605    0.02216289122632104      5.512341057560471     0.7110641689099749
                 276000      2.655798100099388    0.02214499899151903      7.513979239456845      1.020032313846146
                 277000      2.481742612791963    0.02212269806235637      5.815043458379972     0.7627078403185625
                 278000       2.71407841970697    0.02210264889819133      6.879565263617222     0.9299083602867297
                 279000      2.679337379259061    0.02208747914851661      8.131578426382415      1.096421384485154
                 280000      2.604734334530649     0.0220651856721577       4.98683427454044     0.6064577897636939
                 281000      2.555962851124978    0.02204332473964781      4.561599950046758     0.5163386891675646
                 282000      2.678502497830592    0.02202851606339234      8.208916364682178      1.103214161581127
                 283000      2.755456032240493    0.02200941393358023      3.335354366604441     0.2017046362579829
                 284000      2.720868003537878    0.02198880928267778      6.491380828506517     0.8666643633180899
                 285000      2.578054169329815    0.02196759389459668      4.426256276636107     0.4827779428983027
                 286000      2.713242349772524    0.02194861029692042      7.084668481867511     0.9522923435793648
                 287000      2.701653361760648    0.02193186345407439      7.750644503596618      1.041371971085631
                 288000      2.684014447311835    0.02191706207363688      8.236245925535728      1.101465509934406
                 289000      2.397367087867468    0.02190254512805704      2.305400582709115    -0.1724872663160738
                 290000      2.574682020693949    0.02188185605288412      4.453581548415984     0.4850218552832464
                 291000      2.471729276092667    0.02186074208951682      5.280255902879786     0.6543224303187014
                 292000      2.536827391405716    0.02183991730873051      4.836076004451063     0.5654984514339231
                 293000       2.72473390808049    0.02181995374635408      6.431252532241099     0.8496496127387122
                 294000      2.679325697650877    0.02180542951787793      8.264431990036584      1.099775441188522
                 295000      2.793853953689346    0.02180075469719222     0.6416498792826337      -1.45611245731656
                 296000      2.493074545967035    0.02178037280385101      5.963827620062375     0.7723771650085057
                 297000      2.341932596875323    0.02176885697208604      1.802991276743784    -0.4244170870617229
                 298000      2.747723927505676    0.02174907678982712      4.369952234826041     0.4599788267689922
                 299000      2.781894027561606    0.02174011322376191      1.345509312210794    -0.7184128602930663
                 300000      1.939175894137654    0.02173568532414607     0.6175641154109085     -1.497361552621921
                 301000      1.989509525044928    0.02173150101150229     0.5820860589909177     -1.556718669298593
                 302000      2.121252960539769    0.02172774405460148     0.5198834598174734     -1.669905198694617
                 303000      2.012861260732034    0.02172306932255051     0.6562908913703819     -1.437120920305104
                 304000      1.738196862465033    0.02172046902115502     0.3546684248984131      -2.05266141375429
                 305000      1.813908628936911    0.02171676089032602     0.5140559313810261     -1.681683412087642
                 306000      2.173388635685823    0.02171431622394803     0.3331924054600094     -2.115407947068161
                 307000      2.687703633851976    0.02170343099751881      8.995760955663593      1.179879257763195
                 308000      2.696344634410897    0.02169179451254317      8.888700130595021      1.167370315555582
                 309000      2.672887452107978     0.0216810315364083      9.108882763605932      1.191343258598662
                 310000      2.418782683702148    0.02166496627797534      3.025986169681572    0.08858898130822519
                 311000      2.661971182602162    0.02165234650881239      8.742703230506397      1.148988706086329
                 312000      2.702207943654461    0.02163988275522241      8.812522888752936      1.156367239216122
                 313000      2.687991393683367     0.0216300209573648      9.402057420636217      1.220666186507259
                 314000      2.658213477473867    0.02161652734949726      8.643210881355088      1.135887758520621
                 315000      2.597823140385605    0.02159715678321249      4.912928058737617     0.5700872234350511
                 316000       2.51444961394951    0.02157765556609015      5.736570030346636     0.7241752285426143
