#! FIELDS time e sigma_e height logweight
#! SET action OPES_METAD_kernels
#! SET biasfactor       3.469395073212715
#! SET epsilon    0.007640039155174105
#! SET kernel_cutoff       3.122291642622147
#! SET compression_threshold                       1
                   1000      2.714698092998032    0.06206017502565676    0.03010226110527593     -3.469395073212715
                   2000      2.486213210240302     0.0613590197611887    0.03044624246170084     -3.469395073212715
                   3000      2.651035882882915     0.0545004894740606     0.7759731232141318    -0.3497722738498691
                   4000      2.420629133282516    0.05324468201939091     0.1313087250313689     -2.149650679566575
                   5000      2.300551128394942    0.05233585459327609     0.1026015750112935      -2.41356486513682
                   6000      2.554226293915136    0.04910808281686714     0.8198290129656094    -0.3989804027227624
                   7000      2.686344175133152    0.04731479222291175      1.566666723179272     0.2114286724905597
                   8000      2.696194077704242     0.0467633984603577      2.599013291356121     0.7058881202069847
                   9000      2.531902919770207    0.04529190887739281     0.9211440555659784     -0.363355000498391
                  10000      2.693043611895264    0.04423068948677319      2.801444501472341     0.7252094957412469
                  11000       2.63045071038548    0.04291300413782433      2.011446927649662     0.3636846721291814
                  12000      2.541909045634255    0.04206370281916735     0.9953297677203877    -0.3598405311159924
                  13000      2.700636487978918    0.04113238724782172      2.580169918074012      0.570306516341899
                  14000      2.549656494873256     0.0404113333745542      1.192557037583719     -0.219134514627383
                  15000      2.357309934986936    0.04030600706391661     0.1350461226292273     -2.399982955506707
                  16000       2.35604347346634    0.04013031498577518     0.2350659360105798     -1.850101754263802
                  17000      2.460063092154179    0.03979637071874619     0.4950076492997016     -1.113750905462921
                  18000      2.470871267860763    0.03932600079682248     0.8058761109510463    -0.6382839210100911
                  19000      2.555526519310545    0.03867511312130454      1.618609987445743    0.04241950763621626
                  20000      2.637032510595157     0.0380702751083539      2.330121924152283     0.3910098286988653
                  21000      2.476356028581929    0.03764271293586139      1.043792246342892    -0.4233447023273024
                  22000      2.598677450830722    0.03711791798329837      1.978203318363153     0.2019442730990096
                  23000      2.688336828267694    0.03667930154824643       2.80173851417977     0.5381081656500963
                  24000      2.519121749884358    0.03625796463033753      1.591973208140994   -0.03871123289122739
                  25000      2.628577969606663    0.03584681493937727      2.571626632980422     0.4294487865982548
                  26000      2.445684030877709    0.03559529855586879     0.8615125533440239    -0.6711966477466611
                  27000      2.445703245178358    0.03531562557398421      1.055643781921695    -0.4758682447521339
                  28000      2.356273859692367    0.03522209776315954     0.2947960213930728     -1.754142513936308
                  29000      2.719786723293464    0.03486546148741445      2.288323882128033     0.2849717551461566
                  30000       2.64842646392395    0.03456331990401763      2.972709169454957     0.5379221544381395
                  31000      2.732735494595481    0.03424525480101329      2.115241825534838     0.1883725912083987
                  32000      2.486426416649156    0.03398249616678793      1.445271654807027    -0.2002016884928983
                  33000      2.651449136123293    0.03372726239889642      3.123491017704989     0.5629132135873414
                  34000      2.257010609259686     0.0337046008409621    0.09550906116430538     -2.925244365406352
                  35000      2.759135189704981    0.03346864722948865      1.442059406519613    -0.2176632298964593
                  36000      2.370782537337536    0.03338993155434428     0.3701290151346657     -1.579993802722296
                  37000      2.071972784241081     0.0333772263053081    0.05597084598261976     -3.469395073212715
                  38000      1.947116865648501    0.03336453825318256    0.05599213088714771     -3.469395073212715
                  39000      2.707083545060341    0.03317352397588135      3.604194027992528     0.6895057000883349
                  40000      2.488149786077789    0.03293684628939576      1.828538717829764    0.00376454990466476
                  41000      2.432667330533541    0.03274642178533219      1.298309501903262    -0.3444878294888323
                  42000      2.021773211647769    0.03273282796726601    0.06970218138553011     -3.269489739456772
                  43000      2.663924974980946    0.03262937396861381      4.310055651823252     0.8518191787262027
                  44000      2.586967085154179    0.03240230143185721      2.379427512779463     0.2507448078008137
                  45000      2.646492353871521    0.03226475435665741      4.178620354267387     0.8096120090975301
                  46000      2.438238018923572    0.03208617653676156      1.564309770379456    -0.1784745769074264
                  47000      2.535033661128332    0.03189565590469978      1.896011064786955   0.007877499433402355
                  48000      2.637819714390555    0.03175962358475871      4.191423337048398     0.7968915970504374
                  49000      2.245607184234788    0.03174189257371896     0.1244943922688654     -2.720201827609069
                  50000      2.591904599377157    0.03154842659662799      2.824545724241407     0.3955267014566805
                  51000      2.267443119755125    0.03152311579061428     0.1885309062329768     -2.312116777631023
                  52000      2.677502749551217    0.03139605490660392      4.344630277263771      0.821278346439711
                  53000       2.69716157959989    0.03124826238855824      4.087337119247152      0.755512895775411
                  54000      2.693292718692401    0.03111712350806928      4.409857016016378     0.8272559668170865
                  55000       2.54208742919405    0.03096601867056573       1.91363861013846     -0.012447669616618
                  56000      2.359716803423341    0.03092041980464371     0.4277864143616695      -1.51205900129547
                  57000      2.746563074056246    0.03076178920826805      2.328636827885793     0.1772117914005881
                  58000      2.399798336240125    0.03068214238409862     0.8435149631919012    -0.8408413959148388
                  59000      2.611352681267632    0.03052845077148036      3.474302607447662     0.5697082691438904
                  60000      2.743119003915796     0.0303763408363283      2.662030325852895     0.2984085932632234
                  61000      2.547855364546425    0.03023990785419693      2.098022887732115    0.05581336115948973
                  62000      2.681194405788044     0.0301363144143495      4.635337486347908     0.8450953502500987
                  63000      2.547585504546002    0.03000439969226361      2.213476175545025     0.1015636749774793
                  64000      2.229408081295554    0.02998986724392995     0.1615010053565092     -2.516728907369973
                  65000       2.43993138541178    0.02988875136832922      1.454322194049462    -0.3223224149573075
                  66000      2.273051962773446     0.0298678688548466     0.2401384211931722     -2.124101046810846
                  67000      2.112840774464328    0.02986142513458868    0.07215620610969171     -3.326699024731822
                  68000      1.965001876096766    0.02985377451364214    0.08596312531922216     -3.151870131046241
                  69000      1.819823983491916    0.02984818784407223    0.06258844264250549     -3.469395073212715
                  70000      1.756637602625093     0.0298423737629395    0.06522162507385494     -3.428379432483031
                  71000      2.047513391418823    0.02983317434362148     0.1039958211801708     -2.962128116495623
                  72000      2.152513266041724    0.02982589381160063    0.08210232654367022     -3.198756551150613
                  73000      2.120587337869528    0.02981527479912653     0.1207024322026973     -2.813750723153893
                  74000      1.996619539642262    0.02980425780907125      0.125537793511389     -2.774841721645873
                  75000       2.01830225251026    0.02978930000043527     0.1721531560933748     -2.459566049550432
                  76000      2.074923761849258    0.02977522156418147     0.1621170577870454     -2.520104631477931
                  77000      1.749749135933236    0.02976710659312179    0.09249980500489983     -3.081489326473859
                  78000      2.088030454565318    0.02974939784015929     0.2062439107674829     -2.280231448856995
                  79000      1.716034848141064    0.02974105496657364    0.09552841034483966     -3.050147734049354
                  80000      1.985622446413082     0.0297234383848553     0.2059923259802412     -2.282325019847612
                  81000      1.876471967002042    0.02971729120899845     0.0703562971675383     -3.356798477685693
                  82000      1.845123923694013    0.02970831071946222     0.1034854393111878     -2.971242092509447
                  83000      1.939069974571858    0.02969463784760203     0.1593525181669769     -2.540014512066641
                  84000      1.908684249148968    0.02968164447156715     0.1515426093758922     -2.590704182304049
                  85000      1.844168474396495    0.02966798833558942     0.1598300761667069     -2.537919983566013
                  86000      2.153263807898594    0.02965404533438899      0.163645413672432     -2.514799313498813
                  87000      2.302724951784866    0.02962293189390613     0.3807519234354996     -1.671403010209724
                  88000      2.107712941275083    0.02959868001926184     0.2935006847095062     -1.932490102635554
                  89000      2.211628904589318    0.02957801856284531     0.2489761161669137     -2.097711399014447
                  90000      1.910964149379825    0.02955882973464588     0.2312363376449198     -2.172277041206112
                  91000      2.026638270124383    0.02953242701549746     0.3246421193586027     -1.833887556304063
                  92000      1.835792854038174    0.02951366153767657     0.2276212957401779     -2.189563317689369
                  93000      2.017375741222941    0.02947893475545607     0.4393894382521098     -1.533037786106703
                  94000      2.045953092690436    0.02944070751526654     0.4912212673084664     -1.422826842651007
                  95000      2.577811470605095    0.02932855541899242      3.924396428735061     0.6514296301687633
                  96000      2.674676905664394    0.02938977819331137      6.863615558511957       1.21253672340988
                  97000      2.644104916108774    0.02939001698232345      6.492823872577428      1.157008043454704
                  98000      2.687565017687146    0.02941073217119421      7.054933631762824      1.240742263346237
                  99000      2.244332000907265     0.0293845005055872     0.3873564802054309     -1.662287093037833
                 100000      2.188921448123184    0.02936601715507155     0.2690235856258208     -2.027462659817578
                 101000      2.340857737714152    0.02932982762019502     0.5527619598736803     -1.308567378941126
                 102000      2.459445782271602    0.02922212464474637      2.299051035894997     0.1130779981667275
                 103000      2.760676503096989    0.02911236856879597       2.50884162194915     0.1966396997990567
                 104000      2.591274835628223     0.0290041211552753      4.386585156840596     0.7516444222595569
                 105000      2.698674728434796    0.02898825937634958      6.857303486930046      1.197860623454972
                 106000      2.678410146022485    0.02900432015328306      7.646003004023195      1.307283255634536
                 107000      2.609787502109687     0.0289041944597538      5.123340121427002     0.9034487531991034
                 108000      2.712410272459678    0.02884043387435469      6.415129313689627      1.126092950151619
                 109000      2.480283206841106    0.02874838108620928      2.338397217964577     0.1137026384875763
                 110000      2.670421165663141    0.02873713127399095      7.751746923016203      1.311763724339587
                 111000      2.515036373312441    0.02864494257800411       2.52051097820602     0.1850939911262642
                 112000      2.550869805186301    0.02854329124179206      3.286686334276586     0.4469572274811251
                 113000      2.680041816742176    0.02853508196418198      8.076562103557576      1.345756013927917
                 114000      2.625687268385569    0.02844612524056045      5.792304070545256      1.010197545736966
                 115000      2.497816930596003    0.02835966031407582      2.623414852152289     0.2151000095246227
                 116000      2.297259455312513    0.02834036368189332     0.4301457266998448     -1.593688723635824
                 117000      2.704838267232819    0.02829000419215305      7.299486242492522      1.235967939213309
                 118000      2.683397700989561    0.02827309573688809      8.409231122246672      1.376896155146176
                 119000      2.448997387861093    0.02819951591142502      2.247127555244618    0.05461300781415521
                 120000      2.413067650407276     0.0281469448466938      1.451870539455288    -0.3840529924544278
                 121000      2.672739087920395    0.02812332699723512      8.440210968128143      1.375262116509636
                 122000      2.657561251207469    0.02807652216625353      7.938120588728588       1.31226570035608
                 123000      2.719953937825713     0.0279925871165032      6.233244259805871       1.06749211228218
                 124000      2.733308499707804    0.02790116716051098      5.094317108482013     0.8624495854306489
                 125000      2.746453265094465     0.0278136917864948      3.942034465190434     0.6028807993011288
                 126000      2.389648834351204    0.02778181298362035     0.9459212595914647    -0.8255589133346818
                 127000      2.655391067736341    0.02772621271872199      7.712845169996617      1.270920853888313
                 128000      2.618793627448725    0.02764046882945596      5.395549858331261     0.9105109120292777
                 129000      2.451383991436619    0.02758048247522313      2.206577805477388     0.0142066147018044
                 130000      2.542224530907873    0.02751263712286168       2.71019634538305     0.2173219530764198
                 131000      2.449064590342347    0.02745219142557387      2.315299266860305    0.05764038802615267
                 132000      2.707415448977373    0.02739389758361186       7.50145610221491      1.231072859100645
                 133000      2.598124127671891    0.02731413855469865      4.357763370337761     0.6850188389662952
                 134000      2.638202984365441     0.0272450467473414       6.73380513367521      1.117667554267095
                 135000      2.768981077576537     0.0271908296327944      2.205792026710055 -0.0003781514294173974
                 136000      2.734244868033907    0.02711384183508814      5.286427959369466     0.8708425779027901
                 137000       2.63801972650829    0.02704837791204554      6.873577205650845      1.130967145219169
                 138000      2.717395075376985    0.02698310687148083      6.869835630715112      1.128006616829479
                 139000      2.676754741019452    0.02694375651975202      8.620569652989632      1.353558206793275
                 140000      2.458728482780871    0.02689143025946577      2.395369420914103    0.07100056161030698
                 141000      2.558873779211995    0.02683210367339907      2.958227331376205      0.279844721052133
                 142000      2.645207593681876    0.02677404695499958      7.422364715088647      1.197586160056478
                 143000      2.673450012508486    0.02673479539531427      8.742984121089844       1.35987291709614
                 144000      2.583336751433167    0.02667069508031549      3.761226275589771     0.5139658792418473
                 145000       2.11786874944438    0.02666490723861525     0.2250501265743611     -2.302428313760558
                 146000      2.525706803342398    0.02661427786581185      2.559049363755699     0.1267391186769753
                 147000      2.480497765561363    0.02656494569597857      2.501336460267955     0.1020731266265796
                 148000      1.867886665857114    0.02656046354925422     0.1771161963006994     -2.545870070376961
                 149000      1.854846050626283    0.02655522161704318     0.2079353165523089      -2.38564638855474
                 150000      1.938212229010071    0.02655056097196036      0.184615548815943      -2.50477341655831
                 151000      2.051422098009045    0.02654232734789583     0.3312305702567568     -1.920544404309959
                 152000      1.598134838868512    0.02654053419822396    0.07038862062491785     -3.469395073212715
                 153000      1.560340983449069    0.02653859275582438    0.07627722076829055     -3.389125491761333
                 154000      1.774035604076655     0.0265357175591893     0.1134154013862602     -2.992550986535262
                 155000      1.976745445753572    0.02652915542312367     0.2628562718424817     -2.152248120447973
                 156000      1.737526586498288    0.02652583253905821     0.1315233667891283     -2.844796240192879
                 157000      1.951462805072556    0.02651939841472188     0.2580451090992159     -2.171088949246499
                 158000      2.692373771772273    0.02648936666280749      9.236369999443708      1.405547783499199
                 159000      2.347035871859493    0.02647769558258715     0.4911371961048155     -1.529073628183492
