#! FIELDS time e sigma_e height
#! SET action OPES_METAD_state
#! SET biasfactor       3.469395073212715
#! SET epsilon    0.007640039155174105
#! SET kernel_cutoff       3.122291642622147
#! SET compression_threshold                       1
#! SET zed      0.1376771970378463
#! SET sum_weights       160.9919915452267
#! SET sum_weights2       410.5009699597042
#! SET counter  127
                      0      2.690053290923832    0.03968074887383494      170.3290413842111
                      0      2.403231035844159    0.03858294782702177      10.10803467578315
                      0      1.831411145427293    0.04189233262053049     0.3271281914413554
                      0      2.458815750736276    0.03888598232549649      30.62413317370966
                      0      2.559914855490768    0.03880978172915955      39.27589564032265
                      0      1.603439685592261     0.0403793261554212     0.2728195841407522
                      0      2.014271160699392    0.04165873100938427     0.5503953570612072
                      0      1.945059100884658    0.03949714331933539      1.966348852352512
                      0      1.774083070876807    0.03669370060905625      1.260435297119928
                      0       2.16663216650286    0.03498826512972202     0.9193625482243116
                      0      2.094336026964548    0.03840367983269105     0.4724737327664535
                      0      2.265253622638868     0.0321544830918027     0.3931562613783836
                      0      2.302942911256803    0.03384048654708844      1.336677345866515
                      0      2.226237315287186    0.03353672076401523     0.1953960979728513
                      0      2.628740527747082    0.03157898040982519      24.69631765712491
                      0      1.528782792726488    0.02911574939577356     0.1774623242516178
                      0      2.768134767621732    0.02911150383794866      2.255886950248688
                      0       2.51848525408338    0.03042966349180204      14.00612376675242
                      0       1.88712173617514    0.02771322206853611     0.1825115847987624
                      0      1.693653814289575    0.02856154517911321     0.2176864371226779
