#! FIELDS time e sigma_e height
#! SET action OPES_METAD_state
#! SET biasfactor       4.240371756148875
#! SET epsilon    0.003891431002318289
#! SET kernel_cutoff        3.33135957893421
#! SET compression_threshold                       1
#! SET zed      0.1384740296921591
#! SET sum_weights       97.82797603318808
#! SET sum_weights2       209.2822364994043
#! SET counter  122
                      0      2.392526397823862    0.03610580788864548      3.126898849723283
                      0       2.65582025042014    0.03869167205644976      63.97329786424004
                      0      2.498868896578012    0.03885372496274196      37.82461483310041
                      0      2.564967455712009    0.03606499214733325      12.04213531329537
                      0      2.703594753631969    0.03538094806656605      36.22549600043133
                      0       1.95716860052419    0.03447355438838599      1.110508127635087
                      0      2.234580301704999    0.03244025732232875     0.3128835965002207
                      0      1.840733723254261    0.03472383305783232     0.9506241544548393
                      0      1.473387597513615    0.03537520978575632    0.02442767714725482
                      0      2.021316790772163    0.03490154135158452     0.4452004533774591
                      0      2.145309871008324    0.03491572109203069     0.4843498835526324
                      0       2.28425285700027    0.03599038645770728      1.504819369234359
                      0      2.349483848183594    0.03557415564999635      1.153186220435253
                      0      2.741179139773003    0.03332400565973244      10.49770525736477
                      0      2.060759316876434    0.03233290807829842     0.7486245244479265
                      0      2.608924437668477    0.03287901826209093      3.225845165072405
                      0      1.775048653366521    0.03264993697862736     0.1613685711580949
                      0      2.103314310146161    0.03228264156922745      0.417880546728136
                      0      1.612207273032007    0.03180744005644771    0.02716767530267484
                      0      1.705015617038661    0.03291675654700492     0.1270047288723062
                      0      1.903882214299149    0.02956214967427696     0.1285915896909325
                      0       1.53551138311366    0.02956027510125953    0.03173465578379741
                      0      1.426443718308579    0.02949494255672869    0.03329223661187429
