#! FIELDS time e sigma_e height logweight
#! SET action OPES_METAD_kernels
#! SET biasfactor       5.011348439085033
#! SET epsilon    0.001910020759284688
#! SET kernel_cutoff       3.538542402811424
#! SET compression_threshold                       1
                   1000      2.666263087211493    0.06321896844457647   0.006322704301097473     -5.011348439085033
                   2000      2.703881061367676    0.05522399221599421     0.9443706976935622    -0.1401835634580265
                   3000      2.474432690125717    0.05514629295110732   0.007248263161584698     -5.011348439085033
                   4000      2.710502445242749    0.05186578601847511      1.991794854895501     0.5433509510006209
                   5000      1.831976797988508    0.05182765755869769   0.007712384902651058     -5.011348439085033
                   6000      2.417180620206095    0.05173072727595549    0.01981305452059695     -4.069706858545403
                   7000      1.950912906176231    0.05168194024736854   0.009998601558479391     -4.754546199885517
                   8000      2.114024848195756    0.05164298982144697   0.008007205839981974     -4.977403513243637
                   9000       2.45756090190956    0.05119441543024772    0.09753544592722509     -2.486253528827921
                  10000      2.531064883923893    0.05052572366093368     0.1565640252405771     -2.026152221900842
                  11000      2.237405884828469    0.05047984936434709    0.01048252673245366      -4.73081585678393
                  12000      2.505972613050976    0.04852083701201254     0.6501815787543058     -0.642854830603403
                  13000      2.620920721972401    0.04634702235403452      1.619023601363793     0.2236357374256472
                  14000      2.704352543038316    0.04615319668960566      3.639020291246263      1.029336158372853
                  15000      2.684767177283416    0.04533180394742465      4.469839571022384      1.217016815652705
                  16000      2.554556053202616    0.04452437459405705     0.8647926198922167    -0.4435733259032665
                  17000      2.348174660516076    0.04448829366671701    0.03432388462337743     -3.671032293767346
                  18000      2.502232833123123     0.0436378274390236      1.047616030308652    -0.2719030507327249
                  19000      2.664387764692707    0.04268716230196549      4.468783456331518      1.156669878306378
                  20000      2.666979847116794     0.0418468087971565      5.025991118831795      1.254293650527293
                  21000      2.469617263662931    0.04146918983165181     0.7395172056470137    -0.6711515549130396
                  22000      2.488939003136228    0.04096257283395415      1.115338121998351    -0.2725281627639794
                  23000      1.924136950883623    0.04095306654353478    0.01808626361973338      -4.39452041452851
                  24000      2.570153402120981    0.04038615239817341      1.411330823191312   -0.05132449295064388
                  25000      2.337851352360516    0.04036284430644553    0.04794670245260896     -3.434100146376744
                  26000       2.46670626843297    0.03989334644432482      1.208643390700991    -0.2186364420895026
                  27000      2.247865033771866    0.03988282725174023    0.02290909122036646      -4.18462017634755
                  28000      2.344482544039507    0.03983718827418148     0.1009283241099777     -2.702888383791316
                  29000      2.250828539388929    0.03981824160564023    0.04166821530824672     -3.588036086774355
                  30000      2.530039801800305    0.03925084456349702      1.757212910957071     0.1393573798688425
                  31000      2.125495399162326    0.03924384346695037    0.01659352225345897     -4.523292870114568
                  32000      2.545712512902233    0.03867678864562824      2.011372814187141     0.2597125623478549
                  33000       2.34231556306971    0.03863027364617958     0.1219478969190406     -2.544469701700494
                  34000      2.320941309470476    0.03857719235758262     0.1403974199880894     -2.404961495662409
                  35000      2.218882496204374    0.03855834089329035    0.04935686516122226     -3.450850531133257
                  36000      2.341212351303026    0.03847821292870391     0.2167413548273346     -1.973302928638075
                  37000      2.443088711124131    0.03812948211439206      1.138151036554935    -0.3239517226008938
                  38000      2.614763669186018    0.03757994815304724      2.704505374097509     0.5270450915421275
                  39000      2.212047246664786    0.03755697075965649    0.07001807037935419     -3.127487483806676
                  40000      2.022557060826883    0.03755197756438215    0.01510935204448244     -4.661059906747636
                  41000      1.710707758414308    0.03754833259577015    0.01102825215176748     -4.976010511299187
                  42000      1.990647117318359    0.03753887388517888    0.02872104356056494     -4.019092729032634
                  43000      1.601799770304682    0.03753531877170117    0.01077284395625575     -4.999788998462566
                  44000      1.798153925701667    0.03752969268986233    0.01707475355563866     -4.539366444176341
                  45000      2.062344139716545    0.03751971007931673    0.03038886102079386     -3.963157316716605
                  46000      1.804577669753745    0.03750902986639071    0.03256418131512048     -3.894305189119184
                  47000      1.913785837282394    0.03749694865993006    0.03691181823590122     -3.769308503442725
                  48000      1.847805326731879    0.03748091814417327    0.04915677456711089     -3.483253215600338
                  49000       2.02365832385766    0.03746123008049974    0.06061334693996538     -3.274278192195802
                  50000      2.046606654000644     0.0374313783754659     0.0926534184186239     -2.850724646449748
                  51000      1.930306484153436    0.03740878971994867    0.07008086668829322     -3.130544331467349
                  52000       1.77719794135541     0.0373915672166293    0.05341942572584238     -3.402480180245762
                  53000      2.126261384160737    0.03737375155241888    0.05539417677163322     -3.366656737527905
                  54000      1.867024352134963    0.03734552172936033    0.08848838472476957     -2.899015539612438
                  55000      1.863961253736614    0.03730152599336158     0.1396657210853406     -2.443813743082052
                  56000      1.926719154567994       0.03725672245902     0.1430878977178938     -2.420808333178688
                  57000      1.675996023995785    0.03725015672907103    0.02062462152406725     -4.357958107191561
                  58000       1.73138527247633    0.03723296909537588    0.05436130080179319     -3.389252688032784
                  59000      1.769912006845318    0.03719736773829078     0.1140565131950271      -2.64916778681007
                  60000      1.784574143649271    0.03713981697320463     0.1876766844576105     -2.152689494499717
                  61000      2.003267370887877    0.03709282158691984     0.1533887506570183     -2.355700825687394
                  62000      1.834374464410943    0.03701819776887161     0.2493279775791157     -1.871921009100404
                  63000      2.304063905025326    0.03693089614506673     0.2970346236393213     -1.699202636670312
                  64000      2.588245938777377     0.0364625058113572      3.477305391471841     0.7481976134066811
                  65000      2.572288451866322    0.03604180020184979      3.961587655813977     0.8669796874809028
                  66000      2.384054846698964     0.0359036416549685       0.60539527548857     -1.015379519390514
                  67000       2.45164253188494    0.03554775528636048      2.211736150245225     0.2703102450593696
                  68000      2.348510866154947    0.03541111011367357     0.6511844387303782    -0.9562813071802772
                  69000      2.512623622986361    0.03504951508838348      3.805687316847811     0.7989138264871605
                  70000      2.497642315222489    0.03471944862491115      4.174419383534121     0.8819307256445614
                  71000      2.394655933699779    0.03454212172338534      1.086476157181548    -0.4692254875186604
                  72000      2.481527649994879    0.03424333881898507      4.347424506059251     0.9087310987209337
                  73000      2.691223866079441    0.03398039872944905      4.869870024341981      1.014506535883589
                  74000       2.75420497396986    0.03373457375292174      2.193156941802282     0.2095207083832061
                  75000      1.646681269153875    0.03372974089226851    0.03066375770051733     -4.060638447688652
                  76000      1.546068539467308    0.03372739011812358    0.01488907589496659     -4.783161788164454
                  77000       2.07930583217354     0.0337080850880285     0.1243824278237676     -2.661001204137596
                  78000      1.956472333800253    0.03367789937846307     0.1972115529157996     -2.200980998555095
                  79000      2.061173270670883    0.03364522617615386     0.2149391070345374     -2.115873897239403
                  80000      2.155856591046776    0.03363143462890675    0.08937408142435188     -2.993807933969752
                  81000      1.497687490806903    0.03362884832590142    0.01660482179615071     -4.677022438645012
                  82000      1.888435472818165    0.03358494473717836     0.2944167136440386     -1.803025790816203
                  83000      2.059619703596486    0.03353743044862414     0.3219770098715213     -1.714957554212732
                  84000      1.801543563838814    0.03348930446630238     0.3286328412741193       -1.6959325793909
                  85000      1.989354932506961    0.03344352568830303     0.3139756634468603     -1.742926147324497
                  86000      2.675424583405461    0.03334329642968378      6.558389461835417      1.293257247276023
                  87000      2.455270346564517    0.03308554081948632      4.060888534395772     0.8061535919790183
                  88000      1.600291596859734    0.03308112032277368    0.03340541700595843     -3.994419031910161
                  89000      1.659918465410951    0.03307340110877659    0.05857958462668714     -3.432984223081493
                  90000      1.991981579026133    0.03302354189652282     0.3980459690522002     -1.518311644530331
                  91000      1.866149899170242    0.03297199128215123     0.4155630755020004     -1.476806980118434
                  92000      1.753257440181779    0.03294055908796144     0.2490203395493152     -1.989860565613807
                  93000      1.942768880409852      0.032892483279995     0.3906890844497429     -1.540943618042966
                  94000      1.709452991078126    0.03287274165210166     0.1560277558823538     -2.459422134313005
                  95000      1.920471567626752    0.03281109400709018     0.5154545905565076      -1.26628393965536
                  96000       2.50608226536908     0.0326249932795511      5.601727328675723      1.113809099158905
                  97000      1.777144768148288    0.03257751706657358     0.4201327656917173     -1.477906681175993
                  98000      2.162938127012598    0.03256210933577833     0.1317139011184933     -2.638318364556008
                  99000      2.296646822544533    0.03251272581809798     0.4424178528629163     -1.428213460909299
                 100000      2.206816653582019    0.03249410181747459     0.1613646642442704     -2.437374451822388
                 101000      2.464190312494949    0.03229824586198961      5.276173162876369      1.043869414033533
                 102000      2.685129605681705    0.03215408268753309      6.343012712298319      1.223548715920689
                 103000      2.443178829913677    0.03194597294069366      4.392645915783112     0.8496333279417709
                 104000      2.398856284598374    0.03180113726108855      1.925807170467761    0.02050267903992242
                 105000        2.7221605111995    0.03161221618946376      4.931854847168811     0.9549142259824802
                 106000      2.570458483138044    0.03142334179165779      4.045201695375463     0.7507378358449165
                 107000      2.562268079184069    0.03124304532112717      4.678350184008939     0.8903977624621866
                 108000      2.524845737977772    0.03108425240335049      5.624690949550053      1.069522779411688
                 109000      2.635140250038718    0.03091663257565243      4.951292292799797     0.9365983596828474
                 110000      2.650665886894445    0.03076299657657534      5.569825008536563      1.049331632300493
                 111000      2.615528360296004    0.03060334442314375       4.82511387643151     0.9005990714833612
                 112000      2.689793208856948    0.03047035093471341      6.216537099121919      1.149622563334161
                 113000      2.693572596499869    0.03034728330277481       6.57466501843426      1.201586068011818
                 114000       2.60191859056816     0.0301991378027811      4.848721034512122     0.8921837781234059
                 115000      2.319975920125833    0.03016837252272631     0.5172365329837545     -1.346805452561308
                 116000      2.459010068670449    0.03002537311174123      4.409955271356262     0.7915627792269097
                 117000      2.578755073251471    0.02988644681090487       4.93458894204125     0.8993299064911778
                 118000      2.597534056132319    0.02975447158668266      5.474715085069572     0.9987750990012957
                 119000       2.37808331145918    0.02970178639016798      1.048723387832819    -0.6555637670574379
                 120000      2.582383258837426    0.02957730287073627      5.774768992114318      1.046160964305064
                 121000      2.703043440104694    0.02945938166952513      6.105427947114332      1.097846062690983
                 122000      2.397413474464194    0.02938851107303287      1.640008460310026    -0.2190393435321871
                 123000      2.180217982789609    0.02938166272655919     0.1340265457769985     -2.723691195090972
                 124000      2.443180963860828    0.02926389506293915      3.847739185095419     0.6294956947097017
                 125000      2.493879486731833    0.02914435246582579      4.973857243393102     0.8821122357573793
                 126000      2.710718217476383    0.02903334195957105      5.935308704225582      1.055019370983441
                 127000      2.140459306273047    0.02902647953368228     0.1467344719490212     -2.645266700304337
                 128000      2.040254612936523     0.0290133272515729     0.2858543323093315     -1.978862202905491
                 129000      1.768730276468038    0.02899930092745471     0.3061758977826251     -1.910668351301897
                 130000      2.785357287261855    0.02896231334364479     0.8620408814080888    -0.8768017004597072
                 131000      2.733954733170018    0.02885080917678648      4.395640496445343     0.7484067315596343
                 132000      2.629387207983978    0.02874234056292182      5.457172996772966      0.960957643834538
                 133000      2.249122332003846    0.02873506296453915     0.1665006581686682     -2.528982495655105
                 134000      2.636530617645743    0.02863191793015079      5.896615470925532      1.034556082185959
                 135000      2.802655729667123    0.02861037379055502     0.5287538730539733       -1.3778074139375
                 136000      2.317316905425313    0.02858913373305426     0.5227961227791017      -1.38988156951515
                 137000      2.507873041874786    0.02848499517678378       4.83593693354227     0.8311077930154014
                 138000      2.741900944875736    0.02838722079772701      3.937695027902305     0.6221900435872596
                 139000      2.139383686082011    0.02838079428063841      0.159781106793919     -2.582582386509969
                 140000      2.203082531975561    0.02837408080374499     0.1672212690156578     -2.537305860917142
                 141000      1.864532554118565    0.02836173216745891     0.3127846128542883     -1.911544247749523
                 142000      2.112960588038878    0.02835458076380228     0.1789033156856582      -2.47046572103232
                 143000       1.65137212954255    0.02835214926316927    0.06013146908900124     -3.560863685518071
                 144000      1.996302555266491    0.02833921129382442     0.3294787867397905      -1.86034146575156
                 145000      2.534054894655581     0.0282404160153374      5.085805320232436     0.8728629704039016
                 146000      2.065025070122297    0.02822956046229838     0.2825533318494801     -2.017862850862984
                 147000      1.882969827940323    0.02821537142640415     0.3736458464462178      -1.73892451156999
                 148000      2.099503070292056    0.02820585011672294     0.2479165489867228     -2.149478240311307
                 149000      1.861015577115263    0.02819014183685909     0.4172497972894755     -1.629442427914092
                 150000      1.947825004059111    0.02817639322195996     0.3640235455382716     -1.766396782539837
                 151000      2.176105932055196    0.02816819085565292     0.2141646908863805     -2.297161181129372
                 152000      1.800914239896194    0.02815461222300628     0.3606908684260781     -1.776367384195846
                 153000      1.790172236388011    0.02813873396672478      0.425742678256778     -1.611117658939648
                 154000      1.584061332865603    0.02813739855929828    0.03441719333498312     -4.126443994388769
                 155000      1.974385598751917    0.02812240435468643     0.4021434008591555     -1.668724530984554
                 156000      1.975468916150717    0.02810520032258259     0.4658117680996809     -1.522363595719403
                 157000      1.868848262473744    0.02808710181822513     0.4929137811105754     -1.466455107706591
                 158000      1.959469175249831    0.02806805927737978     0.5218722783832982     -1.410044711378495
                 159000      1.532737016383564     0.0280670633784705    0.02594432039048162     -4.411550355861011
                 160000      1.695540277325604    0.02806289716867299     0.1095223579982725     -2.971522811751236
                 161000      1.923025751754481    0.02804385660773319     0.5240581981055149     -1.406727505749443
                 162000      1.453179830788154    0.02804321193791596    0.01684518358501305     -4.844288461884102
                 163000      2.707854281900851    0.02796299069810414       6.75826363170666      1.147303310720737
                 164000      2.687507902072673    0.02789687569559732      7.629045378069872       1.26613286129045
                 165000      2.405468685470475    0.02783830628904721       2.04633943013998   -0.05187901277144523
                 166000      2.567712938910218    0.02775026388528182      5.543640716864616     0.9415522413319216
                 167000      2.495589501421478    0.02766372885200178      5.528336709416869     0.9356645596141471
                 168000      2.688656352332991    0.02760207107694121      7.825902306380327      1.280985287203304
                 169000      2.687178112162533    0.02754605088020822       8.21455383259897      1.327422058076641
                 170000      2.694402495453649    0.02749427980321574      8.540537452763017      1.364457353057196
                 171000      2.548199591740919    0.02741174193852693      5.453382386496689     0.9128629348231151
                 172000      2.635056996552791    0.02733299700471383      6.278657007193666      1.050906196845483
                 173000      2.596173219087418    0.02725419705366309      5.973180589236177     0.9981425148984759
                 174000      2.247010579653056    0.02724840733902479     0.2013181758428801     -2.392218147193357
                 175000      2.520103329812365    0.02717031275040784      5.669457680437808     0.9428738379985574
                 176000      2.487148705437386    0.02709339986615951      5.544407808001052     0.9177354062509498
                 177000      2.242704989620082      0.027087177185168     0.2261529399058052     -2.281827896252256
                 178000      2.432504883834835    0.02702442896518771      3.185576575129114     0.3610299721456137
                 179000      2.349562439454265    0.02700486541023995      0.760266229039794     -1.072414117747462
                 180000      2.689431717570012    0.02695434241441824      8.549331609745119      1.345652956297019
                 181000       2.70291109028667    0.02690173909159678      8.485183649028574      1.336167914956449
                 182000      2.745005766609764    0.02683286744862705      4.315804973082844     0.6575668306360538
                 183000       2.65907879556854    0.02677229871038833      7.787629468809678      1.245559669704902
                 184000      2.419496639959481    0.02672164532048004      2.630944298771562     0.1584721916254592
                 185000      2.369623215573258    0.02669584139235732      1.151794110515972    -0.6685159392515927
                 186000      2.389462357638521    0.02665812496573605      1.813243623527458    -0.2161332826561155
                 187000      2.721226130709912    0.02659463315423727       7.17492649697549      1.156957389359378
                 188000      2.615291097216956    0.02652695891250965      5.810992713152751     0.9435683902239913
                 189000      2.442466818192544    0.02646798498612391      3.723408289762316     0.4962307824302465
                 190000      2.389257611318827    0.02643082043640197      1.913029667430442    -0.1711255935607673
                 191000      2.795846008238203    0.02641521834077797     0.7154817939811444     -1.155203391331414
                 192000       2.40843919578241    0.02636811921698216      2.667708388799533     0.1590309352991983
                 193000      2.445844415873065    0.02630830559736557       4.13131184870914     0.5941351247368126
                 194000      2.493747803988001    0.02624488122415795      5.450623689784459     0.8688564474360386
                 195000      2.592357184093728    0.02618229750683131      5.698025794571269     0.9108587155177328
                 196000      2.315857194558923    0.02617115479076431     0.5324875553788423     -1.459882471995905
                 197000      2.514141686309262    0.02610960865149181      5.673391982129906     0.9037460039729983
                 198000      2.599900780227857     0.0260491249574312       6.00862331556279     0.9588352712049566
                 199000       2.51243344635693     0.0259893430658984      5.892855953301992     0.9370827715553813
                 200000      2.733287873692844     0.0259303047558125      5.732478258032114     0.9072157332673129
                 201000      2.504681332455377    0.02587235484055105      6.131836891970244     0.9723248169260499
                 202000      2.752568459346643      0.025820959213492       3.86190939513018     0.5080036956480777
                 203000      1.972358284423954    0.02581209922912351      0.462651111958214     -1.614283264689394
                 204000      2.437357074007199    0.02576116359870202      3.897778139695793     0.5149301917711073
                 205000      2.636789657012598    0.02570639961037367       6.59562507987428      1.038801973310917
                 206000      2.458995283456265    0.02565206379942012      4.986089315725856     0.7569313644176661
                 207000      2.520197503627772    0.02559772704245851       6.17170137072412     0.9681335467249746
                 208000      1.577902966665841    0.02559705881968187    0.03559684745409677     -4.187365306898656
                 209000      1.961206030313785    0.02558797424670087     0.5050862069087827     -1.535248234620193
                 210000      1.604732481009031    0.02558711431048404    0.04593245969708198     -3.932838913613757
                 211000      1.702590658588098    0.02558510307665934     0.1080421557479647     -3.077568088198106
                 212000      1.895224174382137    0.02557750414045854     0.4200952987442446     -1.719905033243244
