#! FIELDS time e sigma_e height logweight
#! SET action OPES_METAD_kernels
#! SET biasfactor       5.011348439085033
#! SET epsilon    0.001910020759284688
#! SET kernel_cutoff       3.538542402811424
#! SET compression_threshold                       1
                   1000      2.539031707935306    0.06321896844457647   0.006322704301097473     -5.011348439085033
                   2000      2.707962352020336    0.06187988162738348    0.05573216684834951     -2.856347246430447
                   3000      2.432507015969342    0.05999914253445904    0.09062175532322114     -2.401075260972694
                   4000      2.689452283097689    0.05366183585317654      1.051240346295567   -0.06167175592469274
                   5000      1.756356653437877    0.05359419626880003    0.00745817404725526     -5.011348439085033
                   6000      2.051223845953271    0.05352685572126024   0.007467556954530902     -5.011348439085033
                   7000      1.934029452244603     0.0533917066859865    0.01518395531562729     -4.304205113800975
                   8000      1.983096799446877     0.0523844755592663     0.1271827736176272     -2.197864347525687
                   9000      2.502821204424741    0.05032364863191301     0.3463990891774086     -1.236033175567995
                  10000      2.705153834301177    0.05098134996216445      3.052843659912608     0.9531888203717142
                  11000      2.628542517653632    0.04813948414487988      2.097381097675512      0.520447624460563
                  12000      1.708124554913202    0.04809517823043079    0.01966150973657387     -4.150255009738547
                  13000      2.521901758057266    0.04698558435959561     0.6160820636436857    -0.7288788274330754
                  14000       2.02675913174774    0.04668938222013457     0.1555219535661688     -2.111796161689048
                  15000      1.797820784812166    0.04663872492037071     0.0261300816675717     -3.896581433331851
                  16000      2.539264243466775     0.0451649112572047       1.17848895336735    -0.1197910065982654
                  17000      2.653560768770943      0.043907277057883      3.049734090852818     0.8027899120297796
                  18000      2.052916123405782    0.04368295251350959     0.1954932359832777     -1.949616137602349
                  19000      2.132466905608413    0.04357703620879548    0.09161326413357097     -2.709993455910755
                  20000      1.592147640798678    0.04356329513946239    0.01173511261324522     -4.765299474393737
                  21000      1.955429591013594    0.04327560964513352     0.2655286346284136     -1.652787965968947
                  22000      1.886366302386099    0.04311705136394266     0.1455639346871994     -2.257565895284097
                  23000      1.482985899118246    0.04310548024407059    0.01037518078992218     -4.899033208843453
                  24000      2.450699355211051    0.04245284372865913     0.7326527784248786    -0.6570340502444253
                  25000      1.871885248164972    0.04219819659560169     0.2664691089030416     -1.674464032949343
                  26000      2.303683256307904     0.0421818635514561    0.01630264667958138     -4.468782018591515
                  27000      2.696713240876723    0.04202292053197097      4.710444495474567      1.193652910445883
                  28000      2.425773422627996    0.04152450428958555     0.7716677347056521    -0.6272620614949824
                  29000       1.65289468159893    0.04149862281270443    0.03550052100573765     -3.706892227162628
                  30000      2.282817835959545     0.0414727662929037    0.03556694282474748     -3.705646229160172
                  31000      2.455240317246576    0.04070505528996235      1.577632689390528    0.06793315672589663
                  32000      2.498870144004609    0.03991024078390604      2.163662558637622     0.3640908047317559
                  33000      2.576430407020522    0.03918903652596275      2.298640299003715     0.4063702387727479
                  34000      2.416907521752381    0.03861293575833686      1.698046249043445    0.08872110626225452
                  35000      2.633363063075444    0.03813896848585877      4.127321086632328     0.9645205413223965
                  36000      2.575730853018884    0.03757597936859013      3.185206750509983     0.6905376381794777
                  37000      2.270440909708302    0.03755534924163601    0.05631030486952854     -3.345406463258902
                  38000      2.352639604440048    0.03738479485387464     0.5124291202189325     -1.141673374722638
                  39000      2.388014424951626    0.03699196680817819      1.518570080862646    -0.0658746306293277
                  40000      2.327766437447734    0.03679328763918471     0.6677472809422309    -0.8928746337634922
                  41000       2.50855194253772     0.0363334887761832      2.773075415240324     0.5183522721012761
                  42000      2.680627807061762     0.0360543601987695      4.810715927334346      1.061529157326945
                  43000      2.283274087251457     0.0359706341262754     0.3251337395421107     -1.635160350374582
                  44000      2.630307837493506     0.0356803719413494      4.900557584192189      1.069605161135516
                  45000      2.510374559990696    0.03529803093845681      3.001418965969836     0.5685677848819309
                  46000      2.293521200118992    0.03519343206580094     0.5027088544950767     -1.221229180631199
                  47000      2.711443116995365    0.03485952059785515      4.161450301560439     0.8828453692608095
                  48000      2.666749837338742    0.03470293138764346      6.041325742898684      1.251103080911585
                  49000        2.7287769969905    0.03437867774316738      3.996068235332517     0.8284029134834271
                  50000      2.636957689504662    0.03416364452124099      5.827888006312975      1.199472162400387
                  51000      2.642366037961198    0.03400230603194274      6.617265742956272      1.321766039426705
                  52000      2.647822532916016    0.03387251149391437      7.282151275880895      1.413685576329386
                  53000      2.763225666628021    0.03367570660396579      1.889770146766564    0.05888734910533482
                  54000      2.498500590434214    0.03344845578870744      2.481142571977759     0.3243802271121108
                  55000      2.611613823892839    0.03320869624046593        5.6314746931127      1.136838557041341
                  56000      2.644878078585013    0.03309503395520498      7.815485178342234      1.461145722247882
                  57000      2.664247107982331    0.03296102357845408      7.921881878981537      1.470609986092345
                  58000      2.698820120847819    0.03273544391447286      6.156697770966291      1.211654398093881
                  59000      2.662581175793667    0.03260698460128043      8.407400070809976      1.519294233616746
                  60000      2.537474033082636    0.03245370508482916      2.185326757970193     0.1672354160276086
                  61000      2.503287479283597    0.03229348058203488      2.414021052179673     0.2618146515757831
                  62000      2.459385139216873     0.0321680476279006      1.791347790627357   -0.04040261984796598
                  63000      2.344035562788057    0.03212358951491721     0.5603409497235576     -1.203963767849074
                  64000      2.475353691321858    0.03197526559605403      2.334541496134382     0.2184336020152306
                  65000      2.480093788210794    0.03181673520780598      2.683110278162164      0.352624526688348
                  66000      2.513081629018014    0.03165087050446058      3.034032852517251     0.4703137990683385
                  67000      2.230624497828634    0.03164361317395852    0.09483246405581437     -2.995451709943803
                  68000      2.759846894292583     0.0315261976893365      1.896014897506046  -0.003771428224880622
                  69000      1.308720473482059    0.03152523814015176    0.01267920140423545     -5.011348439085033
                  70000      2.283740169439258    0.03149893875089128     0.3609357497485907      -1.66344602243102
                  71000      2.775251067375723    0.03140620082910861      1.450004886691424     -0.275772283611379
                  72000      2.756938363707819    0.03126783568726457      2.527589375872738      0.275511425802783
                  73000      2.544093935954764    0.03111764426096299      3.014676949782539     0.4469231124385805
                  74000      2.413852455638488    0.03102856883307089      1.496247009027999    -0.2564762279570984
                  75000      2.267573909213977    0.03100617743294935     0.3329861623982024     -1.759812449783216
                  76000       2.51071741166104    0.03084723751101474      3.751405012227456     0.6568330780240129
                  77000       2.56703414371803     0.0306995108817212      3.393449964335896     0.5517492525456896
                  78000      2.484419891375391    0.03055030298265259      3.706577978213051     0.6351391140724217
                  79000      2.645313008539079    0.03045400555555719       8.09560830430542      1.413194698610464
                  80000       2.14771971017175    0.03045070313605194    0.05472651569505871     -3.583642416218743
                  81000      1.935213248080389      0.030441623095949     0.1520926686573712     -2.561798991180264
                  82000      2.006572391816555    0.03043165815042191     0.1674127150134335     -2.466154277086186
                  83000       1.54937263839017    0.03043059581515037    0.01759504348316938     -4.719034055519491
                  84000      1.842956683534086     0.0304243843437363     0.1038278554248626     -2.944121146320548
                  85000      1.845499168333815    0.03041636733869809     0.1345673923151518     -2.685053846718268
                  86000      2.680163313645911    0.03030667792501715      7.817991280266595      1.373451171604517
                  87000      2.436385789036063    0.03020603997092739      2.251623849515526     0.1253490080029595
                  88000      2.030411314371524    0.03019613901152823     0.1778424863084395     -2.413487522146988
                  89000      2.049324183539975     0.0301858333395768     0.1855371179678399     -2.371472162706307
                  90000      2.082798137381859    0.03017754602341716     0.1488666730966171     -2.591950608591175
                  91000      2.188000475494584    0.03017427337074226    0.05831469862085924     -3.529255973010389
                  92000      1.968779142943223    0.03016180401749138     0.2261869498290486     -2.174161615995496
                  93000      2.102780300162986    0.03015373687830771     0.1453867109374345     -2.616393818471909
                  94000      1.893355531493778    0.03014316459836184     0.1916844260185394     -2.340291251565018
                  95000       1.68283652564069    0.03014141843544091    0.03118948324866573     -4.156118624923013
                  96000      1.653491205690389     0.0301392469765305    0.03882651767569891     -3.937168174070579
                  97000      1.829571524411181    0.03013084218592466     0.1520945199698812     -2.572048367222896
                  98000      2.061967900565658    0.03011725155069888     0.2487396788949089     -2.080594809114747
                  99000      2.638072184173692    0.03004041372571962      8.786328262930223      1.481395943973957
                 100000      2.636340921257854    0.02996684556545311      9.110631557278163      1.515189095081221
                 101000      2.682565147435114    0.02987120049747214      8.610269051679136      1.455505826635208
                 102000      2.716983981974553    0.02973603695406415      5.689461212665702      1.036630666948227
                 103000      2.677115843954641    0.02966679115320891      9.645135311018587      1.562137390404185
                 104000      2.709980609573329    0.02954360956309348      7.142226711160289      1.257547491842717
                 105000      2.602913253769533    0.02941705141648666      5.728695874144182      1.032717832838978
                 106000      2.638618818454214    0.02932202447056027      8.780539079693472      1.456532164200262
                 107000      2.591018163338869    0.02920786420142548       4.54195918271342     0.7934518897682091
                 108000      2.347335636762375    0.02918614690844426     0.5695453284215061     -1.283567292361817
                 109000      2.577610919490951    0.02907711016376999      4.335908074454161     0.7425377734905765
                 110000      2.649902214706935    0.02901736368606028      10.25280270476073      1.601100939200403
                 111000      2.181014351827192     0.0290150785570847    0.06100433158723358     -3.523339324821727
                 112000      2.375998366562749    0.02898528508799243     0.8533821742059231    -0.8861040681878661
                 113000      2.458263118497958    0.02890676296788779       2.71893969494331     0.2699730045228155
                 114000      2.678076312764892    0.02883512674351913      9.860584538337688      1.555795210974925
                 115000      2.405352803164191    0.02879043503356503      1.422542493459711    -0.3818555881817438
                 116000      2.744550916850698    0.02870251608012081      3.490682686941295     0.5127375543865664
                 117000      2.566795822858868    0.02861194838104028      3.785494194048983     0.5906562887464383
                 118000      2.514441905513169    0.02852851227825703      3.394288899535129     0.4786537396250679
                 119000      2.195444754956089    0.02852599597138956    0.07529953928253548     -3.329810013967625
                 120000       2.18639119313629    0.02852316164453121    0.08491910105561616     -3.209684343701303
                 121000      2.217166756170842    0.02851909650244144     0.1222363227292639     -2.845569683016706
                 122000      2.264735841399065    0.02850977981469079      0.284234634606814     -2.002052586143079
                 123000      2.305587822888229    0.02849560588328486     0.4389019474282803      -1.56807391160001
                 124000       2.52513431871392    0.02841118711230899       3.59212498648542     0.5311823634139307
                 125000      2.678469621073426    0.02834486692418449      9.874039238234179      1.540010404406098
                 126000      2.718524957978028    0.02824587445769846      6.342997520014279      1.093954299482044
                 127000      2.410825278823691    0.02820340724319709      1.567565624571788    -0.3053779089457253
                 128000      2.489656351591328    0.02812612558312717      3.500130211581794     0.4951544893475121
                 129000       2.50850655551581    0.02804490879569391      3.919155985070795     0.6053388693517475
                 130000       2.41043676375019    0.02800159436069666      1.680184866577743    -0.2431792852236868
                 131000      2.494880911025845    0.02792128620825397      4.021338108724552     0.6266594923530432
                 132000      2.255719493994436    0.02791293944707539      0.293009771014936     -1.992803523789434
                 133000      2.184072978591587    0.02790981091035714     0.1082833120086103     -2.988370516933283
                 134000      2.519250457626984    0.02782856731161277      4.273214441750974     0.6840848726852574
                 135000      2.101388385623143    0.02782425081841504     0.1525864366104588     -2.648460636245969
                 136000      2.471913536036686    0.02775065802787265      3.667718632774658     0.5284848332353359
                 137000       2.48630255529738    0.02767117679861059      4.376683526363969     0.7023380122546172
                 138000      2.455185304725416    0.02760303198281766      3.402536445562083     0.4481022258104094
                 139000        2.4276763765701    0.02754938854315432      2.454380889988793     0.1195103248286366
                 140000      2.656720817144969    0.02749471305531418      9.984176074722082      1.520650618594384
                 141000       2.68865696725158    0.02742862607375592      9.229763497301258      1.439676077946245
                 142000      2.408292220861247    0.02738695897518392      1.918809217554464    -0.1325728174927119
                 143000      2.384696957137684    0.02735545238956122        1.3931586015216    -0.4538551527165197
                 144000      2.493791753463695     0.0272812679689926      4.644018809506123     0.7474358635834819
                 145000       2.20952833413241    0.02727767350422387     0.1459529296454976     -2.712747123930921
                 146000      2.327217248237665    0.02726588388566538     0.4929697844722994     -1.496015711963824
                 147000      2.533741029457115    0.02719679578505201      4.156500621190423     0.6334281255598562
                 148000      2.735823737226356    0.02712639901440723      4.453363565495008     0.6998224929529118
                 149000      2.608312976828354    0.02705030757410675      6.131810068809628      1.016843800337237
                 150000      2.280365655915602     0.0270412336137473     0.3959137256794669     -1.723540646187152
                 151000      2.548637124548261    0.02697744442304328      3.927431784284484     0.5686422851685154
                 152000      2.643801847225032    0.02691984867522106       9.43366885101481      1.442804403855518
                 153000      2.260990238116437     0.0269120124059318     0.3542414920067789     -1.839548235068069
                 154000      2.614402040168747     0.0268401566894443      7.166176613581038      1.164926852399303
                 155000      2.544080415451317    0.02677744031150759      4.195996509385815     0.6273460500209151
                 156000      2.205257143369522     0.0267740127856152     0.1579083447811506     -2.652653327918002
                 157000      2.646941913056295    0.02671976340609671      9.649137478820847      1.457927462768046
                 158000      2.452468226362909    0.02666840714982464       3.18113530682327     0.3463731975740161
                 159000      2.265406305720825    0.02666040899560781     0.3884501003211549     -1.756755465744219
                 160000      2.352332522687206    0.02664624848594409     0.7069137900348264     -1.158542749513953
                 161000      2.543565281809495    0.02658624357420267      4.222151471328186     0.6263941863872999
                 162000      2.429308174972062     0.0265437428350937      2.538764789946904     0.1161271425053193
                 163000      2.610994573215971    0.02647709362810493      6.979390006216349      1.124896926872005
                 164000       2.43554289792885     0.0264320086981683      2.849820182989525     0.2274870627957862
                 165000      2.457700868306383    0.02637880486213605      3.711368708907873      0.489617012162865
                 166000      2.343065930524929     0.0263667784385096     0.6349453292813455      -1.27645611640703
                 167000      2.244924684223554    0.02636062243019375      0.317371453496302     -1.970155653698028
                 168000      2.471515337281196     0.0263039263406604      4.276188895602407     0.6284358242976948
                 169000      2.209308746054007    0.02629998831698298     0.2038937223548861     -2.414932456997599
                 170000      2.720521404430756    0.02623806067749124      5.529982899809195     0.8830512152854468
                 171000       2.59120884743135    0.02617717790706603      5.473532170036742     0.8704675396529246
                 172000      1.797440899487468    0.02617601898593507    0.06114903568436048     -3.623942063132119
                 173000      2.598114808387583    0.02611456876180181      6.192875408820939     0.9915482901718933
                 174000      2.291201138785413    0.02610599165455656     0.4754090972049402     -1.575759297274027
                 175000      2.308285501731783    0.02609662056548313     0.5221994826546487     -1.482244349947501
                 176000      2.726461698131754     0.0260388634363279      5.134059650803308     0.8011423084861883
                 177000      2.652425883336928    0.02599210953619742      9.628182268898957       1.42814290123266
                 178000      1.699378974343364    0.02599156778888694    0.03007328977466592     -4.340690276700462
                 179000      2.108785590253395     0.0259893586220156     0.1235462503203636     -2.927797088247974
                 180000      1.914721617983242    0.02598716599526936     0.1226600143715906     -2.935080623253683
                 181000        1.5813074705661    0.02598676920683334    0.02203153028664404     -4.652037687202415
                 182000      1.692319554382156    0.02598613168464883    0.03543764770047877     -4.176762092839651
                 183000      2.028388991728173    0.02598291609285442     0.1808135222958987     -2.547194355880862
                 184000      1.652307738143755    0.02598225300469676    0.03688773420314286     -4.136807023618425
                 185000       1.82933717238851     0.0259803168130595     0.1083270395528637      -3.05960583999922
                 186000      2.018352067897598    0.02597686933525278     0.1942558295527456     -2.475717340734952
