#! FIELDS time e sigma_e height
#! SET action OPES_METAD_state
#! SET biasfactor       5.011348439085033
#! SET epsilon    0.001910020759284688
#! SET kernel_cutoff       3.538542402811424
#! SET compression_threshold                       1
#! SET zed      0.1465437728332672
#! SET sum_weights       248.8056124233948
#! SET sum_weights2       710.9400811430829
#! SET counter  187
                      0      2.510620546999091      0.034208304213662      55.45215006105486
                      0      2.689182665825385    0.03728638166458135      130.1082518569018
                      0      2.462059277659897    0.03516609523515255       45.8222139935073
                      0      1.698012323104371    0.03762353541043594     0.1238201045076396
                      0      2.031115138601598     0.0429811116032108      1.655450825470498
                      0      2.639733380036499    0.03337711163567415        145.21589995818
                      0      1.821461696052709    0.03290829199875829      0.347700676874677
                      0      2.106594770993917    0.03619721612357792     0.7167258507935037
                      0      1.572844272159894    0.03667548703921128    0.05136168638305864
                      0      1.955343753166084      0.038341710117753     0.6438082531148334
                      0      1.871492357037166      0.041340734943732     0.8421127173487948
                      0      1.482985899118246    0.04310548024407059    0.01037518078992218
                      0      2.280295164792066    0.03486846039174553      5.099676104971159
                      0      1.652908258383516    0.03303015115011892     0.1112147728845794
                      0      2.577788007189935    0.03685166062579513      60.42782870165868
                      0      2.407883167015043    0.03463706569562958       17.3560348679365
                      0      2.340725006485189    0.03152053303909347      3.632462462875766
                      0      2.744953081153788    0.03280984908375512      20.84148521007639
                      0      2.203631155489964    0.03140087776072815      1.112644766121467
                      0      1.308720473482059    0.03152523814015176    0.01267920140423545
                      0      1.914721617983242    0.02598716599526936     0.1226600143715906
