#! FIELDS time e sigma_e height logweight
#! SET action OPES_METAD_kernels
#! SET biasfactor       4.240371756148875
#! SET epsilon    0.003891431002318289
#! SET kernel_cutoff        3.33135957893421
#! SET compression_threshold                       1
                   1000      2.726674572585179    0.06284082615044533    0.01375115918422312     -4.240371756148875
                   2000      2.482876643165315     0.0624949438374419      0.013827265865069     -4.240371756148875
                   3000      2.375335719284777    0.05721499868034868     0.3399763367888536     -1.126407744991005
                   4000      2.689369123176921    0.05508406422773483      0.165200378041659      -1.88608023287181
                   5000      2.527824284766653    0.05291764940460085     0.2106170406355609     -1.683321409721238
                   6000      2.664255215855079     0.0494807080847043     0.8822652904724133    -0.3180241896295743
                   7000      2.673312522382499     0.0487143584121365      2.026539895435073     0.4979591120952345
                   8000      2.465109398572111    0.04762721807458663     0.3440669441780047     -1.297859191488407
                   9000       2.68374885561107    0.04671048360778166      2.733429591817396     0.7551811471489018
                  10000      2.485380494471432    0.04576236041907095     0.5265989883312231    -0.9121985869513392
                  11000      2.470634045344327    0.04466258141039061     0.7415330718253552     -0.594244033234318
                  12000      2.499245723846033    0.04351220778773426     0.9773272707931555    -0.3442367325084126
                  13000      2.618645562341135    0.04236028298248271      1.347525692278403   -0.04986327084861854
                  14000      2.576992204717964    0.04151373599786039     0.9548497988059172    -0.4145214314578727
                  15000      2.698949863230527     0.0406260234479395      2.085821898821758      0.345227244328623
                  16000      2.717412039242184    0.03982844789060965      2.090711301273486     0.3277412094751896
                  17000      2.518621121670538    0.03922634688743307      1.053572350932902    -0.3728092980862046
                  18000      2.705494497167345    0.03866062156481353      2.639609432452929     0.5311079531139464
                  19000       2.66943563168781    0.03814813005587343      2.837053882874859     0.5898983272861682
                  20000      2.689181784396165    0.03771243423756753       3.18586517753743     0.6943691919134771
                  21000      2.656466884784693    0.03722055129288128      2.881404590003991     0.5807943807411099
                  22000      2.501977610977251    0.03689019398643796     0.9547295092121934    -0.5327260071646741
                  23000      2.506114421182466    0.03654229968095043       1.10280834274149    -0.3980141120731903
                  24000      2.127338261642806    0.03653269615700254    0.02365372103797569     -4.240371756148875
                  25000      2.449072432271291    0.03623509924079894     0.9477615907355915    -0.5579686157750896
                  26000      1.887094330504215    0.03622582676144721    0.02385409198120791     -4.240371756148875
                  27000      2.375451666176152    0.03611915587504397     0.2948553510359313     -1.728791582329278
                  28000      2.634110324084279    0.03576878697379336      3.188333399102092     0.6422294134945271
                  29000      2.046271719949258    0.03575996337541085    0.02547626022408219      -4.18752386814045
                  30000      2.502738356968958    0.03539218788830633      1.761648566820869    0.03839660877011896
                  31000      2.272270795765019    0.03537124357713976    0.06504698457952378     -3.261090831053501
                  32000      2.192129009367804    0.03536082041667968     0.0322003402956894     -3.964518381191145
                  33000      2.303391367790179    0.03530419909287904     0.1817102840106112     -2.235684357218931
                  34000      2.553554287623008    0.03496010616421547      1.796676348394403    0.04580151024948873
                  35000      2.446326437994674    0.03465306815571433      1.568770453372738   -0.09866613162429631
                  36000      2.348308927858562    0.03455938399825808     0.3530629454950485       -1.5927743646648
                  37000       2.62985573429005    0.03436549677629497      3.868451215815359     0.7955627224339195
                  38000      2.592343127163784    0.03406123840809332      2.771628263947095      0.453250440374625
                  39000      1.896995325009218    0.03405114578438354    0.04167124328320459     -3.744424877720288
                  40000      2.676792634799229    0.03402479809014002       5.02679426738078      1.047527510482845
                  41000      2.498269174785417     0.0337430007051114      2.189679450944225     0.2081836107571614
                  42000      2.681734694134679    0.03367675843210552      5.218727682116528      1.074717009569666
                  43000      2.690106264726478     0.0335844394844816       5.41563132940841      1.109007749549404
                  44000      2.344728814587548    0.03352291402078163     0.3646762643062409     -1.590860622668694
                  45000      2.571181434106628    0.03327705920848363       2.19361048549194     0.1960724945495351
                  46000      2.510574206501876     0.0330388576776281      2.253798460778771     0.2159568095022902
                  47000      1.733380738403062    0.03303458694872666    0.02615846854704425     -4.240371756148875
                  48000      1.811622752570766    0.03302976736786586    0.02955530258357928     -4.118427472675529
                  49000       1.96848298441699    0.03302458466313175    0.03181585088175322     -4.044882946313484
                  50000      2.248785774554559    0.03300554191418846     0.1188201021388112     -2.727813754507159
                  51000       2.04661309688229    0.03299802336831661    0.04643029439158648     -3.667700036903012
                  52000      1.831576000691524     0.0329895725670737    0.05229598555510495     -3.548988702390552
                  53000      2.043190370530162    0.03297771194013115    0.07376505329174565     -3.205382816851548
                  54000      2.019052509971317    0.03296229473015892    0.09643315539264531     -2.937885438826439
                  55000       1.86915972147988    0.03294951662225649    0.07985813378953206     -3.126871517564809
                  56000      2.207932069170024    0.03293543484034658    0.08829470569911121     -3.026870568507765
                  57000      1.951553483556051    0.03292479124757907    0.06660683836802496     -3.309066683361696
                  58000      2.048726258724087    0.03290147355651135     0.1483052349403396     -2.509309847298191
                  59000      1.924753763621887    0.03288526158542925     0.1025947180731995     -2.878288809287511
                  60000      1.579097697629847    0.03288106088187633    0.02628060593200524     -4.240371756148875
                  61000      1.773878708838732    0.03287223930645283    0.05551148455954207     -3.492881401355267
                  62000       1.99916653389053    0.03284501595071628     0.1752751885883615      -2.34394258417442
                  63000      2.080397772025816    0.03281972782434535     0.1630746046254817     -2.416862255373991
                  64000      1.723549864389319    0.03281006966277541    0.06136179037944703     -3.394577036099342
                  65000      2.198437750273834    0.03278831477756052     0.1403952964770376     -2.567565655915611
                  66000      1.216169033038296    0.03278415808497793    0.02635828565196008     -4.240371756148875
                  67000      2.762054885253673    0.03257338073588283      2.060613938583148     0.1121548175928577
                  68000      1.637938983603634    0.03256830304849141    0.03348461071581291     -4.007674373281583
                  69000      2.473042069782244    0.03234715515579144      3.474369778845025     0.6275946192786787
                  70000       2.37453540954081    0.03224920419224558     0.7843225778160667    -0.8637860874528199
                  71000      2.709213202054986    0.03238727907841688      7.262347474098209      1.366124282555994
                  72000      1.835938478543442    0.03237030611752736     0.1303945473164264     -2.654293482922447
                  73000      2.561334777796045    0.03215294309028273      3.448585374026734     0.6141235371791176
                  74000      2.322600064225701    0.03208142845971067     0.6278032140859389      -1.09159576715499
                  75000      2.322546365595229    0.03199087552970744     0.8331940574794601    -0.8113825415656178
                  76000      2.227862674730192    0.03196559007256831     0.2121041315598541     -2.180362486515146
                  77000      2.106043842977892    0.03194711519962794     0.1540698363568414     -2.500611973090642
                  78000      2.419224591893916    0.03179825526827044       1.62793519455339    -0.1476206797161605
                  79000      2.516117468219592    0.03161046113726409      4.051671991623135      0.758273185596181
                  80000      1.774104334642582    0.03159812151039429     0.1102643335983031      -2.84612165241362
                  81000      1.664939820169812    0.03159188707587831    0.05532156964633442     -3.536036611345809
                  82000      1.724188605184267    0.03157894612887977     0.1160553007295735     -2.795542396472798
                  83000      1.703137260714498     0.0315628526021808     0.1452789780632565     -2.571463082104794
                  84000      1.733795471303749    0.03153839863018675     0.2241104869328023     -2.138754858136707
                  85000      1.778063424762511    0.03151439276674355     0.2206703611747165     -2.154985476883406
                  86000      1.971611837607162    0.03149274505075671     0.1989916919336066      -2.25907956297279
                  87000      1.843288569420884    0.03147113585426951     0.1992774844378879     -2.258330789919079
                  88000      2.434168838344029    0.03129934432854258       2.48801247501826     0.2607367760739355
                  89000      2.416366057487679    0.03113867411721326      2.299063802171846     0.1766080226899294
                  90000      2.725017688509233    0.03105970798947372      5.958857600959868      1.126445638969742
                  91000      2.581842763265139    0.03089058987762686      3.810894859088483     0.6739710733093885
