#! FIELDS time e sigma_e height
#! SET action OPES_METAD_state
#! SET biasfactor       4.240371756148875
#! SET epsilon    0.003891431002318289
#! SET kernel_cutoff        3.33135957893421
#! SET compression_threshold                       1
#! SET zed      0.1184935461860335
#! SET sum_weights       65.69622465268608
#! SET sum_weights2       119.6808948531681
#! SET counter  92
                      0      2.692485655505446    0.04155079165851969      50.42401095187901
                      0      2.499397854236273    0.03951014646471369      19.65624903352698
                      0      2.365369249762538    0.04065871564420786      2.136893475442141
                      0      2.616996827518285    0.04132527927241905      12.13078836994887
                      0      2.095249974196047    0.03604367557561972     0.3407981620202988
                      0      2.430579262059023    0.03487063230574797      8.931543515851825
                      0      1.880080894500798    0.03605001178033018     0.1453834690539446
                      0      2.039939251417329    0.03528467297555327     0.3904099982403992
                      0       2.31861300047975    0.03431898792860354      1.707754540155534
                      0      2.200872315243634    0.03360768787236251     0.2608903424718382
                      0      2.568959334086028    0.03412030116912193      11.24976706700156
                      0      1.722959803270921    0.03405306237696903     0.5729650246521236
                      0      1.837196995079494    0.03313214201641819     0.4115233198929985
                      0      1.956004788731736    0.03775381279130317     0.4000090992565843
                      0      2.235375224749287    0.03386453322173128     0.3309242336986653
                      0      1.579097697629847    0.03288106088187633    0.02628060593200524
                      0      1.776332663112147    0.03179961680678269     0.3864461793325616
                      0       1.99916653389053    0.03284501595071628     0.1752751885883615
                      0      1.216169033038296    0.03278415808497793    0.02635828565196008
                      0      2.762054885253673    0.03257338073588283      2.060613938583148
                      0      1.654759081647641      0.034538523174113    0.08880618036214732
