#! FIELDS time e sigma_e height logweight
#! SET action OPES_METAD_kernels
#! SET biasfactor       2.698418390276557
#! SET epsilon     0.01374333274381851
#! SET kernel_cutoff       2.928208142815685
#! SET compression_threshold                       1
                   1000      2.684989961260417    0.06053155025577301    0.06672079877255445     -2.698418390276557
                   2000      2.411483463155339    0.05920511112449938    0.06821562036279934     -2.698418390276557
                   3000      2.674473763605792    0.05330342053470698      1.116859234752273   -0.00782356664109563
                   4000      2.456228541294843    0.05150242512156497     0.2652713911160366     -1.479717525549362
                   5000      2.550810902026086    0.04942249389857572     0.4075796740404838     -1.091457745883376
                   6000      2.608288617988824    0.04716677690802979      1.332742140123807    0.04658378267911447
                   7000      2.585987121194291    0.04550331079779006      1.615564060687195     0.2031246851538651
                   8000      2.357668333673355    0.04496100438382714     0.2248568128435134     -1.780840484108521
                   9000      2.571872588512019    0.04399743527496459      2.183084038451858      0.470525354390104
                  10000       2.66032824506763    0.04272220226596629      1.619039913051258     0.1422075095661694
                  11000      2.198556280292534    0.04258285483846166    0.09484365008703816     -2.698418390276557
                  12000      1.910110541199469    0.04244515563208219    0.09515133880092394     -2.698418390276557
                  13000      2.106303493737893    0.04228495061496805      0.113245324856616     -2.528112113987982
                  14000      1.917596740124224    0.04193026005049619     0.2738134329001134     -1.653645105380888
                  15000      2.013156720717284    0.04171646031672841     0.1636442189400525     -2.173509383902207
                  16000      2.093129032341091    0.04130160750897952     0.3542088713625786     -1.411311648028183
                  17000      1.864072263833771     0.0408635682120659     0.4013764312480115     -1.296961209606994
                  18000      1.615729988296695    0.04074596880775069    0.09911933627254814     -2.698418390276557
                  19000      2.137496820972189    0.04016352641704552     0.6399612228555558    -0.8477329752564662
                  20000      1.863361274135129    0.03950531709091545     0.8877730827475258    -0.5369483955692335
                  21000      2.551352179394564    0.03947778234702654      3.092332290473753       0.71031907197357
                  22000      2.554092014949728    0.03961328717632052      3.957837164816317     0.9605177400747263
                  23000      2.319953029757244    0.03939053685842044     0.3472404333615534     -1.478556803466648
                  24000      2.601119236651535    0.03915908738867953      4.090201916860649     0.9818822877490475
                  25000      2.534553908297542     0.0386766339570685      3.847088449518671     0.9082076970722281
                  26000      2.441889784005701    0.03839177924750486     0.6738859000744863    -0.8411956777674181
                  27000      2.467296870268336    0.03789573426934236      1.538234943278884   -0.02887039035234365
                  28000      2.481073520957144    0.03735487352522505      2.316936887374146     0.3663648295861353
                  29000       2.55149313856605    0.03709733771594007      4.634143174261039      1.052651967145286
                  30000      2.652838451724381    0.03664113932779308      2.159435626803874     0.2766739759596391
                  31000      2.707775132784449    0.03633396523393759      1.216977844860951     -0.305220967928604
                  32000      2.732502117796314    0.03606581702398061      1.073059466338765    -0.4384851595704434
                  33000      1.932282077501645    0.03592602983918709     0.5115864462380605     -1.183121166819453
                  34000      2.659775020882019    0.03553065048221214      2.463918831077758     0.3778042588102647
                  35000      2.654793310069899    0.03515506400125926      2.903990437730344      0.531509918136908
                  36000      2.760985343699087     0.0349809239294244     0.7986253375875718    -0.7644050372524426
                  37000      2.734597708858019    0.03470355369470755      1.568573118900787   -0.09733610391286311
                  38000      2.702602486558743    0.03438148213087974      2.450265613215923     0.3393699793053115
                  39000       2.56197022356935    0.03417287977567015      4.554459335097373     0.9531946049008858
                  40000      2.579424795555735    0.03397117285509299      4.768371330224415     0.9931725519484478
                  41000      2.515143433517717    0.03368953040827996      3.628107774617546     0.7115537946468101
                  42000       2.71154370823366    0.03344009634801202      2.173579991855045      0.191786681226129
                  43000      2.736137201165078    0.03321343183706232      1.955070603863113     0.0790361125812825
                  44000         2.672569611103    0.03296534564762282       2.69565327286466     0.3927528923708024
                  45000       2.32830554012879    0.03291118355798579     0.3657643051534616     -1.606298164450077
                  46000      2.340345911946273    0.03284277172936758     0.4750268137670767     -1.346996906688162
                  47000      2.705357203149043    0.03260923262224814      2.758757856636322     0.4050314218077267
                  48000       2.74317428286067    0.03240211129149009      2.197431135861987     0.1711680343652064
                  49000      2.624520418692521     0.0321834598721107      3.212414195920068     0.5441308302107876
                  50000      2.665794602157428    0.03197330869165273       3.20294766658976     0.5346284207545209
                  51000      2.154250287280536    0.03192010606273493     0.4420675302871184     -1.447401091998252
                  52000      1.997236468299189     0.0318877159091581     0.2627683324654045     -1.968606207956339
                  53000      2.600015644586858    0.03169836560629767      3.902232705284277     0.7234694370319958
                  54000       2.67693423862332    0.03150649917733363      3.350165358137152     0.5648589906744962
                  55000      2.695877326912345    0.03132144973027053      3.386041370659823     0.5696200973009653
                  56000      2.629502086285592    0.03114560164920125      3.718016689253591     0.6575188520402636
                  57000      2.681477708059512    0.03097569431605346      3.767538883222571     0.6652802525722018
                  58000      2.571674814039953    0.03081752942981707      4.150312326517728     0.7569226940045474
                  59000      2.672221531863093    0.03065983763523476      3.983499657731278     0.7107697594697745
                  60000      2.652305524674469    0.03050955570214117       4.17789053091988     0.7535018355115325
                  61000      2.676353363722818    0.03036457587178544      4.277685149654715     0.7723441097583013
                  62000      2.655619958226144    0.03022772970523951      4.520015615883417     0.8229305917088707
                  63000      2.676419813553896    0.03009471098824886       4.59024169303864     0.8339375585385655
                  64000      2.620357319208571     0.0299568966228538      4.167984255732493       0.73284753407333
                  65000      2.350430085446474    0.02992590813729307     0.4273313651531397     -1.545815500033768
                  66000      2.342852396163827    0.02988963949115105     0.5090049549780701     -1.372130174932985
                  67000      2.263641831526248    0.02987409192785644     0.2096384602002209     -2.259723798199097
                  68000      2.633799564431122    0.02974407696165323       4.33639487609854     0.7653287854235237
                  69000      2.513713290009348    0.02962002190558612      2.748806339090217      0.305272745106332
                  70000      1.629691775745192    0.02960799005688131     0.1718388591208762     -2.467498409841544
                  71000       2.55879575548312    0.02948115141534023      4.034691697908421     0.6843364536852338
                  72000      2.385608035281208    0.02944731888727023     0.5274377704315549     -1.351466087087215
                  73000      2.670468090227474    0.02934768813168831      5.330494958445518     0.9583133086262304
                  74000      2.743551408971237    0.02924067785255198      2.415710765497602     0.1632098114010438
                  75000      2.717397922787984    0.02912161147659014       3.78935898194927     0.6093328694830805
                  76000      2.456924590841335    0.02905720289030226      1.228012854343629    -0.5196808642504512
                  77000      2.346490932300695    0.02901826240804529       0.68903990841306     -1.098875279649923
                  78000      2.541263625831526    0.02890473617992893      3.915425651833176     0.6345849479894439
                  79000      2.597820600624461    0.02879846942883493      4.542954705104111     0.7795552951419688
                  80000      2.691845155524063    0.02869788903693524      4.829052043585754     0.8371291892524841
                  81000      2.467522222640973    0.02862896908190068      1.532229082985733    -0.3132018599621898
                  82000      2.662288440149618    0.02854322187187338      5.466936791443778     0.9557933911595012
                  83000      2.440291741712594    0.02849144638852226      1.122963929134542    -0.6287690915665127
                  84000       2.42483471289276    0.02844372742230068      1.029470028545392    -0.7173727687762603
                  85000      2.500098974869366    0.02835207635138675      2.657807811455026     0.2278573571565585
                  86000      2.518567225371634     0.0282538667198956      3.461947486239218     0.4887170490638195
                  87000      2.439246612594574     0.0281963181580091      1.379184461010422    -0.4336608003796452
                  88000      1.737599471176634    0.02818919976001783     0.1432716578827651     -2.698418390276557
                  89000      1.793143256806859    0.02817781944519477     0.2321630745265117     -2.216124685060789
                  90000       1.66619193925265    0.02816835570390554      0.192354784663296     -2.404559127822345
                  91000      2.412314674064728    0.02811647070735579      1.233446546615663    -0.5481766901072767
                  92000      2.072465698996817    0.02809902011711501     0.3674830389685362     -1.759687971628335
                  93000      2.429170729626606    0.02803378575274292      1.695728285336815    -0.2328218300007087
                  94000      2.681132297983296    0.02797374634970183      6.130131222097657      1.050138033995212
                  95000      2.548995887431493    0.02788718860302508      4.805367962191987     0.8035564497999574
                  96000      2.519144027189653    0.02779763125536207      4.144810266409451     0.6524632616551552
                  97000      2.604367450344645    0.02771741553327144      5.131255353074583     0.8630667104706899
                  98000      2.673364542756473     0.0276599749725057      6.317533977187423      1.068970797718322
                  99000      2.360431205610149    0.02762687834861076     0.8663084311292368    -0.9190696879656889
                 100000      2.551720586394814    0.02754796622083352      5.120904129497222     0.8549151605205908
                 101000      2.567776217567222    0.02747422827654685      5.474384753447474      0.918983745055955
                 102000      2.551776418907615    0.02740108512209768      5.484064922101616     0.9180846534716308
                 103000      2.335397985536895    0.02737075781688118     0.8579424323990349    -0.9380876285383974
                 104000      2.655303052544725    0.02731094224439348      6.260852467643939      1.047259227257658
                 105000      2.700764828970622    0.02723723814066177      5.322500108390336     0.8821836622254166
                 106000      2.678451529191376    0.02717788577034935      6.323382778606234      1.052313371991527
                 107000      2.646468213652688    0.02711747897151362      6.295599805521266      1.045684884055778
                 108000      2.683381810029972    0.02705867508856976      6.420617798675993      1.063177440727965
                 109000      2.675605280766451    0.02700608085113499        6.8160451985383      1.120996915879432
                 110000      2.697522784722109    0.02694105741841048      6.024678773850493     0.9951710212707159
                 111000      2.448163167793027     0.0268947696026401      1.752728089533359    -0.2412392506795097
                 112000      1.999369395025531    0.02688550514892026     0.2928702818646233     -2.030782754897234
                 113000      2.647949050763523     0.0268290158318371      6.591337200247851      1.080895661384695
                 114000      2.601514610456913    0.02675860631248781        5.0501623236588     0.8119319767529075
                 115000      2.397095911952303    0.02672729745581801      1.150704550130246    -0.6682847353970038
                 116000      2.532625659103844    0.02665753272999635      4.565928974983644     0.7073491952767612
                 117000       2.70092747140476    0.02659399800276939      5.808129327850824     0.9455995335781441
                 118000      2.650838424373374    0.02654101186187341      6.745048995831805      1.093155345529394
                 119000      2.288326928622705    0.02652948783133956     0.4133983831248625      -1.69943124242902
                 120000       1.73931786678601    0.02652379426641236      0.199688235837409     -2.427300284724711
