#! FIELDS time e sigma_e height logweight
#! SET action OPES_METAD_kernels
#! SET biasfactor       5.011348439085033
#! SET epsilon    0.001910020759284688
#! SET kernel_cutoff       3.538542402811424
#! SET compression_threshold                       1
                   1000      2.621942815372495    0.06321896844457647   0.006322704301097473     -5.011348439085033
                   2000      2.658747677770222     0.0552198901762867     0.9501814953313563     -0.134123609479124
                   3000      2.413202865734731    0.05514241290801732   0.007248773178682453     -5.011348439085033
                   4000      2.600093988948189    0.05097545003012478       1.30526900294331     0.1034087347030882
                   5000      2.466606869570163    0.05048273077454229    0.09134420903291339      -2.56583364063323
                   6000       2.46539139913071    0.04947069311057214     0.2144214443023756     -1.732775961075616
                   7000      2.365020076835216    0.04906260932168705    0.08671353479604818     -2.646392635167808
                   8000      2.522709258152412     0.0468519531154922     0.8756026413947299    -0.3801947623785309
                   9000      2.349458660576584    0.04625425625865844     0.1853803206316781     -1.945536852228089
                  10000       2.78297598969903    0.04581613312972264     0.1400356228395909     -2.235566721272602
                  11000      2.714823241287721    0.04423690527277794     0.9756455340501955    -0.3294411014631665
                  12000      2.512906969912844    0.04300861911611026      1.486397903098994    0.06341165629770665
                  13000      2.681682113395533    0.04199544562622917      1.679712807287045     0.1618394434692259
                  14000       2.41979371087991     0.0413575035344971     0.5110193059034736     -1.043438602120093
                  15000      2.515428909612819    0.04064565708835834      2.000224482552753     0.3038068469072618
                  16000      2.260225682634467    0.04057529048041886     0.0585390396821765      -3.22924669207415
                  17000      2.524170297859316     0.0404012978272994      2.933941025456494     0.6808639257961605
                  18000      2.017191142080461     0.0403914938711218    0.00989601535835366     -5.011348439085033
                  19000      2.056659141344353    0.04037186552812451    0.01990694882025715     -4.312897838926962
                  20000      2.637948132583727    0.03961866247357325      2.111468090363896     0.3323392025792565
                  21000      2.734696744825388    0.03893446554945491      1.455676333857501   -0.05699407313759159
                  22000      2.672613390667794    0.03850116680489443      2.935137274743155     0.6330982090524393
                  23000      2.726224477495869    0.03795023688447555      2.566288611476816      0.484391918728079
                  24000      2.719845530493052    0.03759117254260493      3.378735493388219     0.7499262129217383
                  25000      2.509702504366994    0.03707471488602603      2.457902275303248      0.417898888121051
                  26000      2.627587925263655    0.03659375698940536      2.352608014052118     0.3610575955803372
                  27000      2.659479522195799    0.03625695108532936      3.526190247827654     0.7565045930026461
                  28000      2.411864944246981    0.03610700942116146     0.4597953179087266     -1.284831398531555
                  29000      2.450392483026457    0.03580292827236171      1.148329996698818    -0.3780061666822222
                  30000      1.844457958574336    0.03579911760125558    0.01116549430484985     -5.011348439085033
                  31000      2.151039628906902    0.03579448520569131    0.01358751947424612     -4.815154318503938
                  32000      2.325989860749389    0.03573235703422203     0.1902658542823208     -2.177620876201426
                  33000      2.604517599048793     0.0353545558026192      2.812602495522855     0.5051929085545668
                  34000      2.384473521761686    0.03519042066535963     0.6116479624581493     -1.025169043560177
                  35000      2.591585022000618    0.03485542082596252      3.042643779963522     0.5695909122023617
                  36000      2.222868412398821    0.03484370204534367    0.04219248613153476      -3.70898528495441
                  37000       2.30232929583964    0.03478354424515704      0.226301354579632     -2.031087894387863
                  38000      2.041037304418702    0.03477398500692834    0.03468748526305556      -3.90685132459854
                  39000      1.585923098150598    0.03477080430339147    0.01149570312517855     -5.011348439085033
