#! FIELDS time e sigma_e height logweight
#! SET action OPES_METAD_kernels
#! SET biasfactor       5.011348439085033
#! SET epsilon    0.001910020759284688
#! SET kernel_cutoff       3.538542402811424
#! SET compression_threshold                       1
                   1000      2.654847587771428    0.06321896844457647   0.006322704301097473     -5.011348439085033
                   2000      2.463593188707903    0.06259732666963279    0.02462223262321474     -3.661727469008209
                   3000      2.673746828814375     0.0560937787567754     0.5057680673326437    -0.7489967311752224
                   4000      2.525146704149803    0.05395227249916806     0.1949529178066157     -1.741241945802007
                   5000      2.550450995882474    0.05016327493639336     0.8245129037925545    -0.3720238648873756
                   6000      2.009211175735343    0.05010739394699944   0.007977162893729082     -5.011348439085033
                   7000      2.347139877315259    0.05005173165074343   0.007986034259206935     -5.011348439085033
                   8000      2.703244770087787    0.04779483567620958      1.354332615793052    0.07588182971852696
                   9000      2.706663412770292     0.0475131886651172      2.602042780987452      0.722959587920629
                  10000        1.6671271625005    0.04749036818831116    0.00841675604852125     -5.011348439085033
                  11000        1.9245723458669    0.04745245305355316    0.01405104686385838      -4.49967471694611
                  12000      1.924866597248838    0.04731178553494258     0.0532804043460077      -3.16977179581929
                  13000      2.166908513728094    0.04728889545078226    0.00860725805656511     -4.993218534360064
                  14000      2.591061884783822    0.04538547029435699      1.659809272911391     0.2275501539639288
                  15000      1.803756593794399    0.04535207431093798    0.01677936592175121     -4.367494013059623
                  16000      2.649173678158205    0.04504110390556399      3.814449857254401      1.052027379919636
                  17000       2.38044973498418    0.04501395884798173    0.01963934900543769     -4.217592046898803
                  18000      2.454056124551717    0.04468983944076844     0.2523444253367197     -1.671558749453673
                  19000      2.189422875542557    0.04465964873182383    0.02267056866510185     -4.081961911527804
                  20000      2.055393996439549    0.04463050067403955    0.02194972403163491     -4.114927777445139
                  21000      1.597169076029339    0.04461140481817621    0.01438963120770768     -4.537602409257771
                  22000      1.677295652352535    0.04457155402791298    0.03023134829045437     -3.796124578854863
                  23000      1.850519398356356    0.04449654909453561    0.05760368408369897     -3.153101678033535
                  24000      1.978592958741807    0.04438174833018426    0.08970958991257501     -2.712693855620294
                  25000      1.768544876605824     0.0443032460267627    0.06154378112930732     -3.091293083274092
                  26000      1.807962925458959    0.04409953949432334     0.1661864573217828     -2.102540106235357
                  27000       2.64770404993324    0.04380945038333507      4.939377765926021      1.282744359015434
                  28000      2.524446522810563    0.04290361731585229      1.361569014108028   -0.02675069851916121
                  29000      2.390836230557972    0.04276505412612093     0.1744645501455496     -2.084656994532147
                  30000      2.388405681655752    0.04253311143860938     0.3054396791175325      -1.53006466651708
                  31000      2.476250477255116    0.04183457513707925      1.159196651448538    -0.2128941848615749
                  32000      2.448660567531735    0.04114879857218599       1.27748714727765    -0.1322548496212202
                  33000      2.255537425368124    0.04113037294514443    0.02772194047264766     -3.963128817038102
                  34000      2.554319088833685    0.04025531669288582      2.893627381096674     0.6634083889193642
                  35000      2.330190393814896    0.04013126227057464     0.2272301307653934     -1.883980907023515
                  36000      2.647412339840517    0.03986069228331857      5.606400169965442      1.314954952918444
                  37000      2.531528080945797      0.039132205345644      3.141670706625173     0.7173559624650016
                  38000      2.432772048877812    0.03867087287156192      1.491893235934612   -0.03921194300238336
                  39000      2.344110457133763     0.0385036082214553     0.4702012932275321     -1.198186997784394
                  40000       2.64859214637364    0.03819962799666564      6.002221003711597      1.340610783054143
                  41000      2.690878518649279    0.03768241973217858      4.993427350335583      1.142971621118302
                  42000      2.026684225640119    0.03766228737807929    0.07090676820319997     -3.112074691977949
                  43000      2.011376474963388    0.03762867979912042     0.1195356325391848     -2.590718813778625
                  44000       1.60245625618996    0.03762013706690707    0.03009649300886908     -3.970151720245932
                  45000      1.864405448900641    0.03758750658158131      0.116600596009345     -2.616673732313583
                  46000      1.792271058361418    0.03754060651452028     0.1696265222903869     -2.243077561128765
                  47000      2.075384219993923    0.03751779468847665    0.08187061616336529     -2.972144346274155
                  48000      2.146040960750995    0.03750599743069192    0.04220111822477216     -3.635152270622187
                  49000      1.977297088201792    0.03745727314864317     0.1782138829885834     -2.195914521736354
                  50000      1.842433279415864    0.03739452418020719     0.2328385838943465     -1.930230119295031
                  51000      2.118895346187983    0.03737247391667047    0.08054337161298936      -2.99236958215438
                  52000      1.915698265908128    0.03732620103766443      0.171869347278762     -2.235669741142336
                  53000      1.693399335116588     0.0373103887422687    0.05804112768914147     -3.321676177430277
                  54000      2.034368544356422    0.03724862792337384     0.2333583696140752     -1.931909392363635
                  55000      2.445529964314142    0.03688460908509741      1.812332949074774     0.1080647413214226
                  56000      2.546166663841539    0.03642565443500326      3.271021195074605     0.6860309845695354
                  57000      2.690698558598506    0.03604558039168225      5.268843216528634      1.152250532322499
                  58000      2.443661880620132    0.03573083241267543      2.023705048200894     0.1865994204784497
                  59000      2.702113375601232    0.03537259801114433      5.117991994880136      1.104355064316324
                  60000      2.428070698913112    0.03509148801945477      2.065995084021745     0.1892260234998968
                  61000      2.718825208650587    0.03474685985636483      4.548486193385986     0.9685391147140476
                  62000      2.703249583479053    0.03449061743306488      6.171659450605436      1.266310522838628
                  63000      2.095426730015399    0.03446953393774799     0.1404036440941811     -2.517502535233235
                  64000      2.285536544605689    0.03444712093236354     0.1498609402932689     -2.452966620197677
                  65000      2.782860676401278    0.03431899997899611     0.9605649764229348    -0.5988790766893114
                  66000      1.807255003934274    0.03428184758594397     0.2573346823064298     -1.917106348554503
                  67000      1.872755539522203    0.03424574862412193     0.2510801214781831     -1.942765314691522
                  68000      1.923249123333424    0.03421313265613502     0.2272329098175633     -2.043514749143325
                  69000      2.104476933162276    0.03418714367474858      0.180733195168504     -2.273228299824535
                  70000      1.645607468269756     0.0341792769609466    0.05398364438491193     -3.481799198678569
                  71000      2.621476143979974     0.0338802684194203      4.412237548725806     0.9128701716296562
                  72000      2.729956645516563    0.03359810249052202      4.673753122834636     0.9620874451296368
                  73000      2.561824023487715     0.0333476472182057      3.114342500860671     0.5486607142659581
                  74000      2.714891236045331    0.03313487401977071      6.238352848889622      1.236957942293853
                  75000      2.519118241985554    0.03292193936313758      2.717534044171351     0.3995195909356937
                  76000      2.670903107725394    0.03274596931298165      6.849277499236467      1.318578490019391
                  77000       2.28586857327723    0.03272899715026245     0.1662136607810961     -2.400564319362451
                  78000      2.554536429074519     0.0325131539198337      3.354957092616886     0.5977391624809428
                  79000      2.589147895269027    0.03229656634659732      3.784751223290738     0.7115965150223506
                  80000      1.521982537100369    0.03229508766695996    0.01546222989307648     -4.788784438105545
                  81000      2.026930195712571    0.03227212253735919     0.2469008977182549     -2.018909030678333
                  82000      1.846928478597362    0.03224370773402751     0.3087936148720898     -1.796103785311944
                  83000      1.852343159702227       0.03220940901038      0.377397644141449     -1.596541835469758
                  84000      1.900486349270859    0.03218098655958115     0.3117899617489506     -1.788394280985335
                  85000      2.691413402115087     0.0320509724746519      7.526323012076211      1.391389573846588
                  86000      2.674262657388339    0.03191830479926636      7.692242383793265       1.40904743954047
                  87000      2.767352653011289    0.03177909520346246      2.173884267083901     0.1409796801237912
                  88000      2.669986220415244    0.03164101536219371      7.653081690251136      1.395218073304822
                  89000      2.416425997076914    0.03155078802653558      1.365847129695632    -0.3309711525023794
                  90000      2.534113630076008    0.03139098001790402      3.089227331854772     0.4800970340734842
                  91000      2.398294063731671    0.03131330595129085      1.203769551725258    -0.4648435183995381
                  92000      2.375603795071548    0.03125335580658127     0.9084103896364033    -0.7482768375182861
                  93000      2.238168408024117    0.03124891945038188    0.06171865730452603     -3.437528770574408
                  94000       2.76447399894418    0.03111626048951902      2.476052759910186     0.2500516287705012
                  95000      2.673518295013975    0.03099881377336895      7.890284415397058      1.405236557942638
                  96000      2.503408117131436    0.03087569813195264      2.439900632023406     0.2275821579268931
                  97000      2.714218649402796    0.03072456513951394      6.605264438646496      1.218584913122709
                  98000      2.264773218353796    0.03071738683712665     0.1154568664727841     -2.828373990678745
                  99000       2.12233217310092    0.03070846458537502     0.1440865775718561      -2.60714715317571
                 100000      2.047815720871183    0.03069540009974538      0.212777352279528     -2.217740707175969
                 101000      1.966029311943736    0.03068351481771562      0.193560401543042      -2.31278469101876
                 102000      1.689349517811235    0.03067985651068135    0.05885454928007162     -3.503424407988733
                 103000      1.734358322562864    0.03067462829477781     0.0843788354390511     -3.143347362995363
                 104000      1.993459413190816    0.03065778896532591     0.2775220401717343      -1.95331273091996
                 105000      2.221463381455551    0.03065341322948064    0.07075318422579449     -3.320158281302791
                 106000      2.720364983326143    0.03051534140780019      7.037081650403139      1.275078537837937
                 107000         2.550889735798    0.03037554874517515      3.666871692073945     0.6186323035473933
                 108000      2.458011293872246    0.03028296418259888      1.990131818716637   0.004441631083717811
                 109000      2.656894498252494    0.03016695896007783      7.697241142769204      1.353264660563533
                 110000       2.47196208635315    0.03007163087625666      2.225895354968944     0.1093969107008072
                 111000      2.255302199756338    0.03006452474046325     0.1338426113966564      -2.70208937675203
                 112000       2.69632797471421    0.02997860198075893      8.747238361334661      1.474877332340762
                 113000      2.569047407093599    0.02985586784300874      3.622917065194791     0.5893163564072418
                 114000      1.920930312844219    0.02984359622687996     0.2503013873265456     -2.083463815066308
                 115000      1.736650622739457     0.0298386452964605    0.09969075441008976     -3.004222527245108
                 116000      1.778103042368133    0.02982965342003149     0.1826707108006115     -2.398911723794642
                 117000       1.91138534918246    0.02981497941571672     0.3020507300364283      -1.89649392550881
                 118000      1.903973356553618    0.02979784855482905     0.3552997941874307     -1.734701722683206
                 119000      2.654033570512209    0.02968719055670812       7.74806271331746      1.343813935807209
                 120000      1.764977625586133    0.02967851541185766     0.1844064601017508     -2.394534100373603
                 121000      1.656951446518723    0.02967533744396993    0.06688406151846923      -3.40882283407295
                 122000      2.521467594384941     0.0295651323611169      3.352582818917567     0.5019821834916885
                 123000      2.475269850633409    0.02947477375899186       2.53009416789566     0.2174467310392171
                 124000      2.463631535556994    0.02938267916684072      2.665704903174785     0.2665293211723544
                 125000      2.580044937277548    0.02926972220919937      3.941910911959947      0.653874656573994
                 126000      2.283719419862554    0.02926166250603101     0.1852474046745748     -2.404129374614217
                 127000      2.523841052075418    0.02914916298580175      4.140121283236924      0.698806719000444
                 128000      2.505935404525476    0.02904262712211172      3.841426583092702     0.6202638929022691
                 129000        2.3235080780954    0.02903119820435351     0.2774810313141567     -2.007976214100458
                 130000      2.494628680790596    0.02893096440400004      3.555467238926755     0.5390543780894937
                 131000      2.630122625606476    0.02881932535490736      5.699616480341936      1.007100507580936
                 132000       1.93578980879457     0.0288071530337877     0.3114738387016528     -1.900160765877962
                 133000       2.04040220965187    0.02879707489721756     0.2570237741690035      -2.09265743817842
                 134000      1.639147465661306    0.02879445259221994    0.06576159704813168     -3.455881054476567
                 135000      1.815976828186997    0.02878317265156571     0.2891577241843063     -1.975336610090202
                 136000      1.567322450895124    0.02878205185069493    0.02806806450102475     -4.307715412546085
                 137000      2.322470337757017    0.02876968345822951     0.3186024280440196     -1.878833647769684
                 138000      2.061501503096585    0.02875981412795239     0.2531116148560125     -2.109290214357578
                 139000      2.065205623093915    0.02874851593944905     0.2912945954507249      -1.96917858420462
                 140000      1.995376713926884    0.02873621469485447      0.318578387786346     -1.880073117597557
                 141000      2.046517765505671    0.02872172070914622     0.3783200468589419     -1.708705663351623
                 142000      2.659579671951112    0.02864580299657455      8.510325406803346      1.401942557962928
                 143000       2.72167272832665    0.02854506264852569      6.780697375251955      1.171219376289828
                 144000      2.557935954635929    0.02844503976158131      4.626004919934988     0.7853228611687789
                 145000      2.332286950523235    0.02843055766292894     0.4136643224839872     -1.629580470754703
                 146000       2.46648193680034    0.02835106915124726      3.022085315541677     0.3562672747416647
                 147000      2.454164239836294    0.02827333700945553       2.99006400040297     0.3428694351676153
                 148000      2.522109346296499    0.02817828524909215       4.70848050396579      0.793572337826594
                 149000      2.274249399393906    0.02817043694967199     0.2324916509189575     -2.214972433909148
                 150000      2.212809081987694     0.0281676406843851    0.08177398695199858     -3.259966830484716
                 151000       2.51111902472774    0.02807476698383031      4.695230854538198     0.7870739203405241
                 152000      2.626731752499044    0.02798143148977357      5.868684946884462      1.006827146135091
                 153000      2.374009189592595    0.02795712592183119     0.7963397269302479    -0.9914018341971915
                 154000      2.700909932701376    0.02788615732912188      8.341913124722975      1.355078431920538
                 155000      2.443960073437109    0.02781823953831362      2.873286013261867     0.2868036690059707
                 156000      2.237955274279219    0.02781362204844043     0.1488866734693297     -2.673388502962409
                 157000       2.53281510456971    0.02772588319450468      5.184162802629936     0.8736301894197824
                 158000      2.519543337599361    0.02763966437113119      5.237870592805475     0.8808223340570225
                 159000       2.55468862718222    0.02755478437248755      6.087034663341614       1.02799266387946
                 160000      2.379861255311346    0.02752735724833591      1.025086323016418    -0.7543874163924942
                 161000       2.47814146196086    0.02744903572733341      4.341579748290607     0.6862247559694802
                 162000      2.054904165585316    0.02743845792287922     0.3798988663507357     -1.750249161955221
                 163000      1.616039809044766    0.02743676878099857    0.05900645038271013     -3.612569034624521
                 164000       1.60550789490181    0.02743494653571539    0.06370097388243628      -3.53608236841764
                 165000      1.389704664155575    0.02743452801575487    0.01456977293234002     -5.011348439085033
                 166000       1.94487476936576    0.02742559917423999     0.3196643010098425     -1.923351601741044
                 167000       1.64487881344685    0.02742295683512441    0.09278633386813012     -3.160419973309185
                 168000      2.499346709279235    0.02734171881640769      5.559399966490457     0.9295593180337663
                 169000      2.329417933780911    0.02732812263424231     0.5064242015764533     -1.466808875003229
                 170000      2.570242132791219    0.02724850521283797      5.625199745923489     0.9379105606542347
                 171000      2.117190670641929    0.02724317257853541     0.1973829439421179     -2.412151179332944
                 172000      2.589400968513525    0.02716612589780399      5.054213600479136     0.8278485352775241
                 173000      2.627662126091688     0.0270892990475198      5.914895227682287     0.9822680028735534
                 174000      2.707239354544895    0.02702061656765751      7.555714430115117      1.224559744119904
                 175000      2.352187241899721    0.02700405881476704      0.682093346978391     -1.180946139145325
                 176000      2.372017083945626    0.02698216729944972     0.9255859254575327    -0.8764966938917834
                 177000      2.303901017040423    0.02697283914329651     0.3760550867218854     -1.777533799272765
                 178000      2.459930221125756    0.02690836566409723      3.745097159897656     0.5185402277988749
                 179000      2.499836328577042    0.02683595832565281       5.48302416654957     0.8970549585040134
                 180000      2.628582533841007    0.02676466702954281      6.120745020493698      1.004421885517997
                 181000      2.729477901401253    0.02669432908524077      5.758824731134067     0.9408400009693287
                 182000      2.724994694334482    0.02662587989039039      6.494682763917743       1.05852291459478
                 183000      2.226489519673525    0.02662296545134625     0.1257129014174536     -2.886324888163093
                 184000      2.203372086491315    0.02662075215154958    0.09526003794371349     -3.163798379816841
                 185000      2.486743931990936    0.02655391397426728      5.062090774573043     0.8066121881069757
                 186000      2.358710786572535    0.02653639718945697     0.8185438506535735     -1.016055601939029
                 187000      2.421296084390854    0.02649245061841993       2.42308120910736    0.06755520506606644
                 188000      2.260051649810985    0.02648747907500734     0.2225743409891393      -2.32016654499831
                 189000      2.382299414571735    0.02646285829245107      1.209578439397756    -0.6283304845107611
                 190000      2.341091781113202    0.02644576636903169     0.8120394482278053     -1.027454836830514
                 191000      2.365224034966373    0.02642276349211612      1.130050408073521    -0.6978564294636502
                 192000      2.609369602175628    0.02635847897193856      5.165697272739118     0.8194855366428622
                 193000      2.633968734327472    0.02629555621590731      6.698581841034427      1.076951235986131
                 194000      2.549929137935477    0.02623262455567788      6.342781974675273       1.01997675543335
                 195000      2.690077222842198    0.02618099188120718      8.388399979531432      1.297538881159387
                 196000      2.284444872979523    0.02617453293540086     0.3175585239076605     -1.976650799911795
                 197000      2.682721690751139    0.02612556130380176      8.685407337296974      1.330213932981469
                 198000       2.58278110800837    0.02606568857566021      5.220223357815854     0.8188154631169223
                 199000      2.747485758202601    0.02601115971511938      4.175676117356728     0.5934573929915119
                 200000      2.540889392000432    0.02595214046865604       6.45771474145752      1.027185028345472
                 201000       2.61510958362897    0.02589381715579061      5.665611110153724     0.8940744214896961
                 202000      2.709110041321142    0.02584133734191306      7.890571446634303      1.223299429002528
                 203000      2.207488838302863     0.0258392453366385     0.1115514560760738     -3.035719394036595
                 204000      2.203465429006743    0.02583703717243651     0.1178518539763753     -2.980862468452807
                 205000      2.291492889516252    0.02583048542810728      0.357083461086865     -1.872574902069374
                 206000      2.474361707685802    0.02577795730398428      4.379098660933804      0.632018114499189
                 207000      2.651406924366313    0.02572529368205972      7.624170328092031      1.184453642787828
                 208000      2.663751703207318    0.02567717778742256      8.371797537661184      1.276126632337675
                 209000      2.697036624995465    0.02563116582112677      8.664901430459949      1.308745011209355
                 210000      2.693763426417733    0.02558750066402628      8.987375051091382      1.343580235145903
                 211000      2.657398736446912    0.02553998476320399      8.418272332648819       1.27630531285098
                 212000      2.729928259582905    0.02548678278439153      6.331848118466632     0.9894075887727686
                 213000      2.705119107212572    0.02544281632266079      8.891599327978241      1.327195809884854
                 214000       2.47053564795079    0.02539718243097746      4.121563748252966     0.5565263196323441
                 215000      2.317459064523216    0.02538878680189858     0.5376431971189097     -1.480597091381472
                 216000      2.592780408312196    0.02533923312301411      5.156791832628542     0.7783239969887028
                 217000      2.457690095374531    0.02529552729370448      3.975072495366386     0.5163260168406542
                 218000      2.568719611873675     0.0252458958268544      5.650476948948223      0.866058996115838
                 219000      2.410466934366121    0.02522041558265727      1.911358068120388    -0.2188767336981326
                 220000      2.738336726551375    0.02517142976227417      5.800760373780971     0.8893540574214944
                 221000      1.904762058775345    0.02516721498934371     0.2788076050852701      -2.14603572976013
                 222000      2.233689395147393    0.02516451103460632     0.1775253606868741     -2.597551655721299
                 223000      2.482424944647191    0.02511877715942271      4.777659073148277     0.6932217911273877
                 224000      2.220041229916336     0.0251162548317011     0.1673632742067571     -2.658417857274029
                 225000      2.648659898446723    0.02507128194827476      8.002008231718523      1.207071022536597
                 226000      2.311597004257447    0.02506381742822215     0.5180224769267137     -1.530655938735878
                 227000      2.513784838949543    0.02501653403095522      5.902584625958075     0.9005827324636902
                 228000      2.378100823422113    0.02500179981465052      1.088451653749384    -0.7906405621337362
                 229000      2.475060749596163    0.02495773930957156      4.818739313143976     0.6953517452058461
                 230000      2.711393137504472    0.02491696722944798      8.625662794329815      1.275946229712493
                 231000      2.454217559821148    0.02487649111594147       4.20365046516388     0.5555319695476794
                 232000      2.188843986244097    0.02487493392143309     0.1101296351319186      -3.08658104148366
                 233000      2.428450958897458    0.02484163265170918      3.089609510711329     0.2462211303886087
                 234000      2.546234768758813    0.02479654640477982      6.432967248017786     0.9777957245501931
                 235000      2.304073592940968    0.02478995135586705     0.4908630683679926     -1.595496251668797
                 236000      2.499602553993326    0.02474594251173706      5.725093201872948     0.8591758035443542
                 237000      2.505404343462809    0.02470196067644223      6.158616839208521      0.930390271117709
                 238000       2.69450691849306    0.02466694866986101      9.324913724910823      1.343809388277333
                 239000      2.655572652057568    0.02462698848074195      8.282895661880438      1.223690996941515
                 240000      2.635902022897543    0.02458458558629907       7.15444841951404      1.075509401958199
                 241000      2.703499698187479    0.02454921957847443      9.214197717595468      1.327081027121381
                 242000      2.634055308389093    0.02450756057831141      7.177489225095477      1.075586734562216
                 243000      2.689510581241575     0.0244753506524017      9.751534591402518      1.380746619668743
                 244000      2.669517566935496    0.02444184218382906      9.544164891264955      1.357881906613148
                 245000      1.719804734086957    0.02444093685230191    0.07384713658783079     -3.503843140017943
                 246000      1.961349003265082    0.02443829671912237     0.2177948334873553      -2.42239491281757
                 247000      1.867419218678594    0.02443550580750879     0.2305752621252598     -2.365485284619133
                 248000      2.132729357113944    0.02443405650695647     0.1187671892861283     -3.028956739266305
                 249000      1.506887852200112    0.02443382389648124    0.01892152867243112     -4.865831086562707
                 250000      1.647254556335089    0.02443292619366274    0.07333118270762944     -3.511182253866523
                 251000      1.870681524525602    0.02442989507538293     0.2510708043085713     -2.280557262621444
                 252000      2.695559798653979    0.02439871652871657      9.953898369786648      1.398150237808415
                 253000       2.68866896421211    0.02436919159270032      10.26388032281031      1.427606099980252
                 254000      2.380004518816303    0.02435751608756019       1.06285514104674    -0.8405452750641542
                 255000      2.669362940617576    0.02432601714696811      9.941980720688129      1.393968148348427
                 256000      2.414229922370525    0.02430512933725778      2.111463288010062    -0.1562759417593368
                 257000      2.387616891774935    0.02429157708088213      1.282243108840442    -0.6556039211475179
                 258000      2.303038204228121    0.02428629180709853     0.4699389693488367     -1.659584939376482
                 259000      2.153283331491727    0.02428516280984921    0.09766776081985297     -3.230662738077001
                 260000      2.498267273095854    0.02424664743884919      5.794947869675288     0.8509202766689078
                 261000      2.500685227684281    0.02420806451983888      6.097929790175975     0.9002905949659444
                 262000      2.667966826734773    0.02417936076987562      10.30911459562677       1.42418326242735
                 263000       1.94304414508452    0.02417659989056107     0.2502100306315255      -2.29441393482419
                 264000      1.602586700916398    0.02417594975895398    0.05810671731890198     -3.754460240134128
                 265000       1.99845014465801    0.02417307579662493     0.2608355778225422      -2.25297015901524
                 266000      2.300912937096731    0.02416774675194508     0.4925429660955912     -1.617499178216378
                 267000      2.660587801933862    0.02413775697645675      10.08359163371422      1.400342243880809
                 268000      2.552336686524383     0.0241002483286684      6.141686359055357     0.9029769380767779
                 269000      2.680187596444452    0.02407539110712533      10.98221488795089        1.4831227766463
                 270000      2.712450669896717    0.02404273288493253      9.472896834569275      1.333922978084574
                 271000      2.674284855082607    0.02401797783667133      11.08803014876311      1.490324225724165
                 272000      2.044195595055219    0.02401491780702925     0.2978257899392979     -2.126915910618802
                 273000      1.855651266060971    0.02401242762224096     0.2415043714678738     -2.336640753039137
                 274000      1.664340040142334    0.02401163339572344    0.07613904866708612      -3.49100014712143
                 275000      1.717002176716857     0.0240108367138598    0.07638722888438608     -3.487779062020664
                 276000      1.753842145258114    0.02400964941422281     0.1141701319616462     -3.085954311212119
                 277000      1.886152020236745    0.02400684186835816     0.2731898429851115     -2.213594024575637
                 278000      2.648668586074792    0.02397425281952791      9.456385675519737      1.329326139238801
                 279000       2.71731108599371    0.02394035244686517      8.987642187005076      1.277071403341733
                 280000      2.684018156728269    0.02391784223280148      11.53951801756541      1.526057649098128
                 281000      2.575424141883507    0.02388545872844461       4.91042827271771     0.6702864527366399
                 282000       2.68291726612003    0.02386371793757061      11.70990601075092      1.538449816510097
                 283000      2.623280121254808    0.02382850139170617       6.62956596265796     0.9680771758382815
                 284000      2.423321723493252    0.02380838024863652      2.498470669947948  -0.008628119565093937
                 285000      2.692515947205892    0.02378642144271615       11.7022848615687       1.53455443807674
                 286000      2.535567756258929    0.02375224742002045      6.328043738629244     0.9183237343543542
                 287000      2.223188817088634     0.0237508425118634     0.1494916734820189     -2.827241141661834
                 288000      2.651979634507625    0.02372122419528107      10.06886565264611      1.381473675005534
                 289000      2.642442046096032    0.02368917755268561      9.204923508787939      1.290412243183563
                 290000      2.374780422593719    0.02368010211435219      1.056237102105241    -0.8749967513640312
                 291000      2.564762076635617     0.0236485189126397      5.444084216063271     0.7634854796853395
                 292000       2.25684535164577    0.02364637433923748     0.2375926676713558     -2.368332315870243
                 293000      2.146636925304968    0.02364541203797368      0.105677016357556     -3.178543312237424
                 294000      1.997365328708981    0.02364309430488866     0.2572859945659668     -2.288840478976661
                 295000      1.811358373982669    0.02364145488429215     0.1810999415061377     -2.640049065334028
                 296000      2.121435923337833    0.02364013634298352     0.1453362197574959     -2.860104066012862
                 297000      1.898216604422604    0.02363763348337834      0.278535341317215     -2.209714810011956
                 298000      1.706284678652231    0.02363693548752817    0.07662585376115814     -3.500354753311746
                 299000      2.035393720328386    0.02363410467199674     0.3160624315333103     -2.083469296907419
                 300000      1.892422814087376    0.02363146816099049     0.2940734152502527     -2.155691172802954
                 301000      2.075361391124026    0.02362933220756938     0.2374151300195149     -2.369800798445306
                 302000       1.52473587486515    0.02362912623011944    0.02256359045800573     -4.723282162357785
                 303000      1.959005179147561    0.02362693549448014     0.2437223422004907     -2.343682809943312
                 304000      1.867758336680519    0.02362429281984985     0.2951934128629242     -2.152193523496411
                 305000      2.071795586456362    0.02362186842602395     0.2704781225443438     -2.239735712830237
                 306000      2.243071040877533    0.02361997050192669     0.2109573911293451     -2.488351103987533
                 307000      1.479307553198348    0.02361979301473923     0.0194735419422395     -4.870958072832568
                 308000      1.260134009206103    0.02361963875197847    0.01692298717574533     -5.011348439085033
                 309000      2.024175800597596    0.02361641954811573     0.3618015442652401     -1.949061786289468
