#! FIELDS time e sigma_e height
#! SET action OPES_METAD_state
#! SET biasfactor       4.240371756148875
#! SET epsilon    0.003891431002318289
#! SET kernel_cutoff        3.33135957893421
#! SET compression_threshold                       1
#! SET zed      0.1466922408828955
#! SET sum_weights       401.3082117306055
#! SET sum_weights2       1107.925089748701
#! SET counter  281
                      0      2.554266015780043    0.03616407842783091       141.050168919671
                      0      2.303176166222633     0.0315490669363676       2.61459339134454
                      0      2.679780782841602     0.0321941618468333      303.9478229927053
                      0       2.47454737930525    0.03314354626939274      82.98078400498177
                      0       2.06577718196523    0.03518814409060374      1.610692126007903
                      0      2.418923430365243    0.03341743611026902      31.16854389520191
                      0       2.13615619715678    0.03473448862204033      1.314388949730357
                      0        1.8207107917411    0.03303688132460832      1.905324626911089
                      0      1.875813437691457    0.03166446139769944      2.730079506422759
                      0      1.927945803814272    0.03134408093098749      2.788643335468791
                      0      1.999665485881822    0.03660848282893212      4.930967555430592
                      0      1.389310925735945    0.03286630809035717    0.06049975665937269
                      0      1.745045770316974    0.03556734769879782     0.9860881587806682
                      0      2.632478578757687    0.03090337063409915       120.338421435978
                      0      1.679115886006615     0.0325621736837293     0.8785408153036516
                      0       1.56211736549893    0.02935149358848926     0.1134334220135035
                      0      2.727059970334891    0.02929837309372904      154.8482678446047
                      0      1.606049876430101    0.03398477998645735      0.104430562978884
                      0       2.24047322499968    0.03215695650864044      1.068471529602955
                      0      2.358376742629633    0.03045375277713409      9.995489619502752
                      0      2.180563866375997    0.02720066295895395      1.730991454583405
                      0      2.772049887570708    0.02476001585052367      4.867060490360987
                      0       2.51522840883131    0.02417222335233957      8.639447696801813
                      0      1.530262449828828    0.02346222190521577    0.04491004670556699
