#! FIELDS time e sigma_e height
#! SET action OPES_METAD_state
#! SET biasfactor       3.469395073212715
#! SET epsilon    0.007640039155174105
#! SET kernel_cutoff       3.122291642622147
#! SET compression_threshold                       1
#! SET zed      0.1387171526679409
#! SET sum_weights       737.0546933686614
#! SET sum_weights2       2001.648944615514
#! SET counter  487
                      0      2.664246335391017    0.03169720139813555      662.7763148140077
                      0      2.540851452029596    0.02918526043664229      225.7693081585127
                      0      2.397166320684438    0.02897513727887807      28.47273516036529
                      0      2.713504000703288    0.02681589089575749      378.0162359921133
                      0      1.933547343104443    0.03437478759847503      9.392318646599497
                      0      1.860703684206521    0.03090806814473495      7.197781296388072
                      0      2.796652040140248    0.02925153628683951      2.271332155025916
                      0      2.060615112255332    0.02798281163061839      2.889654302750196
                      0      2.009663728861744    0.03027367276349814      9.383823448521976
                      0       2.48543861083963    0.02999927110892565      171.5862266852342
                      0       2.29435610632941    0.02756955480454171      4.756524341722727
                      0       1.53432574831483    0.02934608668854723     0.3441255196260423
                      0      2.231554711374685    0.03210404157059189       3.73875566011454
                      0      2.150418111664791    0.02827263271885446      2.420751691235749
                      0      1.629921338800583    0.03099023587727853      1.074635815735281
                      0      2.599436614495858    0.02992885869918836      187.2357735698048
                      0      2.348028677741235    0.02699762044290903      21.07277748207026
                      0      2.101762767892636    0.02719824726475402      1.824920023497156
                      0      1.736541157101471    0.02901544731440777      1.517185493232816
                      0      1.797707827321882    0.02744469256447066        2.1147304898305
                      0      1.695006998581638     0.0245041960017724     0.7289851092814098
                      0      2.445795292529226    0.02515649936233894      53.11061516930857
                      0      2.751636928260027     0.0237647118064402      33.25331353220585
                      0        1.5821419171693    0.02248007020099151     0.1211833997946547
                      0      1.476224134004819    0.02192932754560384    0.09015763376558578
