#! FIELDS time e sigma_e height logweight
#! SET action OPES_METAD_kernels
#! SET biasfactor       1.927441707340398
#! SET epsilon     0.01821196306674905
#! SET kernel_cutoff       2.830433390657354
#! SET compression_threshold                       1
                   1000      2.696159838791606    0.05785834540142751     0.1509064987297364     -1.927441707340398
                   2000      2.471210779593793    0.05566206205584254     0.1568608852123671     -1.927441707340398
                   3000      2.703243638872251    0.05143954244649083      1.161583958227894  -0.004152822301925921
                   4000      2.637348322270523    0.04847259742044724       1.12718826871874   -0.09361965149753539
                   5000      2.609015148398781    0.04633454866711643      1.299428899605249   0.003468172069510632
                   6000      2.672645208093825    0.04479681634940202      1.663898370038956     0.2169557758803583
                   7000      2.492913570030997     0.0439969077719566     0.4206451945171267     -1.176190777680065
                   8000      2.487958626990462    0.04297218956316125     0.6910118084424755    -0.7033897765517202
                   9000      2.594755380051657    0.04185363982981145      1.366445543171196   -0.04795292156343678
                  10000      2.436340931254193    0.04109062025442178     0.6920162776387366    -0.7467104854612836
                  11000      2.619483840623849    0.04035787670017735      1.910556013578822     0.2508363291459768
                  12000      2.557923049248078    0.03957243476295829      1.416257600175827   -0.06819387843653842
                  13000      2.593312062705483    0.03895135070104958      1.992745486653677     0.2574822167523499
                  14000      2.725464246391166    0.03834819899519538      1.143763464240305    -0.3133128882755495
                  15000      2.676475977108776    0.03778241499453326      1.837135629816855     0.1457068561171867
                  16000      2.667956672966483    0.03728622776542562      2.053236706556409     0.2436968967117421
                  17000      2.705259740282349    0.03679920970255498      1.900424124604658     0.1532088919860114
                  18000      2.635432883374474    0.03638280072195493      2.243843083157016     0.3079416510386222
                  19000      2.658049370158869      0.035997622631048      2.357714868683892     0.3468012100010623
                  20000      2.661241430111414     0.0356352768288506      2.441173512176789     0.3714703784556577
                  21000      2.668245246277123    0.03529102326951798      2.503371524812257     0.3869225043053744
                  22000       2.67180655759921    0.03496431692954366      2.570071729649611     0.4039172717954553
                  23000      2.709914926258137     0.0346240043793287      2.149433527255234     0.2154069792128805
                  24000      2.461421937442696    0.03442189158620412     0.7671456043802541    -0.8207304763409877
                  25000      2.552517918360268    0.03414698331250495      1.299815070061264    -0.3014483159412146
                  26000      2.511267372888155    0.03391491816847764      1.045900501720253    -0.5256113421886497
                  27000      2.494117657757403    0.03368248498340855      1.115295087723863    -0.4682475708371487
                  28000       2.41142453367502    0.03353067397281095     0.6441683561556142     -1.021679065795967
                  29000      2.592433227476002    0.03326335597242683      1.911506790893781    0.05800363440759809
                  30000      2.647296316549372    0.03302852030929382      2.580173428078598      0.350883494650471
                  31000       2.57440235512958    0.03278710337297112      1.786881519371915   -0.02383738143529472
                  32000      2.549350422581242    0.03256367338377947      1.587655257067465    -0.1488889618090249
                  33000      2.567765567589218    0.03233971846841701      1.883474691702006    0.01506989773598089
                  34000       2.50553218804102    0.03215133825184494      1.301919191339182    -0.3600510103163977
                  35000      2.420182432904641    0.03201980936800784     0.7883130044540499    -0.8658498624186434
                  36000      2.445141656518521    0.03186223483530434      1.053808699673497    -0.5805121804253394
                  37000      2.622978490812125    0.03166873503947193      2.350726122040776     0.2157096241447543
                  38000      2.661924247222816     0.0314891060013385      2.574611672468525      0.300995798500138
                  39000      2.732398328268961     0.0313161634229371      1.549506506005668    -0.2122736976632533
                  40000      2.506836230871767    0.03115569741504978      1.406959541347044    -0.3139164086861645
                  41000      2.613850132858635    0.03098625003986392      2.409711729509985     0.2187061228027614
                  42000      2.703129090989404    0.03081956718923139      2.294220179889246     0.1641982192650968
                  43000      2.662239048855844    0.03066998493664887      2.740615368189557     0.3371224068756961
                  44000      2.514582578603054    0.03052601900097649      1.500015557677657    -0.2702896804376606
                  45000      2.675004811788035    0.03038395304861468      2.758660633784225     0.3343153309092314
                  46000      2.714485382467413    0.03023443894115093      2.210024185690455      0.107640533950426
                  47000      2.697281479065527    0.03009323407286973      2.564364877730887     0.2516666395742826
                  48000      2.678197456935618    0.02996185249788184      2.810505381826784     0.3389447452462115
                  49000      2.680622926019998    0.02983409069919515       2.85271518419664     0.3495783975964654
                  50000       2.42880282273798    0.02974388778322639     0.9586099751674539    -0.7439918903393478
                  51000      2.523550162752325    0.02962538953857662      1.533329565595973    -0.2782712562678601
                  52000      2.528317319360163    0.02950600899680225       1.64212411051763    -0.2137600316704981
                  53000      2.683507616719215    0.02938877601499931      2.854844917053708     0.3352857928947733
                  54000      2.412058266042832     0.0293113578423687     0.8863066811478257    -0.8370617286603899
                  55000      2.467250736874794    0.02921242447097337      1.298284102840985    -0.4587069761510763
                  56000      2.385893803239659    0.02914568435183973     0.7629783671586816    -0.9925633105129785
                  57000       2.72412506828659    0.02902897790933864      2.341114240194325       0.12457699417059
                  58000      2.675749408376273    0.02893472509894447      3.248739454841594     0.4489649331730291
                  59000      2.477486307771032    0.02883379276937159      1.580686293063139      -0.27493738745257
                  60000       2.36567944609162    0.02878052068948483     0.6469709282777024     -1.170099687467563
                  61000      2.538404140573128    0.02867590815921627      1.869564957837005     -0.112581468009098
                  62000      2.449566332349853    0.02858529105026117       1.41834943691533    -0.3919584484656526
                  63000      2.566795805981718    0.02848301391375191       1.99572701992653   -0.05402825068172998
                  64000       2.73250786454584    0.02838211520451504      2.075665628103162   -0.01830347487803147
                  65000        2.4736788076251    0.02828944251586757      1.688683248218787    -0.2279068009725494
                  66000      2.417507171768524    0.02821099796658794      1.274023595342766    -0.5124525838369522
                  67000       2.71511740687639    0.02811674057918052      2.644593116061655     0.2145378089980558
                  68000      2.682006947251721    0.02803383536377328      3.145182414614038     0.3849395142049444
                  69000      1.919309864262235    0.02801059959321555     0.3117105829087628     -1.927441707340398
                  70000      2.019307963252743    0.02798743769044834     0.3119685490110082     -1.927441707340398
                  71000      2.019550185916079    0.02795732951104471     0.4175577974036403     -1.636997467845648
                  72000      2.084235807745862    0.02793335344535408     0.3270694675842969     -1.882105814952853
                  73000      1.750246830543002    0.02791043763850445     0.3128292160772089     -1.927441707340398
                  74000      2.200122217409002    0.02788759399423745     0.3130854647636273     -1.927441707340398
                  75000      2.633068928553794     0.0278173496050627      3.440955156148451     0.4670644448420361
                  76000       2.51185207700782    0.02772888748868849      2.427296559400505     0.1149082882274181
                  77000      2.650765169135271     0.0276753445802848      3.870369445596157     0.5795473337175175
                  78000      2.670373349633207    0.02763327187132278       4.17507639404037     0.6538086431595088
                  79000      2.509553379993724     0.0275481821940746      2.484726835850969     0.1317547174291482
                  80000      2.466807349543307    0.02746545937739513      2.223744769764801    0.01777723835898618
                  81000      2.675483675080424      0.027422435486877       4.21882245453674     0.6565729794167255
                  82000       2.66512739663544    0.02737785523692646      4.254031530151194     0.6632570500016871
                  83000      2.731028077272491    0.02729788746998059      2.785684144103971     0.2369582513132842
                  84000      2.500478690971153    0.02721877018215346      2.609997951654274     0.1689116898377091
                  85000      2.457663660867582    0.02714239118015147      2.239426803275325    0.01297213541488052
                  86000      2.493653340401253    0.02706612310557537      2.729915357832526     0.2082089180287111
                  87000      2.446873533236566    0.02699239779269182      2.232586426511838   0.004371446804657422
                  88000      2.751009952805354    0.02692234958813463      1.997434148929283    -0.1095243494918649
                  89000      2.494715645038437    0.02685020889337068      2.865780010281649     0.2487696067259868
                  90000      2.723784921999853    0.02678228646450572      3.223394664187771     0.3638312017205893
                  91000      2.669443238675348    0.02673832043719273      4.276324068997917     0.6448469747800749
                  92000      2.747749355431082    0.02666934419133142      2.354359446738696    0.04543887925002894
                  93000      2.662470458573708    0.02662492221666327      4.293750905815008     0.6446638283131269
                  94000      1.946049051708049    0.02660606881109405     0.4016029310155373     -1.725496633949661
                  95000      1.840953192644352    0.02659047572933791     0.3283581841746377     -1.927441707340398
                  96000      1.982014507215037     0.0265678553830432     0.4942046169772129     -1.519448164584337
                  97000      2.077802495534852    0.02654613711609618     0.4745155175180177     -1.560921278388985
                  98000      1.969740457111079    0.02651867177207422     0.6214580493040787     -1.292182351585972
                  99000      2.592333734415742    0.02645213076086602      2.766914789879948     0.1987250561066419
                 100000       2.66746101297972    0.02642233016982293      4.739179089347807     0.7357288629822464
                 101000      2.536168249420257    0.02635718154702605      2.778033755408011     0.1991396153440732
                 102000      2.425231297167175    0.02629740021881279      2.030088947562813    -0.1167948702929899
                 103000       2.35360608135295    0.02626828897347997     0.7256744769802124     -1.146635836508199
                 104000      2.705051945299378    0.02622331792130739      4.249308780565561     0.6190607795710208
                 105000      2.414151036622824    0.02616733448207035      1.895416502685566    -0.1903941001003107
                 106000      2.638414235126449    0.02611883197300695      4.084759576263039     0.5755748947806092
                 107000      2.482522546457331    0.02605816852397733      2.955986691894672     0.2498192288126068
                 108000      2.671540204357763     0.0260257408310235      4.764391464110548     0.7259113374284208
                 109000      1.963659300927167    0.02599944273850525     0.7188507656539143     -1.166370958569397
                 110000       1.79373718992758    0.02598421982682999     0.3919976529400514     -1.773354564801764
                 111000      2.517509671711273    0.02592559938303417      3.079397228863169     0.2856201844300515
                 112000       2.68929950670095    0.02589357028067667      4.817314787899213     0.7318667988320786
                 113000      2.692443449822026    0.02586038527054423      4.830346621159619     0.7332859386350029
                 114000      2.637220781868566    0.02581353989694411      4.220364629342373     0.5964761236247422
                 115000      2.538468085947407    0.02575693991774041      2.847506477962588     0.2008032312460645
                 116000      2.721515714111015    0.02570555910954389      3.836838616133669     0.4970114645247216
                 117000      2.686220569693088    0.02567393093323141      4.980922157422775      0.756746600360125
                 118000      2.305469494359088    0.02565965673565697     0.4208717184513764     -1.714851779032805
                 119000      2.479533624300559     0.0256050084124292      3.132330584260856     0.2902207343274832
                 120000      2.536652420811672     0.0255509915225612      3.032439247753045      0.255698888738228
                 121000      2.657760256504186    0.02551927214656757      5.009622971544143     0.7564500320293854
                 122000       2.70066754311866    0.02548340570761813      4.855144640556513     0.7237218149255098
                 123000      2.009706477157154    0.02546284506606119     0.6808738977056119     -1.241502391046868
                 124000      1.811723501421991    0.02544734835325295     0.4984833322341985     -1.553918141074052
                 125000      2.013743430760956      0.025424356383395     0.7811168099459783     -1.105667510663235
                 126000      2.403367925721458     0.0253826244318821      1.731509037664036    -0.3112863953659841
                 127000      2.717342988967808    0.02533854544974152      4.279115421596337     0.5917285207073318
                 128000      2.678425618148393    0.02531231063544375      5.326810310306064     0.8096989197452045
                 129000      2.555255483460325    0.02526242212716379      2.833917925569046     0.1766336181733487
                 130000       2.45201397433634    0.02521369730772078      2.690843306034531     0.1228974697369875
                 131000      2.703387034547791    0.02517873330348385      4.900363420086311     0.7209645291997047
                 132000       2.69494841142839     0.0251480022349942      5.175976872941138     0.7744619862274896
                 133000       2.70639186867217    0.02511214899474106      4.908233249370453     0.7199212405498454
                 134000      2.682408224423079    0.02508413285643642      5.401300230549477     0.8145306349276322
                 135000      2.340044454770478     0.0250660796101994      0.693304509602118     -1.239115008522843
                 136000      2.421311462041224    0.02502372192183671      2.201073514152477   -0.08557510805108984
                 137000       2.67879178436867    0.02499630001528407      5.455885655890862     0.8210782151280129
                 138000      2.546825869062855    0.02495040260669995      2.871309412914443     0.1773135635449711
                 139000      2.648036112120764    0.02491166595442891      4.698338676569355      0.668200616916369
                 140000      2.545947046029327    0.02486659000597067      2.920209125446112     0.1908358054641258
                 141000      2.422780087686228     0.0248258942264096      2.279066430452866   -0.05869143294790592
                 142000      1.604479923720787    0.02481692853120368     0.3518243732638774     -1.927441707340398
                 143000      1.915302609949788    0.02480332451543478     0.5524889178044564     -1.476688769057621
                 144000      2.395286803850195    0.02476793974746102      1.820356062813842    -0.2857623766319301
                 145000      2.240368821358358    0.02475818157462409     0.3899782661430846     -1.826852828411049
