#! FIELDS time e sigma_e height
#! SET action OPES_METAD_state
#! SET biasfactor       1.927441707340398
#! SET epsilon     0.01821196306674905
#! SET kernel_cutoff       2.830433390657354
#! SET compression_threshold                       1
#! SET zed      0.1669857338096446
#! SET sum_weights       152.9118259549136
#! SET sum_weights2       211.5409957960274
#! SET counter  146
                      0      2.677363915398502    0.03289382301995881       132.802617028332
                      0      2.496167706006066    0.03416623127381386      40.65803668240016
                      0      2.623873780863624    0.03744162271588167      35.82348476553241
                      0      2.431313996587922    0.03247516205434211      25.01560699483472
                      0      2.549470331632671    0.03091444590946421      29.12279206119526
                      0      2.719599813419008    0.03010238969954216      43.35563556776731
                      0      2.361751785362525    0.03229172517541765      2.828928282018714
                      0       1.92604438478383     0.0295773742090902      1.265802431728757
                      0      2.014387714446691    0.02660333943097101      2.191517054066239
                      0       2.08042746985294     0.0273044111501259     0.8015849851023146
                      0      1.750246830543002    0.02791043763850445     0.3128292160772089
                      0      2.200122217409002    0.02788759399423745     0.3130854647636273
                      0      1.840953192644352    0.02659047572933791     0.3283581841746377
                      0      1.970664107176553    0.02734008574784327      1.834513431935206
                      0      1.803805767064667    0.02719270063536533     0.8904809851742499
                      0      2.305469494359088    0.02565965673565697     0.4208717184513764
                      0      1.604479923720787    0.02481692853120368     0.3518243732638774
                      0      2.395286803850195    0.02476793974746102      1.820356062813842
                      0      2.240368821358358    0.02475818157462409     0.3899782661430846
