#! FIELDS time e sigma_e height logweight
#! SET action OPES_METAD_kernels
#! SET biasfactor       1.927441707340398
#! SET epsilon     0.01821196306674905
#! SET kernel_cutoff       2.830433390657354
#! SET compression_threshold                       1
                   1000       2.71243734899171    0.05785834540142751     0.1509064987297364     -1.927441707340398
                   2000      2.709393330277347    0.05262928878528519      1.149227476770087   0.008018180880696755
                   3000      2.480490537047317    0.05145825030622065     0.1696754218199619     -1.927441707340398
                   4000      2.693798274997788    0.04886027300532472      1.588940315199495     0.2576874167087531
                   5000      2.371746035648742    0.04803307470024373     0.2246049027724399     -1.715867140358759
                   6000      2.528912850112721    0.04670140750937257     0.4554863587983948     -1.036959769098255
                   7000      2.436739509451713     0.0452240073257262      0.673530953005563    -0.6779378066149296
                   8000      2.677399227767183    0.04409948970466182      1.930054334772821      0.349651804093435
                   9000      2.495233625785583    0.04288454657642218      1.015865771598452    -0.3200917949866965
                  10000      2.636277232863471    0.04179324655067745      1.586404617079296     0.0998604071144731
                  11000      2.694909647730617    0.04096595351745203      2.062438919030547      0.342285981266772
                  12000      2.683806662588651    0.04023860924057592      2.256684649043501     0.4143791681374779
                  13000      2.643735099181426    0.03948905539899238      2.012605557903486     0.2811091728523478
                  14000      2.652200541729321    0.03883841230082801      2.235952626908516     0.3697325709597131
                  15000      2.685484520786104    0.03832455970001915      2.705385032481413     0.5469906170829786
                  16000      2.485951109506449    0.03787509461263638     0.9898759014474732    -0.4702264961562732
                  17000      2.414437794123429    0.03751372635836046     0.7875220705474356    -0.7085015425807959
                  18000      2.525856188565807    0.03710505555646113      1.021998873452784    -0.4588309440399608
                  19000      2.706726409624139    0.03665348440085919      2.440052635340849     0.3991835448539539
                  20000      2.426710394933164    0.03630458399644436      1.013074366373865    -0.4894109134406207
                  21000      2.475175417050189    0.03592493719452129      1.293870643598343    -0.2552746537228986
                  22000       2.54930257050753    0.03560984844129651      1.029954711569271     -0.492207489088256
                  23000      2.714687019984844    0.03525471559216625      2.479790969943446     0.3764290040647749
                  24000      2.450054054462889     0.0349232035242124      1.429080436526583    -0.1841619104606293
                  25000      2.432992072395009    0.03460340290229751      1.498345096927212    -0.1460313048730205
                  26000      2.522701214077693    0.03430692139173631      1.419780320888732    -0.2084952825146504
                  27000      2.502819527758115    0.03400776972815522         1.683833169919   -0.04668269912811081
                  28000      2.679216914431045    0.03375210668920892      2.727600232540065     0.4281204604881869
                  29000      2.710805048195446    0.03349068767170373       2.58150833317994      0.365296711386486
                  30000      2.680082948610113    0.03326103242433356      2.905625825457672     0.4766907496333826
                  31000       2.53104792569478    0.03302661925593835       1.52645660992615    -0.1740815735588553
                  32000      2.276982964220838    0.03296563994653263     0.2799792714138797     -1.871918466154654
                  33000       2.63496844261653    0.03272512449072133      2.329292341255471     0.2393630589610907
                  34000      2.331333977234461    0.03264566391190778     0.4011705454889885     -1.522001162086238
                  35000      2.541975644341301    0.03243323452982539      1.575554988942086    -0.1605533239197983
                  36000      2.277907833669863    0.03234735088985956     0.4639481997481271     -1.385794805120681
                  37000      2.465127027529847    0.03213919797962034      1.720755709959175   -0.08150459559975844
