#! FIELDS time e sigma_e height logweight
#! SET action OPES_METAD_kernels
#! SET biasfactor       2.698418390276557
#! SET epsilon     0.01374333274381851
#! SET kernel_cutoff       2.928208142815685
#! SET compression_threshold                       1
                   1000      2.477303800062669    0.06053155025577301    0.06672079877255445     -2.698418390276557
                   2000      2.655594454112355    0.05920511112449938    0.06821562036279934     -2.698418390276557
                   3000      2.515525715751352    0.05325154763954842      1.032003533520074   -0.08781560339434509
                   4000      2.713880397868438    0.05151824712794698     0.2443809001018859     -1.561435709037007
                   5000      2.690449642374963    0.04865877034380032      0.745186277217241    -0.5036335508792248
                   6000      2.647859650685307    0.04644107872614166      1.041326851853364    -0.2156644582009872
                   7000      2.469827962602128    0.04474982598139075       0.87879516765493     -0.422460443479182
                   8000      2.672690314927557    0.04346396267309031      1.417535489585536     0.0265073812771453
                   9000      2.343630163443469    0.04320246814056086     0.1210267908278057     -2.440190281814028
                  10000      2.583216472835494    0.04204829672293695      1.098860921905858     -0.261251564880699
                  11000      2.658924417213699    0.04149742078669964       2.08141122975579     0.3643328528617727
                  12000       2.55660235321147    0.04057719210174187      1.329613440633476    -0.1062501705122164
                  13000      2.726113462206922    0.03976716394244149      1.359881593152573    -0.1039053849259778
                  14000      2.677520312045415    0.03926482729882831      2.273358636032884     0.3972428895911744
                  15000       2.44671713056473    0.03873245363687019     0.8136697022483398    -0.6438674848636482
                  16000      2.381710565775983    0.03838081998534691     0.4998371914940365     -1.140259557554741
                  17000      2.543519457358185    0.03779402913291163      1.423752253953554    -0.1088976126317607
                  18000       2.50873567854598    0.03725592438371238      1.563659269291625   -0.02950482630529918
                  19000      2.471395372849251    0.03676060673722307      1.524859446574766   -0.06801551987434197
                  20000      1.964048650991915    0.03669566452229754     0.1100596878836228     -2.698418390276557
                  21000      1.726218102967715    0.03663114266758846      0.110253546296815     -2.698418390276557
                  22000      2.263699192383086    0.03655906860762342      0.124857942205569     -2.575993941980432
                  23000      2.360852572646705    0.03625910696460151     0.6511040304198121    -0.9327398344521278
                  24000      1.772686894668562    0.03616596010138057     0.1731459416519115     -2.259846661213492
