#! FIELDS time e sigma_e height
#! SET action OPES_METAD_state
#! SET biasfactor       5.011348439085033
#! SET epsilon    0.001910020759284688
#! SET kernel_cutoff       3.538542402811424
#! SET compression_threshold                       1
#! SET zed      0.1221623129923103
#! SET sum_weights       356.8231814953043
#! SET sum_weights2       950.3780064968053
#! SET counter  342
                      0       2.66313858108619    0.03073731557991718      139.9671490923814
                      0      2.512509913960371    0.03397183159851549       113.737720481249
                      0      2.708626512966316    0.03061193414341075      220.6715059937806
                      0      1.915012048325004    0.03097977311750722      5.290291542915583
                      0      2.066675426031414    0.03304417923594363      3.278111933877595
                      0       2.61526513847323    0.03110459737560179      110.5925729608629
                      0      2.320887918118629    0.03134130531314243       8.33058188188383
                      0      2.365478685344834    0.02729709932931595      13.05398358091056
                      0      2.444177519440744    0.03766197993277717      50.42203505295817
                      0      2.128228530317634    0.03596532593107846      1.618308775271218
                      0      2.231962524183264    0.02991534673859305      1.852217192608655
                      0      1.801409131756844     0.0315506162344961      1.713407204137394
                      0      1.986371386887561    0.02866270458877956      5.173146126765038
                      0        1.6820977363952    0.02918274961296909      0.903264762060391
                      0      1.610098337404024    0.03312514275903344      0.566466354902883
                      0      1.733651731165992    0.03021987971520426      1.047669242843116
                      0      1.866003927366229    0.02817424760718613      1.298329706442483
                      0      1.547913352894797     0.0289260584945506     0.1648759909867368
                      0      2.755628391662279    0.03013229313905666      15.79091365811851
                      0      2.018850792639921    0.02769904774210686      2.466840788244752
                      0      2.562274341794705    0.02839522578415236      69.39844749655124
                      0      1.488274115547638     0.0280318520243286    0.06628676735046835
                      0      1.358850364643442    0.02652353521011531     0.0150701948488009
                      0      2.267621692621255    0.02641349159051633     0.2945165984809408
                      0      1.443899073981756    0.02537606617545907    0.01898545061645687
                      0      2.177693278119174    0.02649531495004135     0.5963441168612428
                      0      2.402976875603728    0.02392419586239946      1.960978649345495
                      0       1.83538037760733    0.02384391581833688     0.2031784968935902
