#! FIELDS time e sigma_e height logweight
#! SET action OPES_METAD_kernels
#! SET biasfactor       5.011348439085033
#! SET epsilon    0.001910020759284688
#! SET kernel_cutoff       3.538542402811424
#! SET compression_threshold                       1
                   1000      2.720898335903621    0.06321896844457647   0.006322704301097473     -5.011348439085033
                   2000      2.454526352504061    0.06305404047490903   0.006339242349656035     -5.011348439085033
                   3000      2.566809707747549    0.05749461795174993     0.3494170565114115     -1.094142285537126
                   4000      2.315866048080582    0.05722343067249164    0.01706125238311267     -4.118326449683218
                   5000      2.654603328771518    0.05226762673150404      1.162058530598794    0.01222565317296018
                   6000      2.575353295403395    0.04937449405065416      1.608486830467572      0.280383294072875
                   7000      2.473574387335589    0.04780975768179204     0.4865563124488819    -0.9475174418579284
                   8000      2.268058028527638    0.04766845919110981    0.03889215516812144     -3.477037331253925
                   9000      2.083240726903544    0.04763780924318502   0.008390705828955633     -5.011348439085033
                  10000      2.641479121025423    0.04641962991744188      2.365835810081419      0.604509233689851
                  11000      2.797539263311745    0.04629974024788847    0.05093105662690806     -3.236490602992813
                  12000      2.691840431517223    0.04469539962910584      2.123208612059388     0.4584544582835587
                  13000      2.019785698077599     0.0446678485915814    0.01578618201573231      -4.44371086784654
                  14000       2.74658255323721    0.04331553396980416      1.468110554699154    0.05814299773689129
                  15000      2.485327115961493    0.04246128523862779     0.8188995155384529    -0.5455457313139099
                  16000      2.614804023357666    0.04183146989252777      3.119011511039184     0.7768204905251526
                  17000      2.403310842557673    0.04159369011691579     0.2520675678158459     -1.744454187498049
                  18000      2.498700852965747     0.0408052862562126      1.200662455194386    -0.2026594736336255
                  19000      2.690209893649686    0.04014363942661081      3.083088624013035     0.7240513398837755
                  20000      2.627375870105415    0.03970732104336794      3.869858413899701     0.9404089384394011
                  21000      2.355310816097171     0.0396307864882466     0.1279714870398895     -2.470686106814576
                  22000      2.430479685339507    0.03929034488332283     0.6597611222868963    -0.8392431962048559
                  23000      1.897385486074906    0.03928416371118935     0.0105628268309651     -4.973937427760475
                  24000      1.824213113385801    0.03927688976219319    0.01244487038277392     -4.810155021499535
                  25000      2.107499571347018    0.03926386872349634    0.02235099715400223     -4.224924180657122
                  26000      1.991366187596906    0.03924786228725739    0.02755230095395928     -4.016116811166595
                  27000      1.903610270776116    0.03923144006427252    0.02832558951495816     -3.988855754186953
                  28000      1.357215095601294    0.03922551665970628    0.01019017409415206     -5.011348439085033
                  29000      2.686171008744129    0.03898967716376312      4.704687561419783      1.117511725945863
                  30000      2.510915099385836    0.03847061875609387      1.524823185987361   -0.02257130174476144
                  31000       2.14317585571776    0.03845589877864522    0.03252464238762681     -3.870589713412115
                  32000      1.930677218640468    0.03843335719884851    0.05008268212058887     -3.439498799560006
                  33000       1.95529908240713    0.03839634509264321    0.08304296531274824     -2.934779437789277
                  34000      2.066669845108101    0.03837231330270028    0.05381411872652388     -3.369227786803741
                  35000      1.843416959977837     0.0383536108481986      0.041890979854544     -3.620180636902363
                  36000      1.594985958783351    0.03834893599387375    0.01042310127611686     -5.011348439085033
                  37000      1.445900651214928    0.03834378105050674    0.01150250401118865     -4.912942737729584
                  38000      2.266372631005985    0.03830888420752861    0.07906248251058763     -2.986179550562143
                  39000      2.533820006503188    0.03772869268390745      2.596695696721808     0.4903160727976102
                  40000      2.391327500699672    0.03751151389835594     0.6161086825439838    -0.9540285373923098
                  41000      2.589709468404718     0.0371912400824559       4.65009347881485      1.058616012040569
                  42000      2.722526142119639    0.03673664107469457      3.874579940151201     0.8638673435677625
                  43000      2.247033688618132    0.03670550566919523     0.1028452950705276     -2.765947209655159
                  44000      2.511436546311132    0.03625176331790232       2.98477570627285     0.5896680648923077
                  45000      2.309487533385092    0.03619712899239424     0.2007522310861996     -2.111048568600522
                  46000      2.661908401756865    0.03607586515253348      6.014678267553386      1.285482383845016
                  47000      2.657475461871107    0.03597878466086953      6.739560971493253      1.396579672585855
                  48000      2.412746565382784    0.03581504595590882     0.8397272776841826    -0.6906545882944347
                  49000       2.70852153143518     0.0354876425183366      5.438700436485389      1.168380117561101
                  50000      2.690419270102419    0.03527720410740191      6.742973519289431      1.377393419723651
                  51000      2.699724698089861     0.0350414044917224       6.85476950563425      1.387130473748845
                  52000      1.767665321919528    0.03503830829571519    0.01914094720855264     -4.493827982302975
                  53000      1.552156774642677    0.03503570688732185    0.01608231419116142      -4.66801193222477
                  54000      1.474210258095563    0.03503249557793831    0.01986897368251909     -4.456664361749191
                  55000      1.922411350083188    0.03501377789067511     0.1173007946170286     -2.681616673291748
                  56000      2.081380344192815    0.03500152079905906     0.0766018510243853     -3.108087087993332
                  57000      2.613770742655419    0.03471564284091115      6.377095121098367      1.305558508980481
                  58000      1.777678110581565    0.03471040178135169    0.03558698587402842     -3.883080430333667
                  59000      2.038730267948987    0.03469748749369125    0.08831412415618602     -2.974532512107829
                  60000      1.847582510448112    0.03468712199608966    0.07085272270482955     -3.195127952625003
                  61000      1.667039323476284    0.03468516018973548    0.01333423507652353     -4.865453112064078
                  62000       1.87741063513339    0.03466620197241725     0.1307515680288237      -2.58303554001724
                  63000      1.698224495824009    0.03466284886498321    0.02287977125309896     -4.326178196907943
                  64000      2.410487851767106    0.03452764171855403      1.052616165801476    -0.5013056979563648
                  65000       2.53390421344787    0.03422846857077631      3.435484565444459     0.6728711327444277
                  66000      2.134757630472571    0.03421815459313419    0.07609459636796329     -3.137366246567501
                  67000      1.861771811248022     0.0341940981471008     0.1800068120347509     -2.277052086013983
                  68000      1.480647003652453    0.03418954518447487    0.03357028572466431     -3.956538617965366
                  69000        2.1479644596106    0.03417596990510052      0.100982469335154     -2.855630147615661
                  70000      2.727825130211937    0.03396022912674997      7.112975069838448      1.392766137030192
                  71000      2.645651575335437    0.03387688992381754      9.046311548735874      1.630745617490095
                  72000      2.566610230426917    0.03359890068111152      4.325905339422545     0.8847702318998667
                  73000      2.385736714041551    0.03352068199452234     0.7805925648309032    -0.8298838901387353
                  74000      2.292338646531805    0.03350177103773666     0.1783881038472022     -2.306540001520813
                  75000      2.524713147126754    0.03327333256859005      3.139655488967898     0.5545247671792027
                  76000      2.352818229947133     0.0332211193947468     0.5338004677509973     -1.218891927940175
                  77000      2.448351497212149    0.03310860673292506      1.261489567446901    -0.3622580723903091
                  78000      2.582209968469027    0.03286021927896265      5.024379832940839      1.012220253490579
                  79000      2.379179180509309    0.03278103963005749     0.9117830425912442     -0.696847483136493
                  80000      2.686226529060546    0.03264632287593132      8.545564577730872       1.53680005018117
                  81000       2.47793100569599    0.03250271026086596      2.032025526264637    0.09601200805408872
                  82000      2.188188573331887    0.03249674304690969    0.06924139013655375     -3.283361163651794
                  83000      2.071433119717419    0.03248767486483067     0.1057096555284664     -2.860542821595936
                  84000      1.666103034450128    0.03248528607948358       0.02765779573337     -4.201404958829852
                  85000      2.038843891238344    0.03247553528731388     0.1139461777056601     -2.785886584205989
                  86000      2.061849745016085    0.03246212924471278      0.157588217799608      -2.46204027083937
                  87000      1.691137788419778    0.03245881302806358    0.03857639527091389     -3.869487279069278
