#! FIELDS time e sigma_e height
#! SET action OPES_METAD_state
#! SET biasfactor       5.011348439085033
#! SET epsilon    0.001910020759284688
#! SET kernel_cutoff       3.538542402811424
#! SET compression_threshold                       1
#! SET zed      0.1305271370849745
#! SET sum_weights        80.4190849219591
#! SET sum_weights2       229.3671856966612
#! SET counter  88
                      0      2.690887199371265    0.04442243748178279       66.2371146853489
                      0      2.518892696244959    0.04018409330095026      16.19389216892575
                      0      2.619083806114661     0.0439543588418578      29.02027396056696
                      0      2.286159438507205    0.04399670592073384     0.6170015200657512
                      0      2.137112386097243    0.03902891479971923     0.2403434110737019
                      0      2.797539263311745    0.04629974024788847    0.05093105662690806
                      0      2.054809847106325    0.04017696704456668     0.6393126279105213
                      0      2.401413375077485    0.03947897712661005      5.112656423554532
                      0      2.353300238823282    0.03456747804401597     0.6617719547908868
                      0      1.930527684558051    0.04119273099046523      0.289314858396289
                      0      1.861320229513388    0.03745235155131999     0.4359469530057221
                      0      1.357215095601294    0.03922551665970628    0.01019017409415206
                      0      1.594985958783351    0.03834893599387375    0.01042310127611686
                      0      1.472523393226924    0.03742551748739305    0.06494176341837204
                      0      1.774176164712328     0.0351512688423908    0.05472793308258106
                      0      1.552156774642677    0.03503570688732185    0.01608231419116142
                      0      1.682825309665802     0.0359644124913857     0.1024481973339064
                      0      2.574992756496775    0.03410285801067903      9.350285172363384
                      0      2.466601395750124    0.03575495692574488      3.293515093711538
                      0      2.188188573331887    0.03249674304690969    0.06924139013655375
