#! FIELDS time e sigma_e height
#! SET action OPES_METAD_state
#! SET biasfactor       1.927441707340398
#! SET epsilon     0.01821196306674905
#! SET kernel_cutoff       2.830433390657354
#! SET compression_threshold                       1
#! SET zed       0.127178692448517
#! SET sum_weights       1313.778896884872
#! SET sum_weights2       2419.405027039993
#! SET counter  916
                      0      2.657796672278967    0.02532750863481975      919.6412952920595
                      0      2.729491112881395    0.02275228261321228      309.6846350352399
                      0      2.697855863419059     0.0236219228632532      792.4671634674255
                      0        2.4896518986652    0.02575780933944566      386.0370020925274
                      0      2.538916332637012    0.02450676678849543       453.929685479405
                      0      2.346133156995725    0.02405758034550384      30.33678418408431
                      0      2.403110860657229    0.02654912771621137       85.0608632337549
                      0      2.609626748004577    0.02529037358772376      376.0416682818837
                      0      2.274142376344384    0.02359401844156197      8.665286737036288
                      0      2.443110693887919    0.02306468734238965      208.9011405325264
                      0      2.048534524136432    0.02830428416554751      26.39988296807935
                      0      1.929116988430556    0.02602136011430334      9.936613152602879
                      0       1.83089001024379    0.02363259397362128      9.130585310457656
                      0      1.483292981369172    0.02811596731953122     0.3105424127008392
                      0      1.974456290906235    0.02545468649166156      38.15030605074248
                      0      1.736303345102413    0.01997041973216044      4.502585873018334
                      0      1.552049406506778    0.02815661889642299       1.26384239833637
                      0      2.138996395666225    0.02636249360479079      8.595335370817866
                      0      1.886489214702027    0.02089739725038826      16.27329764077587
                      0      2.227304044758539    0.02362608269392446      7.797367743557679
                      0      1.267401073835228     0.0237578384811763     0.3675081945583154
                      0      2.808440028338334    0.02344764117221206     0.7131461658775147
                      0      1.796824268492281    0.02186807353391546      6.126435748772007
                      0      1.659004661269435     0.0217289849412482      1.426611745189031
                      0      2.093638513723795    0.02086744151840747       4.02123795827912
                      0      1.695805604225979    0.02157821811493791      2.990098518930342
                      0      2.174272578825294    0.01989504739167302      1.635293704753354
                      0      2.764923903988166    0.01995414260953321      29.43161532894506
                      0      1.602406601907344    0.01980495453597006     0.4820880683106203
                      0      2.311128277054705    0.01915807120544278      20.22077414090052
                      0      2.573313540186784    0.01992104172628942      144.9048901565945
                      0      1.761213526502515    0.01804626407693867      2.902619255558833
                      0       2.01580114804863    0.01752089228787251      2.829473363023891
                      0      1.864136450056874    0.01743638892526527      1.112380068998491
