#! FIELDS time e sigma_e height logweight
#! SET action OPES_METAD_kernels
#! SET biasfactor       3.469395073212715
#! SET epsilon    0.007640039155174105
#! SET kernel_cutoff       3.122291642622147
#! SET compression_threshold                       1
                   1000      2.539031707935306    0.06206017502565676    0.03010226110527593     -3.469395073212715
                   2000      2.231614023683564     0.0613590197611887    0.03044624246170084     -3.469395073212715
                   3000        2.6342955634262    0.05556650894562109     0.4674639581861775     -0.837196927562905
                   4000      2.702111185392408    0.05135164954562713      1.201249424295137    0.02771469925992876
                   5000      2.457420348833991    0.05077237260735414    0.09092891238493164     -2.564669462218204
                   6000      2.313293015973906    0.05014850512122724     0.1043021661650712      -2.43981900499963
                   7000      2.455534812981286    0.04828785125706431      0.433496222580638     -1.053036756540252
                   8000      2.533277151077761    0.04625228986022226     0.7639214338058725    -0.5295239194341378
                   9000      2.414018901206482    0.04458374253007016     0.8850656633198091    -0.4190687277966406
                  10000      2.524527200779008    0.04351520929785506      1.603342643103733     0.1508565557365137
                  11000      2.609869892243566    0.04233344740881315      1.345780671860286   -0.05179279989167976
                  12000      2.634186233396281    0.04160709724113455      2.004316456326434     0.3292292803457983
                  13000       2.67995702398343    0.04082290268189789      2.020505247592109     0.3182463046461411
                  14000      2.687961398788349    0.04019309582767482      2.364154934145113     0.4597713094474263
                  15000      2.676187167054682    0.03975162882324986      2.894332582127667     0.6510607975910239
                  16000      2.494796491933193    0.03912681721699656      1.156115638356377    -0.2824706695721216
                  17000      2.708870099713443    0.03854421664958214      2.541913669873995     0.4903787151659865
                  18000      1.710778925789956    0.03851282777448205    0.04850725591485262     -3.469395073212715
                  19000      2.123238378078399    0.03847692789794735    0.05581007505858433     -3.330086645231414
                  20000      1.854764253901022    0.03844573379365884     0.0485919088679112     -3.469395073212715
                  21000      1.927365324476013    0.03840735268446388    0.06022476742590255     -3.255767237041767
                  22000      1.977280311566083    0.03835252941888136    0.08714384628883277     -2.887719200499113
                  23000      1.792388532119239    0.03830339889209585    0.07839292094211518     -2.994827575862264
                  24000      2.594940555164237    0.03780191705230285      2.721971793070085     0.5393717963871343
                  25000      2.732947380132411    0.03744951825560795       3.36258524570124     0.7413593804777239
                  26000       2.66454932294604    0.03737475182394424      4.488703505414404      1.028214737783992
                  27000      2.680628878148624    0.03730325645357923      5.107719917696363       1.15548916958169
                  28000      2.629945697287238    0.03688170814962442      4.064847869899273     0.9157474697356482
                  29000      2.577445396291093    0.03642598856705098      2.503692601875938     0.4187046121591684
                  30000      2.587365039146607    0.03599956113737972      3.438565867239934     0.7242166709319371
                  31000      2.705600941189589    0.03567805196737065      4.560172747924328     0.9975516527976426
                  32000      2.689209979586074    0.03544142425423909       5.35787562666175      1.152104308678519
                  33000      2.542688407524895    0.03511954459763068      2.148963688221051     0.2293989598819001
                  34000      2.352236716204569    0.03506027457575428     0.2900227219803884     -1.775071858578158
                  35000       2.49346323204119    0.03482039139861739      1.473228725732027    -0.1566849830521951
                  36000      2.456141043836085    0.03463009815239514      1.133686082316157    -0.4241470258663173
                  37000       2.62106185227205    0.03432592564010648       4.22034927830078     0.8814742479979005
                  38000      2.391220870469674    0.03422350641796739     0.6129612118313403     -1.050885453104836
                  39000      2.706959366865482    0.03398188335247703      5.036211420688073      1.048137074977853
                  40000      2.719474675993278    0.03372304537995433      4.760072078740045     0.9840996913136641
                  41000      2.689368305774032    0.03364207230037616      6.907142501375819       1.35398889459257
                  42000      2.422195312093705    0.03351499292581469      1.024063378764163    -0.5585732554610202
                  43000      2.670849491142806    0.03338312195695253      6.801198231951469      1.330804686647736
                  44000      2.261796745653621    0.03336923982025111     0.1071470412366946     -2.820263220779496
                  45000      2.228753950348495    0.03335361721162576     0.1210366355345793     -2.698840339823187
                  46000      2.025702385270669    0.03334318044052684    0.08058917547260014     -3.105882233148118
                  47000      1.867143620526033    0.03333023074508343     0.1004040953464965     -2.886432029134269
                  48000      1.945643818216264    0.03331391123481227     0.1272173841614391     -2.650227467150262
                  49000      1.911149302039504    0.03329298672566283     0.1643081339519578     -2.395009544713158
                  50000      1.976019026102312    0.03326800078579042     0.1976654117375258     -2.210928081982361
                  51000      1.624328055592684    0.03326050797790837    0.05836279871712179     -3.431050416028623
                  52000      1.986334762097113    0.03322690915549101     0.2696550652767533     -1.901596170599914
                  53000      1.849091191557409    0.03320689446724234     0.1589444192749213     -2.430787745365429
                  54000      1.902726169431231    0.03317201251418846     0.2825484918210823     -1.856543129043895
                  55000      1.744808570782309    0.03315952068177161    0.09914629190347511     -2.904173510342035
                  56000      2.098670327204697    0.03314820295959111    0.08986780253339366     -3.002771605648803
                  57000      2.168636999773247    0.03313450654589487      0.109212037858669     -2.808233313970699
                  58000      2.225568404346433    0.03310943490615224     0.2028826062184497      -2.18965403968153
                  59000      2.512536863432805    0.03290878161166828      2.240931966251557     0.2062868139224685
                  60000      2.505120424626628    0.03270284698122222      2.490342638875922     0.3055378825212758
                  61000      2.457841549411548    0.03253453327409108      1.897793972314449    0.02864966968234803
                  62000      2.532372508073687    0.03232120681932307      3.108909438102031     0.5156510121452618
                  63000      2.640462857963405    0.03216370587282294      6.172591760823897      1.196612916011627
                  64000      2.576617116365119    0.03195514213726023      3.864779323286843      0.721893133149866
                  65000      2.451126054087324    0.03180920759685048      1.945439620670841    0.03089921030635328
                  66000      2.294236054167458    0.03178841312598664     0.2202692862027263     -2.148147158888469
                  67000      2.713962553277995    0.03167802811349701      6.976491463497588      1.303824893635957
                  68000      2.505213654632217    0.03149870990447699      3.193805550568483     0.5168151957003521
                  69000      1.509139383464672    0.03149350950007201     0.0593186222341201     -3.469395073212715
                  70000      2.673031099794299    0.03146274555077333      8.392413842391635      1.481787786557784
                  71000      2.539854855440428    0.03128349484022958      3.794709023646442      0.682353809139837
                  72000      2.540647595610776    0.03110658456972251      4.215355996311162     0.7818090043252881
                  73000      2.361994465317059    0.03106724121830208     0.5436830815581456     -1.267579407769918
                  74000      2.563203150824141    0.03089666090353974      4.582490959989779     0.8585462824736635
                  75000      2.674808615042618    0.03080387429920207      7.699727881541913      1.374480896957467
                  76000      2.665290469723899    0.03070226875566997      7.703523614530407      1.371669826940422
                  77000      2.644854795446777    0.03056935165412021      6.889050314627017      1.255586605091943
                  78000      2.511647365049715    0.03042642407047464      3.549459204379689     0.5877621365763571
                  79000      2.451071984781394    0.03033264767208714       1.88355306549811   -0.04896002721525003
                  80000      2.469413272610535    0.03021894711210907      2.534766043315278     0.2442258954301387
                  81000      2.513266106169362    0.03007995018965943      3.924325184642032     0.6767086899027035
                  82000      2.516110757251712    0.02994168903136813      4.244127027215046     0.7504433803673707
                  83000      2.766384792893434    0.02985837263060842      1.823581918224143   -0.09707661769661079
                  84000      2.707419227148681    0.02974889257911235      7.114932579828324      1.260643100562527
                  85000      2.705330225722529    0.02965011642801238      7.592609719023677      1.322296858767528
                  86000      2.231889524422278     0.0296395041520261     0.2106815778258217      -2.26264388613757
                  87000      2.011385593640573    0.02962852698966537      0.218461572235252     -2.226752066040207
                  88000      1.942315930499161    0.02961264132924777     0.3201030104453095     -1.845255647475223
                  89000      1.805620154896638    0.02960596726134963     0.1321781865777303     -2.729972992915995
                  90000      1.836185284224972    0.02959631598980278     0.1925502125785079     -2.354092983146459
                  91000      2.058477268721433    0.02958944573584065     0.1364672354478838      -2.69859755397271
                  92000      1.580275554548475    0.02958568233775712    0.07435035941127717      -3.30602079476273
                  93000       1.45325698101404    0.02958222989653553    0.06820275104342531     -3.392441099568493
                  94000      2.066522698971895    0.02957354889167948     0.1734795707198234     -2.459159653472098
                  95000       2.25621773978404    0.02955989131992377     0.2762745258343203     -1.994286391531718
                  96000      1.953067074353555     0.0295392820568293      0.424445272344914     -1.565595793684929
                  97000      2.390730381780931    0.02949660171838474     0.9326691809644171    -0.7797742181112759
                  98000      2.460395374814853    0.02939639840498048      2.778389057452162     0.3083988853914044
                  99000      2.367192797702457    0.02936283669764332     0.7360729685782731     -1.021040768453306
                 100000      2.349905296040253     0.0293324010635503     0.6659740426473589      -1.12215640304674
                 101000      2.484071812062083     0.0292182218141395      3.808972330219443     0.6178074103080756
                 102000       2.44073728244559    0.02912682011068504      2.613331387447162     0.2379406418765135
                 103000      2.621324088704198    0.02901219598417113      5.671761886425668      1.008871538353006
                 104000      2.629836129781116    0.02890632397406326      6.432300867485049      1.131048139033957
                 105000       2.54002020121519    0.02879654482078682      4.531244690927079     0.7769075141848752
                 106000       2.48703271518572    0.02869128110056563      4.204525062727607     0.6984100611856636
                 107000      2.433567309387857    0.02861061750453437      2.592600854912626     0.2120948910627689
                 108000      2.248664832507969     0.0285978409467229     0.3189707274885251     -1.883669282385898
                 109000      1.785677419874016    0.02859097326528287      0.169147931240968     -2.518235128462402
                 110000       2.53151154479527    0.02848690935442321      4.925045533893196     0.8494336186767772
                 111000      2.518972329256443    0.02838496457509832      5.241408012432066     0.9081051932858809
                 112000      2.380358584585849    0.02834652782451616      1.101245958232646    -0.6533977867765645
                 113000      2.290010432590742    0.02833482570244521     0.3098364869920022     -1.921963505911722
                 114000      2.732326585628078    0.02823609142444235      5.269936101132559     0.9082746726314139
                 115000      2.653695640159514    0.02815038961549137      6.947971405072264      1.181666365768192
                 116000      2.662222883875781    0.02807287470584044      7.511154815900525      1.256848459324328
                 117000      2.157938596482648     0.0280685113933405     0.1234067952683191     -2.851965307221021
                 118000      1.957305624858861    0.02805473032796947     0.4010956512625344     -1.673742653621072
                 119000      1.616509393989375    0.02805144837578345    0.09281682531401557     -3.137431644447219
                 120000      2.160330884332936    0.02804603817954295     0.1540214966150964     -2.631160279500262
                 121000      1.608006366341636    0.02804190240646508     0.1174149896248118     -2.902685355991971
                 122000      1.679462520621666     0.0280387600659446    0.08901974093473873     -3.179653846811198
                 123000      2.253055003532958    0.02802640623313825       0.35980319542248     -1.783395493109915
                 124000      2.559602310084744    0.02793692503983253      4.307362911098596     0.6959305929936632
                 125000      2.231027768897681    0.02792419567610419     0.3797192407514154     -1.733174160152419
                 126000      2.074559937704109    0.02791819908435587     0.1756043898147825     -2.504587388265993
                 127000      1.708601196520646    0.02791418547915166     0.1169638251737786     -2.911100141034994
                 128000      1.694453138388027    0.02790936305013289       0.14096277067137      -2.72464179775864
                 129000      1.803907380485115    0.02790246167395755     0.2031498971996842      -2.35944080782562
                 130000      1.866014626669116    0.02789464580978285     0.2309739613577902     -2.231360094479303
                 131000      1.975379643382908    0.02788069980509017     0.4206826902504086      -1.63228631037826
                 132000      2.056006349754665    0.02787323838358519     0.2210747315479576     -2.275932014264366
                 133000      1.892996299436815    0.02786331731933373     0.2965639046321465     -1.982526083724068
                 134000      1.981703278769241    0.02784818443687363     0.4607623124303323     -1.542449748956129
                 135000      2.157023129752364    0.02784198234986241     0.1840680424727724     -2.460249317878394
                 136000      1.862732464614703    0.02783211950819074     0.2963509802470906     -1.984364613487887
                 137000      1.918793918136012    0.02781786355887474     0.4351798464734254     -1.600662066995077
                 138000      1.766013673918222    0.02781167596211059     0.1845712587364129     -2.458608294917258
                 139000      1.847850936992439     0.0278005659388233     0.3368972761749356     -1.857265397789461
                 140000       2.11293273571369    0.02779446403789999     0.1824976752796708     -2.470525540917227
                 141000      2.024647905313921    0.02778377577494095     0.3246283247750544     -1.894966684264284
                 142000      1.931290538905997    0.02776585149572485     0.5586947125479406     -1.352689746455571
                 143000      2.171019656337936    0.02775789515558449     0.2407535345721436     -2.194805799291274
                 144000      2.280116854135128    0.02774527087069244     0.3883067759544003     -1.717238747716059
                 145000      1.773488481950437    0.02773745371121009     0.2372686116072958     -2.210123340111586
                 146000      2.137612528126933    0.02772949401541478     0.2420242192689645     -2.190565427799766
                 147000      2.047157986261074    0.02771926892486266     0.3135928414069253     -1.931876579722851
                 148000      2.209063568892254    0.02770788449306784     0.3510888781383172      -1.81934342429208
                 149000      2.125809435948842    0.02769871033575645     0.2814526020857407     -2.040749930217471
                 150000      1.916581327415656    0.02768019868274468     0.5870536351240722     -1.306266345390476
                 151000      1.835456317706194    0.02766838166741874     0.3674486128611092     -1.775226056091385
                 152000       1.72517322985407    0.02766150971272704     0.2107036314527007     -2.331605379532234
                 153000      2.036263649923914     0.0276489932962865     0.3913783866181656     -1.712835689975314
                 154000      2.113503347695656    0.02763889311288892      0.313979116137752      -1.93354941509264
