#! FIELDS time e sigma_e height logweight
#! SET action OPES_METAD_kernels
#! SET biasfactor       4.240371756148875
#! SET epsilon    0.003891431002318289
#! SET kernel_cutoff        3.33135957893421
#! SET compression_threshold                       1
                   1000      2.614006225569371    0.06284082615044533    0.01375115918422312     -4.240371756148875
                   2000      2.370159891706945     0.0624949438374419      0.013827265865069     -4.240371756148875
                   3000      2.608844694129945    0.05485851638636784       1.09185030773225  -0.001713333614971452
                   4000      2.504123021253581    0.05177434948409896     0.4861253620989798    -0.8687384609437117
                   5000      2.256406073791397    0.05156708440065479    0.02928082005485965     -3.682283575434089
                   6000      2.135925686174498    0.05136989822999984     0.0283434352290172     -3.718652036071868
                   7000      2.024544668513029    0.05112224650248019     0.0364746276318195     -3.471263200937461
                   8000      1.688875207522527    0.05100779577222933    0.01694121830948307     -4.240371756148875
                   9000      1.872082362944205    0.05087267583537384     0.0202619920528795     -4.064027063897153
                  10000      1.814205606870417    0.05014893794311453     0.1195937238027739     -2.303002141051284
                  11000      1.940381492592087    0.04908665273828702     0.2008792697948172     -1.805808601871642
                  12000      1.583469266738255    0.04886507632032774    0.04049441932608878     -3.411872715353454
                  13000      1.655283985854652    0.04774264719915133     0.2497062418733875     -1.615989577028714
                  14000      1.992910808742136    0.04576821379390317     0.8257069709114203    -0.4622700591819351
                  15000      2.067076764596918    0.04417927645385656      1.025337752991835    -0.2810666681708255
                  16000       1.86184802158061    0.04307196419316336     0.5852418820497591    -0.8672023031429265
                  17000      2.694958380669988    0.04194912100830096     0.8792573614125663    -0.4865647181326147
                  18000      2.333033967006656    0.04172506982858613     0.1129111488783273     -2.544396481805008
                  19000        2.4405950585956    0.04086392787886816     0.6747070819240278    -0.7775734822793239
                  20000      2.528797938731139     0.0403759814957032      1.738004421097496     0.1566280991408349
                  21000      2.436097232982446    0.03972661028577547      1.659026979481136    0.09390795877956848
                  22000      2.511576916265957    0.04030175173891479        3.1997687011964     0.7651288995698896
                  23000      2.710380269567615    0.03956136447364165      1.240452998500851    -0.2010149305426706
                  24000      2.757213334892067    0.03891964129885087      1.129509905960937    -0.3110616942123025
                  25000      2.687278205493239    0.03839203608338859      2.359832897503814     0.4120962925889795
                  26000      2.737228880331155    0.03799710942462322      2.819910024346633     0.5798705050188596
                  27000      2.590144017390384    0.03744356280392321       1.75933014809499    0.09342338415210981
                  28000      2.630735819068057    0.03695912614829563      2.343504806071017     0.3671156302856334
                  29000      2.706201194660839    0.03683637482270368      3.805813973099838     0.8486711314372222
                  30000      2.720030272845521    0.03679364143264813      4.477874647140953      1.010129005606024
                  31000      2.505430830342207    0.03634514618216127      2.887157563824245     0.5589885789774275
                  32000      2.466601550112793    0.03591981055279627      2.766435816552959     0.5045041899083604
                  33000      2.251777334940976    0.03589417845035383     0.0798429889139467     -3.041462651417244
                  34000      2.588961635286073    0.03549538452766079      2.517615931734795     0.3983705073933003
                  35000      2.512172736427175    0.03519281205556752      3.786410730860252     0.7979158302222608
                  36000      2.510718055814737    0.03497107333783495      4.466238249203495     0.9567231808170724
                  37000      2.700344695522186    0.03473121681941352      4.520941448517715     0.9620145976971454
                  38000       2.34237390190896     0.0346917452351853     0.1792075960016888     -2.267053183982793
                  39000      2.538428372823779    0.03441422262339715      4.222734773391082     0.8846083337860356
                  40000      2.182487560017854    0.03439805025780544    0.07857913676692843      -3.09999372831769
                  41000       2.27459182496475    0.03436950270674419     0.1405849446188267     -2.519118325146182
                  42000      1.767494954745722    0.03434327474231613     0.1293890440582312     -2.602869916719131
                  43000      2.335381711930288    0.03429116963049539     0.2644653510413866       -1.8895017205879
                  44000      2.577255196228859    0.03399226936955627      3.547355295255168     0.6979909036519618
                  45000      2.255267635172002    0.03395418193680741     0.2061533079630706     -2.148467710085011
                  46000      1.895885317747075    0.03388584726336902     0.3841722810802422     -1.528011298223791
                  47000      1.677628075446238    0.03385295401770302     0.1798035752808489     -2.288208571169219
                  48000      1.484192305532017    0.03384734903772073    0.02995785503646153     -4.080447598056405
                  49000      2.163322021184443    0.03381725609556883     0.1649123759446172     -2.375714355662362
                  50000      2.099977057826816    0.03373567242198586     0.4755410479398448     -1.319090830744491
                  51000      1.787519635283715    0.03369134992039015     0.2505899644473559     -1.961040720153602
                  52000      2.067980785588149    0.03356840577100521     0.7729481466663534    -0.8383025553341845
                  53000      2.156099413561422    0.03351133147785186      0.335807332160202     -1.673678627190293
                  54000      2.082291854454818    0.03336389476497306     0.9960233605688125    -0.5908548092829317
                  55000      1.848540529934398     0.0332771561788488     0.5477065972857141     -1.191488943105221
                  56000      1.715915386189493    0.03324203341713135      0.210682080752837     -2.147934428354803
                  57000      2.337301890890595    0.03317812163896144     0.3991344936533227     -1.510910732369687
                  58000      1.997186281063211    0.03307767604090501     0.6669690682376289     -1.000497555825935
                  59000      1.663770886391756     0.0330267870970878     0.3206768694430353     -1.734346899916413
                  60000      2.011439850275985    0.03289200194293492     0.9747991022758088    -0.6266389142064963
                  61000      1.756533874736185    0.03284100078948188     0.3310973960613134     -1.708009502360178
                  62000      1.663049354250986    0.03277308800202162     0.4548260070028633     -1.392577206716604
                  63000      1.528917492136269    0.03276428768213625    0.05519566812718356       -3.5018762349087
                  64000        1.9497979323863     0.0326638742913993     0.7163563765096462    -0.9416523600427491
                  65000      1.937271318288614    0.03254734899706268     0.8715634957740114    -0.7491151995520037
                  66000      1.588338810140803    0.03252197911446921     0.1680748667682613     -2.395774184335309
                  67000      2.662462262568578    0.03231776161393327      3.865527645273556     0.7333706035881796
                  68000      2.723041630307958    0.03218113235440907      4.928177527898248     0.9720050167773928
                  69000      2.228833819745465    0.03214863757257953     0.2465573861824946     -2.024134998258368
                  70000      2.393339287615536    0.03205436100617896     0.7961612934801962    -0.8548648029406021
                  71000      2.612863695754563    0.03185122476954137      3.444304371427686     0.6034532333217596
                  72000      2.596526022485154    0.03167328463901706      4.178495752929423     0.7910803215242979
                  73000      2.530646266354271    0.03154811088954711      5.169617125502556     0.9999677770696699
                  74000      2.732864050387952    0.03140173629837719      4.912084413249919     0.9442170010950564
                  75000      2.701498693408052    0.03130785580725581      5.858136330696373      1.117356008791651
                  76000      2.535385139004834    0.03117550022756058      5.387593757603472      1.029386833088974
                  77000      2.630329477116987    0.03100204856289419       3.85663877928687      0.689504744310881
                  78000      2.478570718425078    0.03083372608645019      3.765981974238804     0.6602731752619965
                  79000      2.523755432801409    0.03072332723942199      5.831706716904272      1.093987353612537
                  80000       2.56161140335535    0.03058951682983787      5.339825292786715      1.001505736509905
                  81000      2.384521221599906    0.03054444066963016     0.5943184934179724     -1.195501787080984
                  82000      2.679651911748177    0.03039367278687052       4.43316416725428     0.8090034805861446
                  83000      2.641370487243032     0.0302439826297298      3.756941536247406     0.6385578863204947
                  84000      2.628503364953048    0.03009929900087029      4.189832245598232      0.742818016536391
                  85000      2.623574023172802     0.0299618851046919      4.591893361069128     0.8298739511487671
                  86000      2.696928686032779    0.02983698370881282      5.185416628245186     0.9472543169161017
                  87000      2.700615788591127    0.02972188810486447      5.558603551255629      1.012886102253359
                  88000      2.687132085747904    0.02961135404500461      5.726042919548587      1.038838010363369
                  89000      2.569928197716217    0.02948878368027345      5.031862712207125     0.9054556506741416
                  90000      2.378859878370745    0.02945417707909415     0.6144823701248666     -1.198483866056584
                  91000      2.419374474691171    0.02939219539217892      1.201798923037766    -0.5297958491770741
                  92000      2.597333976608083    0.02927936469964165      5.371387022145314     0.9636245952907215
                  93000      2.581279635723447    0.02917397916776759      5.710913261021332      1.021311576886223
                  94000       2.65183898859079    0.02906691064337684      5.561326778580286      0.991092582719775
                  95000      1.924221075519013    0.02904030519880597     0.5245134217090501     -1.370944124662088
                  96000      2.058032395045081    0.02900518484417675     0.7126502484267269     -1.065634474571471
                  97000      1.497303883386365    0.02900231237532194    0.05392040259480976     -3.647215344219399
                  98000       1.86034941118889    0.02898103065238444     0.4182914499594582     -1.599279902412976
                  99000      1.799586542436244    0.02896546811851487     0.3024598576495588     -1.924046908582927
                 100000      2.518739682950657    0.02885404982203353      4.739883709955705     0.8239183976355656
                 101000      2.277032789957583    0.02884306001369786      0.218101341400758     -2.255270607723962
                 102000      2.249997998887697    0.02883011753911745     0.2586035108697752     -2.085383209894883
                 103000      2.303967315152696    0.02881568398990512     0.2901358994114324     -1.970830587437821
                 104000      2.331364301433026    0.02879578262977818     0.4069238850669213      -1.63324474787564
                 105000      2.658130880912798    0.02869437624729055      5.445480685461525     0.9571426244177746
                 106000       2.31735504110447    0.02867417375020382      0.428361516264627     -1.586135489671548
                 107000      2.179700490424301    0.02866418298490036     0.2067549587054986     -2.314917159752445
                 108000      2.690078192234502    0.02857730641192742      6.217398154922273      1.085619874700512
                 109000      2.717777494964407    0.02848405973843101      5.842438800256963      1.020148373610375
                 110000      1.827380321126326    0.02846624827796884     0.4023981647884843     -1.655938668570743
                 111000      2.013565775486799    0.02843775887821313     0.6671049458467259     -1.151434667485804
                 112000      2.196889066608012    0.02842742423552592     0.2304209508411575     -2.214837662715566
                 113000      2.239263626870324    0.02841368038387421     0.3099092215768183      -1.91894968738961
                 114000      2.511010547880014    0.02831335985729228      4.588346315751359     0.7725088901588394
                 115000      2.307015320867529    0.02829419563629792     0.4519049745690669     -1.545971234306212
                 116000      2.585981239788862    0.02819860536986375      5.152741121676994     0.8844567892432925
                 117000      2.471009514587884    0.02811290579085228      2.999182282123476     0.3402238683816292
                 118000      2.368219758293816    0.02808783043336714     0.6339056503093119     -1.214863312518026
                 119000       2.74169374638316    0.02799406216724528      4.506349564601424     0.7431352765953444
                 120000      2.644488664899257    0.02790733696753301       5.57108761404299     0.9521353635026149
                 121000      2.419223427110269     0.0278665483846194      1.163222450347687    -0.6157234472635382
                 122000      2.460820589691171     0.0277941661689746      2.527630222168316     0.1577637791252394
                 123000      2.736358274084358    0.02770671975093944      4.898232755007393     0.8162048896564713
                 124000      2.472783571048165    0.02762519280351707      3.437692703818024     0.4591840976182381
                 125000      2.590601036090492    0.02754983255724311      6.075941067544134      1.025988781048621
                 126000      2.684635108978884    0.02748780035563363      6.937932961699415      1.156401606607743
                 127000      2.525068379363074    0.02740740546499867      5.381664075959474     0.8994663212471693
                 128000      2.678324663859693    0.02734606316966031      7.003569749378869      1.160647996941504
                 129000      2.492389676935143    0.02726628206769206      4.497829371666269     0.7149012060725762
                 130000       2.35026770052837     0.0272475818844823     0.5956595026202675     -1.307465862736147
                 131000      2.157699336217028    0.02723838046987385     0.2837439877973942     -2.049400435614716
                 132000      1.898140472858746    0.02722319196029738     0.4796707622025404       -1.5249306291203
                 133000      1.737480106185821    0.02721609101828086     0.2182752653236336     -2.312534510019583
                 134000      2.156998469225433    0.02720555642168716     0.3282495888501774     -1.904904347924308
                 135000      2.196713556933312    0.02719526710547083     0.3209163295487638     -1.927876452975874
                 136000      2.074541547063597    0.02717378749005797     0.7012626741338214     -1.146964497468829
                 137000      1.751079831968969    0.02716506855163766     0.2719268046224665     -2.094635008246729
                 138000      1.901981743376911    0.02714779010721913     0.5576329475484326     -1.377103247976146
                 139000      2.701198342332914    0.02709697855946235      7.487046512576863      1.218252062851472
                 140000      2.695732791905066    0.02705035473625532      7.794104874968538      1.256723219764304
                 141000      2.362792706512947    0.02703069517120625     0.6784729958736579     -1.185282084002164
                 142000       2.40530717882961    0.02700179557872739       1.04436359842275    -0.7550334923348575
                 143000      2.338618735526752    0.02698183559284975     0.6962766297230309     -1.161188919553917
                 144000      2.381707035394564    0.02695604325004304     0.9274648001035846    -0.8754374872627992
                 145000      2.449226621805888    0.02689955329026884      2.499748962920437     0.1139554299385209
                 146000      2.478697787771508    0.02682884966876697      4.061371281176693     0.5966538970552837
                 147000      2.389205813840857     0.0268003582935572      1.077419327325326    -0.7313606356709405
                 148000      2.690121792970666    0.02675662987092344      7.862680677221054      1.254565327430547
                 149000      2.637974353251566    0.02668889009354243      5.829599501296491     0.9528511170516077
                 150000      2.627989802523073    0.02662269156144391      5.957257853546889     0.9720296396468989
                 151000      2.333950858899577    0.02660342774924815     0.7512030101535158     -1.099383835952343
                 152000      2.237248387995117    0.02659485241957114      0.320039265646242     -1.952938468794238
                 153000      2.640243389757929    0.02653334486843661      6.463843544879849      1.050281793554171
                 154000       2.37198774462108    0.02650839554032057      1.030144528641706    -0.7871839550948679
                 155000      2.419006863754484    0.02647244957585288      1.594130906996412    -0.3519113068392261
                 156000      2.455082525682714    0.02641629844052236      3.046223812933615     0.2935393520374573
                 157000      2.495692421619408    0.02635137047692737      4.733802733848212     0.7319045620673833
                 158000       1.82753799406523    0.02634094390842098     0.4185737590241865     -1.694122189405015
                 159000      1.498918814924576    0.02633933515936583    0.06230469358754027      -3.59899962449089
                 160000      1.903259311337794    0.02632510684147424     0.5827233125525596       -1.3638642434753
                 161000      2.717550925879853    0.02627325652513873      7.141791916580258       1.14017071101735
                 162000      2.288774546306898    0.02626241481392558     0.4479154589372458     -1.629356511799497
                 163000      2.670325743167456    0.02621684504916218      7.676937775761005      1.210278323287111
                 164000      2.530452431605243    0.02615474628985505      5.264415427281902     0.8306562237650683
                 165000       2.33127016363211    0.02613633620501888      0.824438195663595     -1.024071123900154
                 166000       2.69966780574283    0.02610308836583546      8.559571181722445        1.3147591666049
                 167000      2.677376377471486    0.02606600020004467      8.410724942677508      1.295794898911375
                 168000       2.71171090751207    0.02602903238072477      8.508477498788649      1.305931002128733
                 169000      2.460768487363692    0.02597650716289631      3.458544822160328     0.4036959256501269
                 170000      2.292935434673677    0.02596507700089666     0.5365275184614132     -1.460229545026421
                 171000      2.172276067884044    0.02595740503467397     0.3542627368251673      -1.87560408224315
                 172000      2.143737897388221    0.02594936479952337     0.3724576346116411     -1.825829410986924
                 173000      1.981139132830477    0.02593773642194262     0.5492207319429409     -1.437900505660832
                 174000      2.693002421343456    0.02591241563503435      9.307898487030418       1.39124099916023
                 175000      2.522046223359984     0.0258544352815237      5.249981852946104     0.8163622216522514
                 176000      2.648454955033518    0.02580305026106253      7.107769517831721      1.117336633915659
                 177000      2.612793199771629    0.02574684448632604      5.837733847733787     0.9183101949197497
                 178000      2.692430502282373    0.02572001564908586      9.391132022724399      1.392690787742024
                 179000      2.665917382759165    0.02568006577629608      8.453198090258795      1.285915319965139
                 180000      2.621366484206543    0.02562596786694734      6.266574979224828      0.984491595026643
                 181000      2.606702500512541    0.02557192512476059      5.953435162021681     0.9311189037784241
                 182000      2.402320396478912    0.02555005898017824      1.281776540355341    -0.6054578993427466
                 183000      2.574116463920874    0.02549714833770434      5.091358404019005     0.7717667257694849
                 184000      1.943828318569448    0.02548745029937117     0.5374028124271023     -1.477165725741848
                 185000      2.473341715852718    0.02543986996459985      3.863301403208393     0.4934951685158845
                 186000      2.648257893296115    0.02539491951282681      7.670430153199239      1.177577268977748
                 187000      2.560330113482592    0.02534418897385883      4.971802767390442     0.7419874139322243
                 188000      2.504031152057867    0.02529497171227387      4.630176252962275     0.6688560021762554
                 189000      2.435709755192137    0.02526365518310673      2.168100862113445   -0.09112614773873977
                 190000      2.579593918920968    0.02521409200298526      5.195839621698664     0.7809167150733813
                 191000      2.542829376071129    0.02516564531888951      4.902228954128265     0.7208252114695912
                 192000       2.67300580753732    0.02513136809945396      8.753307160404557       1.29920381888638
                 193000      2.354585276850912    0.02511740541564445     0.8874680674870661    -0.9901662521265415
                 194000      1.628869971638766    0.02511468070593812     0.1621957953850689     -2.689843058429283
                 195000      1.878029512352296    0.02510575959778523     0.5507974552845978     -1.467635408533984
                 196000      1.524262691176232    0.02510462208309636    0.06727681799630759     -3.570232145678191
                 197000      1.974226942728419    0.02509587063475537     0.5408282799617951     -1.486294708954146
                 198000      1.957019839193476    0.02508643565292315     0.5865519293034006     -1.405511348190186
                 199000      1.693037922132266    0.02508293627943372     0.2104307526998936     -2.430755422554906
                 200000       1.69520498174515    0.02507902110359325      0.236141150320456     -2.315638436341917
                 201000      2.300912483961222    0.02506978219722079     0.5755680938138755     -1.425079074558413
                 202000       2.34137071187442    0.02505586598739986     0.8955750263963707    -0.9835258703716885
                 203000      2.469602844817862     0.0250133546935656      3.832874759055547     0.4686804192338628
                 204000      2.670294479372036    0.02498027178912181      8.793492042743171      1.297753729976977
                 205000      2.553068199157932    0.02493391834911783      5.296856572319894      0.788998042057549
                 206000      2.343267044976819    0.02491992003634897     0.9429853753539648    -0.9373815822296083
                 207000      2.502812185870885    0.02487451169137117      5.106283592384037     0.7499709484166307
                 208000      2.663915405956242    0.02484039591301227      8.626862016675183      1.273007458851946
                 209000      2.705902147209198    0.02480596456593589      8.619480904655425      1.270764431707453
                 210000      2.452732694794713    0.02477086369066765      3.115831020991372     0.2518194461618279
                 211000      2.541503591709135    0.02472665152354966       5.52603510325999     0.8230076876130857
                 212000       2.38943555702641    0.02471072500565815      1.170769039310925    -0.7294463706350606
                 213000      2.375782416291074    0.02469524458024688      1.137954823819398    -0.7585012271972373
                 214000      2.234521315272129    0.02469110840147337     0.2815677463594435     -2.155283565477851
                 215000      2.692464149840598    0.02466343283146667      9.366908401648907       1.34816022763618
                 216000      2.492552502674152    0.02462147214397437      4.878750820043513     0.6941635589814745
                 217000      2.371789984195188    0.02460619373105835      1.159479046929549    -0.7433755665198942
                 218000      2.165412463075032    0.02460124262610044     0.3496250372453233      -1.94244162823409
                 219000       2.66338306563495    0.02456871424275744      8.750100029377416      1.276194424802629
                 220000      1.993605564131498    0.02456109086548134     0.5574058785045624     -1.477642661277962
                 221000      1.462746608418562    0.02456038219259253    0.04961160924096062      -3.89674031283755
                 222000      1.789142199845262    0.02455662084986331     0.2684398361127335      -2.20849152016507
                 223000      1.827500671550616    0.02455102854192785     0.4042361771778554     -1.799346787913976
                 224000      2.108243844667437    0.02454519940253101     0.4224891595587274     -1.755419761151064
                 225000      2.006039105321156     0.0245368472272097     0.6167365913136953     -1.377481870728446
                 226000      2.077411854479953    0.02452898275333767     0.5797015582791175      -1.43973103686609
                 227000      2.256709255293813    0.02452404628410762     0.3572057816747018      -1.92413368903637
                 228000       2.21748812007202    0.02451950101335569     0.3283607098126238     -2.008518351364684
                 229000      2.321153101588743    0.02450804387301786     0.8702608912494759     -1.034305414497042
                 230000      2.198013755263656    0.02450292846212826      0.372132777784911      -1.88405648161184
                 231000      2.015307986527922     0.0244942912512167     0.6446147772651718      -1.33500686713498
                 232000       1.97344038066129    0.02448510054069973     0.6899242104282743     -1.267453298242916
                 233000      2.529761556129207    0.02444376761542431      6.029806134702741     0.8987455780408465
                 234000      2.715530465634218    0.02441029496059205      8.443708384163571      1.234081999824081
                 235000      2.664268437647033    0.02438425912898389      9.533326037229619      1.354386908066363
                 236000       2.72071405591411    0.02434837138078068      8.002271757096581       1.17784587232867
                 237000      1.620805251458594    0.02434620793288944     0.1641095672111829     -2.709189438011231
                 238000      1.678085003471321    0.02434273322513862     0.2660078466086834     -2.226340659518387
                 239000      2.677709015952992    0.02432315355762286      10.36870774065884      1.435876555083273
                 240000       2.60748759477701    0.02428341111873708       6.01034292604243     0.8889306911492744
                 241000      2.686794152141244    0.02426566436477223      10.66512934789284      1.461697279919676
                 242000      2.412111857964828    0.02424796254043016      1.592268683675702    -0.4408521229847102
                 243000      2.521469260227235    0.02420903829843267      5.852840531941272     0.8593085890320459
                 244000      2.511209787667776    0.02417048509136348      5.861390382637301      0.859174544376988
                 245000      2.429390552686713    0.02414819668279775      2.174780585550523    -0.1332070771860965
                 246000      2.542297275843366    0.02411015391888875       6.00223363597061     0.8804201865910576
                 247000      2.490004739934402    0.02407331640889772      5.231213620850908     0.7414027629555182
                 248000      2.388854566700864    0.02405855610836616      1.366523744643829    -0.6015837631137683
                 249000       2.55778095152484    0.02402146941571158      5.786163913615512     0.8400729627364504
                 250000      2.562126713251646    0.02398464227601248      5.922607087257513     0.8618458964483705
                 251000      2.646373758070905    0.02395036311562036      7.746733336944427      1.128910172520357
                 252000       2.75513412304546    0.02392431430905248      2.908894109504895     0.1483236925428151
                 253000      1.910248181658761    0.02391874552574978     0.4974942460115542     -1.617853367346908
                 254000      2.855785254834807    0.02391832563416474    0.03612854080506966     -4.240371756148875
                 255000      1.756401039828736    0.02391569424678337     0.2300988940117031     -2.389055744255476
                 256000      2.149135987275202    0.02391157073302104     0.3648641948397722      -1.92821215291613
                 257000      1.964301909973887    0.02390450344748269     0.6407618595630801     -1.365375097302161
                 258000      2.823088023108741    0.02390399129104155    0.04421765350414877     -4.038930286693651
                 259000      2.794896074701756     0.0238996163962219     0.3887748235356935     -1.865237116553855
                 260000      2.717067514949588    0.02386932611995845      8.650081905412783      1.235818436208576
                 261000      1.767369501604493     0.0238662425629773     0.2751513999038649     -2.212313334494107
                 262000      1.776726376334776    0.02386280893464686     0.3073977959411953     -2.101636044710685
                 263000      2.610850506408287    0.02382735100948261      6.196875577714289     0.9005347866599211
                 264000      2.684179483620517    0.02380994999122742      10.71842870311337      1.447723566645227
                 265000      2.612990630297104     0.0237749676220601      6.405808891493832     0.9314939023663331
                 266000      2.256847016086302    0.02377092684737505      0.376886587035571     -1.901692256230146
                 267000      2.462452810903236    0.02374165720313882      3.814081489267319     0.4115865036672955
                 268000      2.409833488512096    0.02372552931146001        1.7030671797006    -0.3953620589325746
                 269000      2.359268638073012     0.0237138977960974      1.174726915772652    -0.7672475725746952
                 270000      2.282818223524977    0.02370872687173138     0.4935821765504758     -1.634567275560714
                 271000      2.323933241023855    0.02369962641449045     0.9002876864262293     -1.033926192457734
                 272000       2.72742887206461    0.02366664913277593      7.408208496866265      1.072310927055388
                 273000      2.741345740528851    0.02363350893105037      5.456636363747795     0.7651535620310596
                 274000      2.496694614172237    0.02360060074353377       5.49160149607334     0.7701475291906504
                 275000      2.700994000916055    0.02358072360252194      10.35570183241971      1.403622289249956
                 276000      2.687167280636259    0.02356352432270426      10.82017721498009       1.44676802637101
                 277000      2.437562760148273    0.02354233902653279      2.584924281141312    0.01415211449091095
                 278000      2.288967378746419    0.02353679737294563     0.5663678800428992     -1.504290967247236
                 279000      2.741043485826714    0.02350470258047167      5.571031590730286     0.7804361903058961
                 280000      2.674199625028106    0.02348462800757298      10.41921269017927      1.405652993462298
                 281000      2.488275369201772    0.02345378297135609      5.125562503974702     0.6949275162742677
                 282000      2.406520568262938    0.02343942468111723      1.661704362347551    -0.4320813421821367
                 283000      2.556463187323629    0.02340798081146286       5.72655162135538     0.8038460005963995
                 284000      2.525919428908519    0.02337641977762419      6.716677481016809     0.9619768600580311
                 285000      2.449072768986868    0.02335210034280759      3.404497573713417     0.2814397415591157
                 286000      2.478413319135441    0.02332217828987813      5.184360989372344     0.7007067954758808
                 287000      2.513815553193355    0.02329130454254952      6.729434153520818     0.9602265949891728
                 288000      2.597562304414521    0.02326081200837869      5.988671744480976     0.8422951363780721
                 289000      2.733519333624946    0.02323058110381113      7.032164777939681      1.001619592171743
                 290000      1.709945792390602     0.0232284976280724     0.2273935090158594     -2.430037933730489
                 291000      1.912904625788423    0.02322359957179532     0.5487945625790157     -1.549206688104889
                 292000      1.708251037349074    0.02322133402926508     0.2480138326159505      -2.34354389356397
                 293000      2.021069148316942    0.02321597411179526     0.6041262506371127     -1.453476059838962
                 294000      1.537850579631426    0.02321534090516455    0.06844569708697282     -3.631245847521248
                 295000      1.916405865873752    0.02321008848134339     0.5921450738999838     -1.473761146591478
                 296000      1.754486032499019    0.02320747529389934     0.2877531722770308        -2.195522331525
                 297000      1.785673161535082    0.02320453977562578     0.3243620221351448      -2.07589165740308
                 298000      2.265094610559841     0.0232004715327195     0.4545218053516917     -1.738681349014258
                 299000      2.638440728458738    0.02317174288567168       7.82551846904324      1.105978987300901
                 300000      2.613030392013882    0.02314199816987744      6.532849292219217      0.924147694047829
                 301000      1.888582391969025    0.02313684440099245     0.5940641861502981     -1.473686127600309
                 302000        2.7611511849715    0.02311576730586185      3.031863428413902     0.1553478131823581
                 303000      2.469957731848353    0.02308836202275313      4.846413881841598     0.6232231454608963
                 304000      2.282875455120511    0.02308341967040582      0.576289859909658     -1.506374481449248
                 305000      2.455754560251567    0.02305823018971207      4.126278590850692      0.461054134789352
                 306000      1.860991742269778     0.0230534880951517     0.5560140601815534     -1.543489173844776
                 307000      2.608534967681348    0.02302464219720237      6.572590432678058     0.9251285168245592
                 308000      2.404480450987963     0.0230110440287228      1.788738980806323    -0.3768593947847331
                 309000      2.328358728373606    0.02300327236491876     0.9536272994349403     -1.006190434995395
                 310000      2.660386787982158    0.02298247436240386      9.919032052956849      1.334842720235419
                 311000      2.367785847260317    0.02297225950379864      1.307623619204681    -0.6918457240331325
                 312000      2.209618937032217    0.02296930299924058     0.3504412664376665     -2.008748047281701
                 313000       2.25368969086715    0.02296535115213398     0.4733286663125009      -1.70832323081534
                 314000      2.662351154483532    0.02294733749470702      10.50697463097705      1.390896641467822
                 315000      2.677139132344968    0.02293437359386846      11.46111546115863      1.477252294947566
                 316000      2.252132380361421    0.02293038059840219     0.4902376642180786     -1.674746843666467
                 317000      2.719539765737995    0.02290678395326582      9.277559058185682      1.264687026643532
                 318000      2.526953157537562    0.02287903075038378      6.823316208939942     0.9562218424042331
                 319000      2.678695042185352    0.02286677045901292         11.69899288298      1.494842982576192
                 320000      2.673947235507728    0.02285389027032689      11.68655934426684      1.493216200620317
                 321000      2.727960184241492    0.02282760754883625      8.162082269798832      1.133125415192317
                 322000      2.693372574278194    0.02281511049801662      11.85605871570522      1.505917516309202
                 323000      2.740721653274654    0.02278823722001817       6.22098495751788     0.8598281767207272
                 324000      2.024263909713786    0.02278376506097746      0.593919924239394     -1.489307115009642
                 325000      2.072558214543375    0.02277981207399959      0.522578851172271     -1.617449249036678
                 326000       1.58411592399801    0.02277908124940808    0.09360954072987045     -3.337124906291969
                 327000      2.068313144355512    0.02277486323451982     0.5597432702486146     -1.548964170520637
                 328000      1.453338473327247    0.02277446516374945    0.05087720949310224     -3.947044809154115
                 329000      1.768056807344614     0.0227719849868121      0.323555021484144      -2.09719960805222
                 330000      1.750877988266967      0.022769556722196     0.3167788994316557     -2.118471376549661
                 331000      2.179984008949733    0.02276672136009509     0.3716084365271086     -1.958959251021329
