#! FIELDS time e sigma_e height
#! SET action OPES_METAD_state
#! SET biasfactor       4.240371756148875
#! SET epsilon    0.003891431002318289
#! SET kernel_cutoff        3.33135957893421
#! SET compression_threshold                       1
#! SET zed      0.1271474637403013
#! SET sum_weights       439.7024349309951
#! SET sum_weights2        1144.77244347404
#! SET counter  332
                      0      2.601580288694617    0.03414326052518285      134.0262650513396
                      0      2.333362000421817    0.02954932952665189       10.8646538152603
                      0      2.528507518334438    0.03274139721294792      159.0178559108278
                      0      2.249504917610827    0.03056460339623528      4.571181747991403
                      0      2.169809226758793    0.03284566967310761       4.16267891367768
                      0      2.000992979062115    0.03391997567950725       7.96783135919635
                      0      1.669588480019621    0.03691059833816802       2.09672945692372
                      0      1.877236880991947    0.04052367821016216      7.263431382554049
                      0      1.942158789618712    0.03300471504738434      4.670174238981092
                      0      1.598494674900198     0.0342763412803423     0.4662883940354034
                      0      2.075532174002776    0.03429030869880467      6.768276069986124
                      0      2.697777417716085    0.03235007287232782       335.712872283165
                      0      2.472718263197583    0.03042494898702221      88.30914346040724
                      0      1.770192892398523    0.03091110308610871      3.619000108136397
                      0      1.495305176070836    0.02954782313989186     0.1461829512188116
                      0      1.717517321323374    0.02923179860749698     0.9043646877082805
                      0      1.530479790701716    0.02755840206637653      0.190918183210464
                      0      2.377455293104191    0.02817404115791672      13.66944664895766
                      0      2.418927963939204     0.0279880700410387      19.95887735449541
                      0      2.657029832246678    0.02807724249279433      151.8678043894909
                      0      2.289709495928714    0.02538431744033719      3.196250987715567
                      0      1.457983295783283    0.02413579742919914     0.1004888187340629
                      0      1.827500671550616    0.02455102854192785     0.4042361771778554
                      0      2.739529849087046    0.02510994753599092      38.38365749765327
                      0      2.855785254834807    0.02391832563416474    0.03612854080506966
                      0      2.823088023108741    0.02390399129104155    0.04421765350414877
                      0      2.794896074701756     0.0238996163962219     0.3887748235356935
                      0      2.209618937032217    0.02296930299924058     0.3504412664376665
