#! FIELDS time e sigma_e height
#! SET action OPES_METAD_state
#! SET biasfactor       1.927441707340398
#! SET epsilon     0.01821196306674905
#! SET kernel_cutoff       2.830433390657354
#! SET compression_threshold                       1
#! SET zed      0.1419903082515551
#! SET sum_weights       510.2736910310911
#! SET sum_weights2       910.4364368342963
#! SET counter  383
                      0      2.473681772857036    0.03301970019137177      124.7851492652561
                      0      2.654029354099363    0.02771446175001844      316.4497063908523
                      0      2.698715657432145    0.02918855205355802      368.5034848826302
                      0      2.597701957215647    0.02997861774807964      143.9378356644502
                      0      2.399113931522944    0.02886783145450684      22.86862087673525
                      0      2.068601022780562    0.03034638408020734      4.350031004807802
                      0      2.003882664887457    0.02794982425600203      8.180733500364687
                      0      2.299923521138397    0.02550891227431161       5.86973906528211
                      0      2.536220707801334    0.02860189406073849      150.3868547163819
                      0      1.945914060033893    0.02946766828099362      6.061081146182664
                      0      1.650845725271911    0.02443020092635162     0.8801035074906417
                      0      1.743850257931636    0.02672117538205094      1.321978883465901
                      0      1.831480258697126    0.02732821110781786      4.308353675763168
                      0       2.20480411676851    0.02962458377175889     0.2989972175314338
                      0      1.787473858445501     0.0251058672137702       1.65788347029333
                      0      2.741782978051499    0.02501670990116905      73.51797004080623
                      0      2.341971783308806    0.02659573765764272      6.084655987805203
                      0      1.894684174843118     0.0271883904106514        7.6066785350629
                      0      1.608590782349311    0.02603492065114007      4.119484249414272
                      0      2.120188914858469     0.0246406182056273      2.373050801878904
                      0      2.774699197953633    0.02413208337018279      5.651269197503687
                      0      1.553638518493767    0.02369528219249341     0.4604967076313528
                      0      2.261686254828676    0.02256930181418506      2.810338715365084
                      0      2.162117594200188    0.02203346179595692      2.260365709604682
                      0      2.430027950749109    0.02126467517426708      5.699110706335221
