#! FIELDS time e sigma_e height logweight
#! SET action OPES_METAD_kernels
#! SET biasfactor       4.240371756148875
#! SET epsilon    0.003891431002318289
#! SET kernel_cutoff        3.33135957893421
#! SET compression_threshold                       1
                   1000      2.702127606743185    0.06284082615044533    0.01375115918422312     -4.240371756148875
                   2000      2.477834323536444     0.0624949438374419      0.013827265865069     -4.240371756148875
                   3000       2.01620308149897    0.06215570374272645    0.01390273380605053     -4.240371756148875
                   4000      1.840407818002749    0.06110421086271962    0.04646665390094071     -3.050784124915011
                   5000      2.687437290388586    0.05440471588938631     0.7532114801752307    -0.3813029634213194
                   6000      2.537739314093299    0.05249020239406475     0.2193012970834117      -1.65102674002858
                   7000      2.322321472055822    0.05233967561793273    0.01651011767766465     -4.240371756148875
                   8000      2.254728313301478    0.05156890765196327    0.09274227946644401     -2.529356457447424
                   9000      2.397505348090004    0.05025525814380547     0.1861160224355425     -1.858614404281023
                  10000      2.603149814175545    0.04876328865125321      1.731740041825125     0.3417598933449163
