#! FIELDS time e sigma_e height
#! SET action OPES_METAD_state
#! SET biasfactor       1.927441707340398
#! SET epsilon     0.01821196306674905
#! SET kernel_cutoff       2.830433390657354
#! SET compression_threshold                       1
#! SET zed      0.1455224745738462
#! SET sum_weights       242.2357412583284
#! SET sum_weights2       366.7387259019782
#! SET counter  200
                      0      2.660672196302559    0.03190700534265106      144.8749826318345
                      0      2.713120027459623    0.03140237005033868      174.0334027203161
                      0      2.536416316462566    0.03241422465938625      78.20957209961074
                      0      2.597460930884386    0.03137057087670658      54.97080258279863
                      0      2.473954404548567    0.03186212370547246      58.80309064314302
                      0      2.409576228851796    0.03205056045930729      18.72652655223665
                      0       2.27725940651912    0.03674322243620572      1.706232692417753
                      0      2.781010855469868    0.02674082916639541      3.088493816008885
                      0       2.16461518073682    0.02973371278686969     0.7204542586836149
                      0      1.092365761357646    0.02804433426125028     0.3113356247108116
                      0      1.835038093403434    0.02556928344490023     0.7659516640644566
                      0      1.969904081947007     0.0248746657499637      1.309430911934699
                      0      2.054606116783722    0.02762445882465594     0.7803302200961848
                      0      2.231930462910557    0.02639005352983095      1.250262595933896
                      0      2.359310585489714    0.02531279590262635      6.230281412086846
                      0      2.102783013246948    0.02488397767212227     0.3806879462060888
                      0      1.789851143224656    0.02389307622949739     0.4064712779368886
                      0      2.004462550140661    0.02388324527734106     0.5217099368489528
                      0       1.90915495482666     0.0238759493076576     0.3795532832649025
                      0      1.682291815928659    0.02331268043400315      0.374525801592944
