#! FIELDS time e sigma_e height logweight
#! SET action OPES_METAD_kernels
#! SET biasfactor       5.011348439085033
#! SET epsilon    0.001910020759284688
#! SET kernel_cutoff       3.538542402811424
#! SET compression_threshold                       1
                   1000      2.663511182010311    0.06321896844457647   0.006322704301097473     -5.011348439085033
                   2000      2.462509212174437    0.06279098852206715    0.01673485657358412     -4.044794508717561
                   3000      2.483635773500874    0.05520978939160853      1.403328514220066     0.2556426443610558
                   4000       2.19721812065611    0.05514674364550239    0.00724820392415081     -5.011348439085033
                   5000       2.66264441579881    0.05466968553181119    0.05746415954594235     -2.949629039211016
                   6000       1.91854162937682    0.05460880524799736   0.007319604263089562     -5.011348439085033
                   7000      1.756463715949242    0.05454312740440175    0.00794017473860706     -4.931172841551114
                   8000      1.980757337016895    0.05424265926958739    0.03741539853454127     -3.386549825735012
                   9000      1.849711313727047    0.05374094036998753    0.06552330951685145     -2.835518789838265
                  10000      2.662339416727709    0.05136252924278312      0.429295525496016      -1.00104538526811
                  11000      2.645857485018218    0.04874322968312548      1.795996662044206     0.3777818586106943
                  12000      2.741814524703426    0.04668257095085146     0.9996435704486888    -0.2513301733398576
                  13000      2.550240952769234    0.04497821807859436      1.804750218114403     0.3022559665567018
                  14000      2.459941259209325    0.04358662491020129       1.93705161638322     0.3415728046158108
                  15000      2.624593774946779    0.04259502809943327      2.541442075849822      0.590124639282026
                  16000      2.357798869003862    0.04220618972169982     0.3525644604964645      -1.39429948285757
                  17000      2.584376560983237    0.04165252866234277      3.355514783243094     0.8456227130105801
                  18000      2.179774640775454    0.04163216297775361    0.02168008935020682     -4.196832526276213
                  19000      1.865878395059305    0.04153739525149888     0.1036182173700679     -2.634792571601076
                  20000      2.087250686143474    0.04151493151313782    0.02423551147547552     -4.088227709279812
                  21000       1.91706382373132    0.04138122579172858     0.1501866837011381     -2.267393468235691
                  22000      1.664710964925628    0.04136882514123447    0.01356844114280812     -4.671825667949599
                  23000      2.067678995499731     0.0413097912566007    0.06569785509696101     -3.095934014872787
                  24000      1.959239449790313    0.04113181912174202     0.2081592218440192     -1.947014554855696
                  25000      1.770023152617593    0.04107125320767599    0.06928909549156735     -3.048503858156747
                  26000      1.490602314584419    0.04106264882136871   0.009734268372074925     -5.011348439085033
                  27000      2.657304045700841    0.04061861521328881      3.870386128830215     0.9632361790517009
                  28000      2.578814073530612    0.04031163908112917      4.729709210133507       1.15615939881978
                  29000      2.688266242816306    0.03954440341265675      3.289459231698784     0.7738027993480433
                  30000      2.689904298876542    0.03897692783349218      4.409586420583897      1.052406217714149
                  31000      2.011042195060599    0.03891219311389475     0.1548624858676619     -2.298254656851805
                  32000      2.302860318513596    0.03885022412005901     0.1492173203976761     -2.336982226062942
                  33000      1.563497267256312    0.03884425276940146    0.01411392094999874     -4.695378097456429
                  34000       1.67573794828562    0.03882856636142212    0.03726614912841104     -3.724858234517423
                  35000       1.74580244845594    0.03878611266394582     0.1023071149150379     -2.716058359625618
                  36000      1.902057048037095    0.03866244430837699     0.3119732966412224     -1.604313547191646
                  37000      2.046182984624941    0.03857935077120569     0.2084952948016761     -2.009466187900514
                  38000      2.117908184453337    0.03853171910661986     0.1186196065796825     -2.574696276447241
                  39000      2.512541896169817    0.03793057694797568       3.01167866524199     0.6439106236242934
                  40000       2.53507017785848    0.03747990834215476      4.644561723204832      1.065157462915069
                  41000      2.391867205275069    0.03731130482476125     0.5803785863639874     -1.019122856349739
                  42000      2.410951831163379    0.03701609731668254      1.162761482875668    -0.3321939168851054
                  43000      2.512770604535408    0.03664460240479236      5.000826757550413      1.116524831455003
                  44000      2.700106460068384    0.03622176730991947      4.420508261744744     0.9815703636244937
                  45000       2.69436530085727    0.03590879833362867      5.575010380227699      1.204931961445058
                  46000      2.682131284230953    0.03570400813638239      6.690816519088549       1.38165431036762
                  47000      2.726870158847552    0.03532624204275839      4.759342126532993      1.030390976156542
                  48000      2.264191577139369    0.03531288200818002    0.07454742686182761      -3.12641648941284
                  49000      2.696164447978687    0.03508781872256117      6.940428487997523      1.400872977473564
                  50000      2.391482107832146    0.03496681654322054     0.8224320565614285    -0.7354344549867462
                  51000      2.457102342513019    0.03470279192983643      2.260661580117118     0.2681330855780393
                  52000      2.505934477758246    0.03437870427699295      3.933077218591523     0.8125148755102046
                  53000      2.333043355642917    0.03432801036271212     0.3647235428036422      -1.56699854202059
                  54000      2.196776148918684      0.034321477591604    0.04542049274591407     -3.650365128869177
                  55000      2.661642853372929    0.03409548654107385      6.791250703562118      1.350455576289693
                  56000       2.23946526551246    0.03408451663380534    0.08320501876718339     -3.051948949960992
                  57000      2.499748105609292    0.03379006627964237      4.459751989104436     0.9209154566803522
                  58000      2.460581998905927    0.03352975602073235      3.365142132759202      0.631558922548666
                  59000      2.251822531817128    0.03351486236980354     0.1263571626349888     -2.650998326860194
                  60000      2.178792092657772    0.03350562332215461    0.07808827103249998     -3.132546689370928
                  61000      2.475668974446823    0.03323935569416531      4.489511336840324     0.9111338862940862
                  62000      2.669020954803858    0.03309681471796334      7.886205805997801      1.470207616200622
                  63000      2.597669409494752    0.03286220662573512      3.715823213155838     0.7105789457869256
                  64000      2.341160670950507    0.03281373760328807     0.5112146885740395     -1.274462947962321
                  65000      2.637976604229672    0.03260366150238125      6.522312045983733      1.265308957227173
                  66000      2.693821762715228    0.03247164584252057      8.334197118463113      1.506389895749331
                  67000      1.496945730315397    0.03246999344901153    0.01883178194973755     -4.586237485103501
                  68000      2.655333782001755    0.03233898558910318      8.643315855555661      1.538715213139068
                  69000      2.402517386715004    0.03224157552132401      1.367393853136617    -0.3081811460556349
                  70000      2.590339151210555    0.03204029780629859      4.117209986708931     0.7878256010374314
                  71000      2.443161301529606    0.03187166818358815      3.084323838922817     0.4937053645435248
                  72000      2.696152628819851    0.03173048411273415      8.352232026648267      1.485462112235475
                  73000      2.493079708494451    0.03154111138992978      4.721613041599945     0.9090977434832099
                  74000      1.575621360331048    0.03153972718255831    0.02009453438514797      -4.55040405264308
                  75000      1.618486763094228     0.0315379293566582    0.02611946389641672     -4.288228133608854
                  76000       2.11322506533525    0.03153138563114026    0.09574073847213802     -2.989472524933537
                  77000      2.175198724319201    0.03152527976434009    0.08936287573282015     -3.058604749352388
                  78000      1.616438331669025    0.03152280202724063    0.03610714607665653     -3.964897885351501
                  79000       1.84472216818159    0.03151493000956666     0.1156503358612808      -2.80106714631107
                  80000      2.002072380247817    0.03150448732199972     0.1541719203001989     -2.513901505525042
                  81000      1.679005978706493     0.0315013311191548    0.04617716747483888     -3.719584573090428
                  82000      1.932349822440289    0.03148787181788091     0.1999982704897475     -2.254188672207709
                  83000      1.755487210287956    0.03148247843709284    0.07935424762406532     -3.178746714450159
                  84000      1.666883147770539    0.03147852752587323    0.05805508506148075     -3.491401891391996
                  85000      1.605693222909258    0.03147517364766536    0.04926795539754911     -3.655626866509995
                  86000      2.007882763359587    0.03146183368676937     0.1989557972250296       -2.2602419834261
                  87000      2.571911820726026    0.03129535169274511      3.794158580208206     0.6825876843458856
                  88000      2.694034106686305    0.03117473613565088      8.755763439874327      1.514975627714079
                  89000      2.541004273919987    0.03101099000217341      4.266074312435038     0.7906911352323956
                  90000      2.537846173190693    0.03085066479846646      4.382942989033952     0.8125341513390287
                  91000      2.605738134003833    0.03069557360178441      4.354557261813488     0.8009968427194765
                  92000      2.373474769519718    0.03065277030617421     0.8101347778844538    -0.8821761714384879
                  93000      2.351060438474316     0.0306184687934899     0.6427677630453832     -1.114712977195305
                  94000      2.476940048668321    0.03047150840355537      4.238190973069775     0.7665840550023602
                  95000      2.696638993016791    0.03034430262075559      8.011639014604853      1.399159576313735
                  96000      2.609642683813565    0.03020127531078269       4.64944786338169     0.8502880635924992
                  97000      2.355511506426922    0.03016593872706823      0.743170195992749     -0.984461325626778
