#! FIELDS time e sigma_e height
#! SET action OPES_METAD_state
#! SET biasfactor       5.011348439085033
#! SET epsilon    0.001910020759284688
#! SET kernel_cutoff       3.538542402811424
#! SET compression_threshold                       1
#! SET zed      0.1393014106141959
#! SET sum_weights       118.5817240254542
#! SET sum_weights2       343.5235036671316
#! SET counter  98
                      0       2.67879383157939    0.04046075724621067      103.3236325680984
                      0      2.493475135468397    0.04255919045935506      43.48213040525643
                      0      2.181482698484541    0.03558419333838807     0.2417999327855918
                      0      1.914653403407487     0.0397299969158025     0.6694778550951976
                      0      1.755580361128491    0.03917438690675205     0.2588906327692776
                      0         1.992559617894    0.04304999458973387      0.753564823771451
                      0      1.853567490582435    0.04225971976784965     0.2847918627482002
                      0      2.729464198844922    0.03796891872008788      5.758985696981682
                      0      2.589265902501463    0.03853620070755443      30.52117111675916
                      0      2.393736540718566     0.0382661934701214      5.095665217318619
                      0      2.054250368461175    0.04158232394954266     0.2984286613741126
                      0      1.672431137013354    0.03479650954903094     0.1550668428075388
                      0      1.494784125528409    0.03575819002231091    0.02856605032181248
                      0       2.28997779253603    0.04188236626677457     0.2237647472595037
                      0      1.570619132385624    0.03524909670398258    0.03420845533514671
                      0      2.115816541604888    0.03565186049738889     0.2143603450518205
                      0      2.347380192912932    0.03265322559336615      2.261876190415814
                      0       2.24691617625282     0.0342796182166827     0.2095621814021722
                      0      2.443161301529606    0.03187166818358815      3.084323838922817
                      0       1.61217009126752    0.03203699163540409     0.1114945653706224
                      0      2.539403886850837    0.03097012184046774      8.649017301468991
