#! FIELDS time e sigma_e height logweight
#! SET action OPES_METAD_kernels
#! SET biasfactor       5.011348439085033
#! SET epsilon    0.001910020759284688
#! SET kernel_cutoff       3.538542402811424
#! SET compression_threshold                       1
                   1000      2.726674572585179    0.06321896844457647   0.006322704301097473     -5.011348439085033
                   2000      2.444859231791716    0.06305404047490903   0.006339242349656035     -5.011348439085033
                   3000      2.580224606702055    0.05861952422058467     0.2438438530893403     -1.434503948202031
                   4000      2.477011267451215    0.05304826939716178      0.754131509915548    -0.4053308296517106
                   5000       2.67996741693515    0.05106817172175827     0.2685533952779342     -1.475888641369363
                   6000      2.692033680505427    0.04821187699744091     0.8287330859869069    -0.4065963075403014
                   7000      2.669955656545996     0.0468012016455171      1.647458220009418     0.2507979440010047
                   8000      2.690076194388896    0.04570494440617469      2.164845565459371     0.5002109490797895
                   9000      2.424748396747072     0.0449189692146466       0.39573417834392     -1.216496939687621
                  10000       2.35739501029549    0.04449666715567115     0.2107180113781296     -1.856164749536173
                  11000      2.304314940015012    0.04417758799070664     0.1624960326396804     -2.123228652805567
                  12000      2.541856394639299    0.04318997979050024     0.6819719698043776     -0.711502765147294
                  13000      2.438945368718818     0.0420866686514399      1.090110639491763    -0.2683343355807982
                  14000       1.97552804251683      0.042071935681403   0.009500747641429641     -5.011348439085033
                  15000      2.536781030664863    0.04107972249500124      1.326445454996588   -0.09632715815793724
                  16000      2.674951995346243     0.0410695787894958      3.145261148936564      0.766820032709874
                  17000      2.728426297167196    0.04030689570008207      2.492512855873307     0.5154693819395538
                  18000        2.1514091861489    0.04029809788922983    0.01004296405793387     -4.998923276556813
                  19000      2.027045038758127    0.04028397874473962    0.01616555830414625     -4.523263052635109
                  20000      2.707841198234806    0.04021841096899198      4.082570797114515       1.00670720018344
                  21000      2.554770449188918    0.03953662716009363      1.498793496939361   -0.01245660100522067
                  22000      2.704372957332765    0.03982680462807776      5.581768119199516      1.309701199939298
                  23000      2.704411928451298    0.03972679319061404      6.105905566997265      1.396937717870504
                  24000      2.506218277047557    0.03926810860435043       1.33517863502287    -0.1348667667677052
                  25000      1.799106886585287    0.03926387707092524    0.01018021839701247     -5.011348439085033
                  26000      1.988547972969837    0.03925234020172744    0.02785572044405224     -4.005050428557214
                  27000      1.929695187859278    0.03924219080053177    0.02452375757448936     -4.132705032650815
                  28000      1.670457174535499    0.03923795537525478    0.01022003944026228     -5.008104869596556
                  29000      2.110460837416692    0.03922978988782626    0.01974603166994607     -4.349710893848266
                  30000      1.718932601193284    0.03922233837092951    0.01803093886263041     -4.440764292205603
                  31000      2.037002164438476    0.03920072454888684    0.05266727989339016     -3.369410223352212
                  32000      2.140504621196883     0.0391833868375563    0.04227504562217088       -3.5896500154428
                  33000      1.834957201603613    0.03917490430882324    0.02064535081482082     -4.306573343705085
                  34000      2.229486850826221     0.0391506117222654    0.05959280261245422     -3.247148988556663
                  35000      1.857373100673929    0.03913309287127216    0.04296985844444207     -3.574632463690214
                  36000      1.914193687280756    0.03910591592418102    0.06708082306453444     -3.129927876474848
                  37000      2.110442349328205    0.03907066528601669    0.08760324961061722     -2.863909810963675
                  38000      2.049769352755563    0.03902256017467431     0.1207527349546478      -2.54421495430016
                  39000      1.671999219125645    0.03900882327771357    0.03414470874886803     -3.807704350228295
                  40000      1.900404879181769    0.03895939142475046     0.1250781853995271     -2.510640958101089
                  41000      2.206190704182825    0.03892141423955628    0.09615210050021919     -2.774623929583974
                  42000      1.558087954396149    0.03891697848682615    0.01111076156765055     -4.932755071600409
                  43000      1.868466789390537    0.03884143319287146      0.195692121837876     -2.066069681272258
                  44000      1.586700927058012     0.0388304962445427    0.02773591457446695     -4.020165789189367
                  45000      1.805041275542489    0.03877995952264615     0.1307112257021576     -2.471205729141729
                  46000      1.557284292026735    0.03875848091247304    0.05513203906447636     -3.335019228699765
                  47000      1.953867406256983    0.03868680540832894     0.1889390043106755     -2.105177010368212
                  48000      1.661701960520475    0.03865726274970055    0.07696944248951519     -3.003956680792123
                  49000      2.317623127302786    0.03853366816642036     0.3389061586070301     -1.524844233440995
                  50000      2.135486497432849    0.03846503943804406     0.1857310221967539     -2.128050569142219
                  51000      1.972232209847266    0.03836325657586742     0.2826988008606209     -1.710617676744396
                  52000       1.92836156866141    0.03820548933805704     0.4583797889546058     -1.231422561951064
                  53000      1.850033083658988    0.03807722901239425     0.3740342220439943     -1.438136105440587
                  54000      2.702590865385557    0.03874660718082065      9.067326142420281      1.767376051405007
                  55000      2.558123886762783    0.03828927395881297       2.02969250395849     0.2587095471451007
                  56000      2.325273008649591    0.03815999404376679     0.4798758051421403     -1.186784819573995
                  57000      1.992065857049897    0.03805535733133888     0.3894904801272963      -1.39821854591613
                  58000      2.004041204201299    0.03791988219387501     0.5206074188532637     -1.111628027482397
                  59000      2.184871093119192    0.03786976239351569      0.186641845308555     -2.138755358918762
                  60000      2.143723844817457    0.03779017008426814     0.3032171597494598     -1.655601575431973
                  61000      1.743661756457259    0.03776946394486446    0.07712317995183157     -3.025195013929919
                  62000      2.609946199684066    0.03733205165435806      2.335081999572324     0.3735546972228481
                  63000      2.517762961069788    0.03690829392984129      2.474265017201493     0.4200351204858864
                  64000      2.375825331845416    0.03676626267970026     0.6549422281337574    -0.9129721611099461
                  65000      2.443020111790959    0.03650379294194187      1.379535671010717    -0.1751814185467876
                  66000      2.661035115320275    0.03619638645297467      6.518076139933156       1.36919399172035
                  67000      2.693481436026893    0.03619519441684302      9.138385558769052      1.707065532037834
                  68000      2.559984717729409    0.03586341121220345      2.611134476086526     0.4451578193213439
                  69000       2.04425899247405    0.03580667692725763     0.3471087053282993      -1.57432745611279
                  70000      2.459487054476546    0.03558018304166833      1.647705301310902   -0.02317214201094067
                  71000      2.378743488835526    0.03545388618744749     0.8557174629718994    -0.6819267147286669
                  72000      2.547038683334484    0.03512322195609296      3.175175166429755     0.6198807450353198
                  73000      2.719887774975309    0.03490429595352892      7.940268509633426      1.530212444656692
                  74000      2.674507518779249    0.03472158380104947      8.759187559915338      1.623120099264706
                  75000      2.371350751447227    0.03462111781090143     0.8726435222088288    -0.6861088680505713
                  76000       2.62929076781041    0.03430580480749467      4.525011540019372     0.9505901414302034
                  77000      2.011514442962169     0.0342518871657437     0.4819611787181945     -1.290494609555716
                  78000        1.8935479938625    0.03421377654259013     0.3379523061283258     -1.646566675966883
                  79000      1.550088077174168    0.03420767291932526    0.05280168800792608     -3.503106707884844
                  80000      1.687738024773202    0.03419906383593239    0.07470579596218321     -3.156343891744651
                  81000       1.80660089303269    0.03417763323027986     0.1883991725440279      -2.23196544008523
                  82000      1.885948519042896    0.03413094046831179     0.4219627125925131     -1.426978571845101
                  83000      1.963468670896608    0.03406925367761299     0.5700293971016711     -1.128016581968764
                  84000      1.607489816703132    0.03406203563960349    0.06374477692846241     -3.319029151324373
                  85000      1.542665458940324    0.03405335662282584    0.07682531701578917     -3.132636999761489
                  86000      1.673381448717238    0.03404108492345552      0.109120099252254     -2.782082562325545
                  87000      1.744485582441512    0.03402879462378288     0.1094683771931808     -2.779257059515071
                  88000      1.898389306633068    0.03396494021091791     0.6003271956245947     -1.079296186256098
                  89000      1.935371592581733    0.03388786175757207     0.7426030235766639    -0.8688813378418727
                  90000      1.640495329888922    0.03387460325372922     0.1207498950013374     -2.685712851161831
                  91000      1.998920415048928    0.03379507272745137     0.7791170495831505    -0.8236235358484291
                  92000        2.2679391189114    0.03377110924044057     0.2234846614811728     -2.073151377448645
                  93000       1.60026566055225    0.03375695033541214     0.1311864928284905     -2.606293589015703
                  94000      1.822705049906472    0.03371996324687761     0.3515098127856197     -1.621772170273833
                  95000      2.500737162242408    0.03351935023064872      2.460493988566185     0.3181404668219224
                  96000      2.371910187723787    0.03342439473400648       1.00665048770282    -0.5784300768092291
                  97000      2.514420823169438    0.03319832109075379      3.232362180040094     0.5813679379025427
                  98000      2.729848958267218    0.03297884316576766      7.164355358618264      1.370639763801464
                  99000      2.737173936393589    0.03276069103667268      7.104980203796091      1.355680765765409
                 100000      2.524043330953476    0.03255308971314978      3.608425751871674      0.671799321411032
                 101000      2.409606208508905    0.03246102239052046      1.234902144700764    -0.4033127718157874
                 102000      2.610169965333361    0.03227375678918193      3.270091084974669     0.5647276937095376
                 103000      2.647307616375494    0.03206649958851774       6.38367993284092      1.227212019488068
                 104000      2.098073481639958    0.03205018863529604     0.2165862311273021     -2.156808007854538
                 105000      1.893491272468915    0.03199916212667163     0.7145944889398889    -0.9646748888200822
                 106000      1.466079011799755    0.03199765604235716    0.01980437592792593       -4.5505342700206
                 107000      1.994404261421174    0.03193856893543529     0.8455032548497364    -0.7983534862512133
                 108000       2.03679927316631     0.0318935888135069     0.6351963183586494     -1.085760715363905
                 109000      1.795331617451655    0.03187225563783015     0.2927943117334116     -1.860893584310503
                 110000      2.227370278308533    0.03185942627921593     0.1745304110080452     -2.378667542865965
                 111000      2.592058946113429    0.03168670096016668      3.464297611066353     0.6040624050086897
                 112000      2.568844135760386    0.03151765111671614      3.531030960223797     0.6177930646076083
                 113000      2.469999386054818     0.0313965630603673      2.190338543387502     0.1364099859279991
                 114000       2.50058364666266    0.03124082255592455      3.333293685482265     0.5513420025178822
                 115000      2.662482416342518    0.03109309157309591      7.628626436497742      1.374548904035632
                 116000      2.555919403655405    0.03093666899510961      3.848148877050427      0.685189838499129
                 117000      2.215921761939641     0.0309251911353631      0.188991862695892     -2.328824782721143
                 118000      2.721392910129558    0.03078762072187986      7.839114671181719      1.391894025741477
                 119000      2.461821626922964    0.03068318009655024      2.241729505427565     0.1366177312268831
                 120000      2.468320690546484    0.03056762656659752      2.651460143431672     0.3007074171426275
                 121000      2.263758488890726    0.03055490554963181     0.2291307696950572     -2.148281706748876
                 122000      2.484564477125196    0.03042440475543781      3.344069520347789     0.5280889967200021
                 123000      2.609909253005007    0.03028317648839287      4.143168722980739      0.737708651787467
                 124000      2.733241657825957    0.03014680630035562      7.065440049669408       1.26694972838722
                 125000      2.281392459973331    0.03013215479769537     0.2913954650719129     -1.921825642848494
                 126000      2.261649601750945    0.03011687130542735     0.3050461182880747     -1.876551345311063
                 127000      2.512105932960705    0.02998482818373434      4.117754166905932     0.7216548739257701
                 128000      2.504831064012451    0.02985371218058312      4.323137875352333     0.7659461296623695
                 129000      2.312562871152406    0.02983336315402635     0.4345318597260883     -1.532203237967164
                 130000      2.525878303694135    0.02970149703752092      4.867002744632913     0.8793311823981833
                 131000      2.472738137109878    0.02958552868465888      3.714624107804888     0.6052182745345943
                 132000      2.631429685668103    0.02945832061228413      5.266585557274831     0.9500140922232794
                 133000      2.357640704580061    0.02942764909656941     0.7324730741690436     -1.023738581937822
                 134000      2.614645221951815    0.02930723375192716      4.697194223879105     0.8304551658745128
                 135000      2.673005419149097    0.02920830893678721      8.084923832047876      1.370109731292122
                 136000      2.368288654653132    0.02917502761170624     0.8593818462957074    -0.8725733691935554
                 137000      2.355940430564205    0.02914130767882236     0.8770071538003146    -0.8534280162465026
                 138000      2.341610130268277    0.02910869987051293     0.8505837467536231    -0.8851398724267387
                 139000      2.571007098680028    0.02900208816792157      4.062802783744379     0.6748963472242421
                 140000      2.362886798392418    0.02896252977578062      1.085209912055668     -0.646568208771219
                 141000      2.569543875475862    0.02885610066365276      4.345924850497976     0.7372154598923909
                 142000      2.729677010526047    0.02875331144379825      7.180118324989974      1.235724241770289
                 143000      2.446102829270357    0.02867757858127383      2.589491548415063     0.2132325642053275
                 144000      2.494916954421485    0.02857649754046026      4.468355405461143     0.7552604761363448
                 145000      2.333157499024782    0.02854634174921232     0.8918643647778609    -0.8572569845967368
                 146000      2.354030500938218    0.02850772606122421      1.181478582992073    -0.5774027313016352
                 147000      2.509651525361582     0.0284071624188657      4.934139667833929     0.8484750739245529
                 148000      2.483105275727193    0.02831154486004536       4.47257763131102     0.7468899985505666
                 149000      2.718528048857506    0.02822642667184501      7.861063321228272      1.307835972816014
                 150000      2.655642119535362    0.02813249135985012      6.762012867128453      1.153901229438714
                 151000      1.573861367833455    0.02812967924162074    0.08609277593420216      -3.20984911677232
                 152000      1.985272123088922    0.02810989548444738     0.6374712211547074      -1.20846904165737
                 153000       2.67347384190261    0.02802880785569713      8.037628724911333      1.323022376013383
                 154000      2.643451816107346    0.02793711601859115       6.48513691579162      1.105124495991315
                 155000       2.59306312215146    0.02785508147938754      4.062667693834858     0.6345106716588503
                 156000      2.248749849087064    0.02784795758774272     0.2381208407797377     -2.202561934500761
                 157000      2.675915999113213     0.0277750672498287      8.484841790066454      1.368075447211195
                 158000      2.653811068351363    0.02769335590571497      7.582181124610352      1.252648868773998
                 159000      2.378178571253278    0.02766349031193988      1.145064957709064    -0.6387696906660664
                 160000      2.460577233062368    0.02759475010439257      3.331855223921965     0.4268102519562531
                 161000      2.529145433867994    0.02751452658338691      4.670193067026654      0.761569955178975
                 162000      2.541122416703989    0.02743558964465014      4.686617730324676     0.7622076565324465
                 163000      2.635439090959599    0.02735452825705901      6.488342185659485      1.084544576665428
                 164000      2.544466936965214    0.02727779125342598      4.796027990838899     0.7795163751283306
                 165000      2.652388469114829    0.02720488754943322      7.728233145767256      1.253932349675942
                 166000      2.744626013986001    0.02712891573759718      5.223561134072558     0.8594349770973335
                 167000      2.636322456754313    0.02705289594231027      6.445750214033204      1.066870528310046
                 168000      2.599277789423798    0.02698449665194566      4.295719424554138     0.6585369850070354
                 169000      2.527291283784341    0.02691433861606751      4.739689024388804     0.7542861433138031
                 170000      2.372532900792092    0.02689070444156023      1.082879367127056    -0.7229403210066828
                 171000      2.419394905533614    0.02685975650612083      1.477735025693101    -0.4132049089742678
                 172000      2.346097832305376    0.02683571362708939      1.116050967851264     -0.694814430766395
                 173000      1.465518030710132    0.02683522061205918    0.02086095774572173     -4.674505253007815
                 174000      2.720181313515431    0.02676546384294962      7.057300811084058       1.14683048870406
                 175000      2.701535597620152    0.02670241394806131      8.137717702822897      1.286919169349015
                 176000      2.677926561663752    0.02664166400414469      8.393170367193903        1.3155500677365
                 177000      2.071197497488714    0.02663722852259773     0.2033518955464086      -2.40485208147592
                 178000      1.714053623365976    0.02663561627476541    0.07317169628172907     -3.427041879947119
                 179000       1.46728401974584    0.02663507468503344    0.02448753781369118     -4.521706569347388
                 180000      1.904680769519265    0.02662585333258202     0.4315107622316133     -1.652924715985175
                 181000      2.521084803530975    0.02656115147561513      4.806289855005407     0.7550305617632146
                 182000      2.620818534281425    0.02649465136507307      5.578472636170757     0.9015133329267387
                 183000       2.77079246582184    0.02645105065642743      2.576851588819719     0.1275196569861289
                 184000      2.304781340639417     0.0264396317823254     0.5631535710958427     -1.393683389095379
                 185000       1.84571815475036    0.02643333825338491     0.3041955860511804     -2.009802945403483
                 186000      1.640750963253246    0.02643146552538465    0.08899320487223521     -3.238984647743522
                 187000      2.082030235615732    0.02642722337290714     0.2035978657587424     -2.411558371893261
                 188000      2.069475050746941     0.0264215980242554     0.2717373621868587     -2.123082038911937
                 189000      1.842527619617262     0.0264149072267178     0.3249833646133012     -1.944397327523595
                 190000      1.844814899759752       0.02640751183904     0.3607203006390121     -1.840348464614072
                 191000      1.753677338367492    0.02640542967129085    0.09947579894473932     -3.128615794937832
                 192000      2.598178039197988    0.02634423875035889      4.716009610326142     0.7278680660952691
                 193000      2.727734548218161    0.02628202383270355      7.267816295414805      1.157996513210755
                 194000      2.474569884979357    0.02622935370821549      3.688842526553226     0.4778473223450337
                 195000      2.657157978967943    0.02617342766321381       8.26781714142102      1.282770647709635
                 196000      1.728842956571576    0.02617165494366579    0.09025208687854978      -3.23481616820903
                 197000      2.534963387918974    0.02611255592461686      5.018199638371208     0.7811429379412795
                 198000      2.675894474498378     0.0260633851625459      9.062928509071503      1.370379202654059
                 199000      2.344192922274225    0.02604380928433914      1.126835399020458    -0.7151512976418126
                 200000      1.980935379268637    0.02603418385225283     0.5280119271150191     -1.473570530495222
                 201000      1.700819807491701    0.02603244486974471    0.09215938368025205     -3.219236692103862
                 202000      1.989519292356686    0.02602172524142657     0.5924565987695429     -1.358890446577419
                 203000      2.052731868829162    0.02601508485081462     0.3606020098977271     -1.855648400342792
                 204000      2.474556181202848    0.02596446326459566       3.88198188245197     0.5187300610346012
                 205000      2.680739769425311    0.02592184256154407      9.676365666217841      1.430427776300354
                 206000      1.892672576247178    0.02591354316566639     0.4697503874040254     -1.595132644019363
                 207000      2.025587950660516    0.02590453337040778     0.5125465474387708     -1.508290323049801
                 208000      2.668480408694752      0.025860831202921      9.587104836115328       1.41880390229461
                 209000      2.454893362327144    0.02581936766508305      3.042247418453868     0.2693768574454448
                 210000      2.657343645209434    0.02577328438554128      9.269902949414627      1.381766814488063
                 211000      2.649242834374312    0.02572522098937349      8.993641448595509      1.349645131844787
                 212000      2.734236442564071    0.02566975369799133       6.79764310509717      1.067544787588902
                 213000      2.390753274034704    0.02565276785513287      1.102358235964299    -0.7522413519330099
                 214000      2.667338600183419    0.02561116607119276      9.798649876810197      1.430928477336129
                 215000      1.841386804401147    0.02560560514595241     0.3466191185169447     -1.911062026735155
                 216000       1.83545381714908    0.02559987090927819     0.3581063366530631     -1.878682560284501
                 217000      1.915363759110777     0.0255923796991038     0.4726194248876764      -1.60151473595174
                 218000      2.353506367084278    0.02557429015389966      1.215136057875722    -0.6579009539241074
                 219000      1.849830998204661     0.0255676950384556     0.4161780297444176     -1.729657074330621
                 220000      1.928638800716066    0.02555986311798636     0.4980805109193447     -1.550314834560143
                 221000      1.954274614114518     0.0255514607585852     0.5367946509390642     -1.475789732752206
                 222000      1.867747526168715    0.02554390971190221     0.4809763918008075     -1.585882733002762
                 223000      1.855216480606467    0.02553610005595501     0.4988505710953539     -1.549700107530531
                 224000      2.704747016088672    0.02549210400003219      9.360383197912459      1.380510424533566
                 225000      2.707242374987082    0.02544846638165551      9.419637642874083      1.385107539968107
                 226000       2.67365421949673    0.02541096920076295      10.28258200399718      1.471287773069886
                 227000      2.636536433454689    0.02536096001571207      7.966652368324785      1.214130797636371
                 228000      2.641127391544573    0.02531366927097764      8.641967742705186      1.293630279882724
                 229000      2.575762102012274    0.02527324474860479      3.768963146662576     0.4622016903472486
                 230000      2.758356111403652    0.02523226212949299      3.913644625868306     0.4982479259290804
                 231000      2.699009190230178    0.02519476227929026      10.20646144639618      1.455312559498808
                 232000      2.604280023534128    0.02514903846049584      5.072332289978903     0.7542758309804191
                 233000      2.516105774313508    0.02510597105168179      4.556173398545691     0.6452442503724094
                 234000      2.556744617599339    0.02506512536534635       4.20021421443766     0.5622684175167566
                 235000      2.397564726181642    0.02505074611324489       1.12361304213689    -0.7568915265389261
                 236000      2.546384527898662    0.02500832426315585      4.624920062233548     0.6563232647235769
                 237000      2.227896753955883    0.02500622280071766     0.1541620048674375     -2.744971106151321
                 238000      2.377184883369208    0.02499098845672445       1.21495762266301    -0.6811200663492828
                 239000       2.69847500656666    0.02495580086920278      10.29393885224372      1.454316993796471
                 240000      2.377562771168667    0.02494027829906749      1.266985952192793    -0.6412196494676073
                 241000       2.69893876398196    0.02490615039686967      10.46783382247232      1.469077324368778
                 242000      2.666467243049597    0.02487227770565797       10.5538077323862       1.47589599317143
                 243000      2.505964360966425    0.02483250864071642      4.533031860727757     0.6292000653977342
                 244000      2.741317643794551    0.02478819151079818      6.155469077612004     0.9333637963508226
                 245000      1.948018367119057    0.02478187216263884      0.514209791711932     -1.549356079235484
                 246000       1.99898688324713    0.02477497291219999     0.5641888577787251     -1.456876804676458
                 247000      1.641794127928684    0.02477390862481181    0.08408557028519992     -3.360473839230996
                 248000      1.375834479298633    0.02477370288891412    0.01617718177089578     -5.008715401340046
                 249000      1.528610651483703    0.02477309587305278    0.04784232781725062     -3.924430853884869
                 250000      1.979308437818285    0.02476534087613984     0.6388214114631434      -1.33302977679049
                 251000      2.432455959653767    0.02474400195142902       1.95613785109679    -0.2147894028244384
                 252000      2.572131990922621    0.02470644230202516      4.307951436221918     0.5731819556496531
                 253000      2.553750430698954    0.02466690341617372       4.84574297459495     0.6892184225365108
                 254000      2.490739251294752    0.02462962139150442      4.393754555373788     0.5897893913103278
                 255000      2.296134697442371    0.02462440151315911     0.4373227391501083       -1.7176905024374
                 256000      2.246536050788608    0.02462201355194641     0.1966969563210172     -2.516794687014916
                 257000      2.661817959892716    0.02459230104134617      10.89969952274723      1.496824088067956
                 258000      2.675131811011733    0.02456696447047757      11.58603209224271      1.556858313089666
                 259000      2.709390034251942    0.02453383095060848      10.46148270121409      1.453408656181067
                 260000      2.494563130878201    0.02449752985428464      4.552644016545096     0.6199358946971207
                 261000      2.256053785932778    0.02449494898539668     0.2252727871768315     -2.386320853460786
                 262000      2.129394279970764    0.02449348386663976     0.1270437938744484     -2.959160862981165
                 263000      2.488184822386784    0.02445786557088455      4.472445750313864     0.6005427089209928
                 264000      2.254303330161404     0.0244551758768118     0.2370867961770666     -2.336831652698844
                 265000      2.306688625775866    0.02444870106170581     0.5857831096412152      -1.43257315200572
                 266000      1.919204350251328     0.0244428059472148     0.5318700816920433     -1.529364651694398
                 267000       1.76942419722704    0.02444155222591633     0.1098136250615354     -3.107030586028376
                 268000      1.724023310498585    0.02444051833216131     0.0904542800001874     -3.301012969087544
