#! FIELDS time e sigma_e height
#! SET action OPES_METAD_state
#! SET biasfactor       5.011348439085033
#! SET epsilon    0.001910020759284688
#! SET kernel_cutoff       3.538542402811424
#! SET compression_threshold                       1
#! SET zed      0.1392474838924915
#! SET sum_weights       345.2255064387941
#! SET sum_weights2       1007.266158131723
#! SET counter  269
                      0      2.697551819519595    0.03684041063083078      277.8303975936096
                      0      2.471789114499675    0.03422807410557464      55.07652106086255
                      0      2.528205478314954    0.03555900560700813       106.046714733221
                      0      2.360751036506413     0.0350464319262303      20.76474880975833
                      0      1.986442248783584    0.03501940548078908      7.593447719710293
                      0      2.126723070158983    0.03984138929738565     0.9922454979086323
                      0      2.047479719267933    0.03470248079043173      2.723726277667641
                      0      1.841640887462169    0.03560837775237869      4.697565993417443
                      0      1.909766800197778    0.03539796627582498      5.896333448989846
                      0      1.657630817443645    0.03734926263366567     0.5989887560518552
                      0      1.740950397435408    0.03406993376859988     0.6677899831743838
                      0      2.213505181220536    0.03733639535591302     0.8600710269926031
                      0      1.555542142889612    0.03720444412278936     0.3575408239817619
                      0      2.646476155420373    0.03210153631542787      159.7117073696056
                      0      1.602628043062293    0.03402621228273641     0.1949312697569529
                      0      2.260927706409049    0.03056113259215859       1.94623439499087
                      0      1.466352293305732    0.02844292549748608    0.06515287148733884
                      0      2.585172179406737    0.03085322817369952      41.62769980711104
                      0      2.745849203211977    0.02823628625164415      24.66716953146976
                      0      2.419618833402124    0.02901885526357622      4.557485918926782
                      0      2.303101843429954    0.02559726038079988      1.586259419887166
                      0      1.700819807491701    0.02603244486974471    0.09215938368025205
                      0      1.948018367119057    0.02478187216263884      0.514209791711932
                      0      1.375834479298633    0.02477370288891412    0.01617718177089578
