#! FIELDS time e sigma_e height
#! SET action OPES_METAD_state
#! SET biasfactor       5.011348439085033
#! SET epsilon    0.001910020759284688
#! SET kernel_cutoff       3.538542402811424
#! SET compression_threshold                       1
#! SET zed      0.1470967880572771
#! SET sum_weights       142.8588297198193
#! SET sum_weights2       397.2775988768196
#! SET counter  131
                      0      2.520858897608144    0.03852197647425729      37.99659996964773
                      0      2.395610552830876    0.04137798643623997      9.778911658054815
                      0      2.702809681996523     0.0375640903219568       119.225713411063
                      0      2.649283499663426    0.03740661525264719      65.25211807917661
                      0      2.458863803090513    0.03343850732989986      12.92351793455565
                      0      2.164382805862657    0.03698209324019656     0.4981057830493213
                      0      2.014518405382367    0.03749061777443243      1.445943493754041
                      0      1.861063665769276    0.03699513223954019      0.133258991397749
                      0       1.79489867481337    0.03741864626550773     0.8165265293630991
                      0      2.077878005341867    0.03677704340666631     0.4322217027788137
                      0        1.5630366558281    0.03568364596638104    0.07248158626531431
                      0      1.622756336488992    0.03432586783110664    0.05005756090694732
                      0      2.259530598077164    0.03730394180726285     0.4274244261389591
                      0      1.939436798390933    0.03415646464975185     0.9072195252044822
                      0      1.687618270058043    0.03622479471885454     0.1620525732837468
                      0       2.58573055780586    0.03408342355811023      6.884192558816116
                      0      2.203660008494809    0.03174800528267064     0.3408898165817941
                      0      2.756121956123178    0.03101445021048278       3.79687977503128
                      0      1.902066967896696    0.02998218897534674     0.1068924684323654
                      0      1.455591136995221    0.02892625647557856    0.01398726414420309
