#! FIELDS time e sigma_e height logweight
#! SET action OPES_METAD_kernels
#! SET biasfactor       1.927441707340398
#! SET epsilon     0.01821196306674905
#! SET kernel_cutoff       2.830433390657354
#! SET compression_threshold                       1
                   1000       2.69146868192923    0.05785834540142751     0.1509064987297364     -1.927441707340398
                   2000      2.466558142053136    0.05566206205584254     0.1568608852123671     -1.927441707340398
                   3000       2.51158267176065    0.05128427169293714      1.017306582363471    -0.1398019225129736
                   4000      1.967131412759428    0.05016018638248034     0.1740663453729661     -1.927441707340398
                   5000       2.03032375205692     0.0479318583252942     0.5369359427187076    -0.8464406570406622
                   6000      2.710409934420893     0.0459845493925272      0.686499373943953     -0.642189070653388
                   7000       2.73526687049949    0.04456041776355166      1.316147885307079   -0.02278938989995003
                   8000      2.654836204377778    0.04320662545486709      1.174377946902037    -0.1676121112018104
                   9000      2.514941109671484    0.04210555955479358      1.354077390074755   -0.05104444483401044
                  10000      2.517820701695654     0.0413541119043534      1.817973518570988     0.2255497251698174
                  11000       2.72141460886902    0.04051876569538466      1.679649485427002     0.1260057871001295
                  12000      2.568966609645154    0.03971909630825288      1.466358403781193   -0.02973042393325113
                  13000      1.863759932654141    0.03946683227010615     0.2570878259407997     -1.777221449702888
                  14000      2.158770631060687    0.03924092740916788      0.234950395093544     -1.873005165351511
                  15000      2.055055314377387    0.03867542780702395     0.8130870374465706     -0.646057222268035
                  16000      2.449086196502261    0.03806039947297863      1.350554481985689    -0.1546549690130695
                  17000      2.345926476627337    0.03786454262551713     0.2552874433770925     -1.825694578551835
                  18000      2.664596981355128     0.0373778316143669      1.859801314087061     0.1472028905123493
                  19000      2.666498333370756    0.03701804415884027      2.278446837049104     0.3405549105291343
                  20000      2.678356665662462    0.03674821435622577      2.645727750482858     0.4826912427351743
                  21000      2.662140077674684    0.03647679531403868      2.821760278178375     0.5396926537047204
                  22000      2.642688263082808    0.03614721794475834      2.755982419564276     0.5070293989330792
                  23000      2.658727840197145    0.03591375057551237      3.253314044545257     0.6664498671331026
                  24000      2.635527438615954    0.03560295486043129      3.064739658920405     0.5980466996761689
                  25000      2.545228863281771    0.03523456683667431      1.743533311408914     0.0235967439359334
                  26000      2.606920910781214     0.0348882089896858      2.544329105041824     0.3916713609035896
                  27000      2.690851405622154    0.03458422908007677      2.912647998565438     0.5181158415546961
                  28000      2.719504338482042    0.03426378643508949      2.340500556408815     0.2901092646361771
                  29000      2.570124912805172     0.0339656609783804      1.950663900192283    0.09917525707416532
                  30000      2.547737730685775    0.03367849647413352      2.109419178892635      0.168927623578268
                  31000      2.438968499624793    0.03348808233143846      1.004330530574602    -0.5788337571756149
                  32000      2.654211146973509     0.0332626080720567      3.208857838751315     0.5760043834945752
                  33000      2.441397083845494    0.03306607221450194      1.203109034526482    -0.4109277457429906
                  34000       2.65003431392923    0.03285709820831277       3.28913543868862     0.5884479844176552
                  35000      2.461733773853021    0.03265129985425511      1.507782682475856    -0.1978197460862784
                  36000      2.479838076466507    0.03243627538192372      1.793930330483819   -0.03065822702045325
                  37000      2.674848133041541    0.03224537409076608      3.300364204250347     0.5730628589923261
                  38000      2.714284111038466    0.03203332345101785       2.57473573743478     0.3181790591953316
                  39000      2.682874881083963    0.03185354053502076      3.358453757263519     0.5782846531769309
                  40000      2.644923070112296    0.03167724136669142      3.380525311471081     0.5792850378748584
                  41000      2.582715898806632    0.03149146459729658      2.121549548465224     0.1075187225066316
                  42000      2.568716766431037    0.03131035716956344      2.200556055207401     0.1383144613695055
                  43000      2.583710551120778     0.0311322987078434      2.427963643162912     0.2309541608097907
                  44000        2.2174627580794    0.03109103699476235     0.3240115815910272     -1.784401002277052
                  45000      1.770411100494934    0.03105420456126567     0.2888312683539734     -1.900522958309423
                  46000      2.210077673502411     0.0309936246688834      0.500727193252554     -1.352256885380037
                  47000      2.545920092666817    0.03082544021487924      2.538525818735581     0.2655792940419487
                  48000      2.299295572979518    0.03078244305929487     0.3609208669579617     -1.686496615094929
                  49000      2.703445611095886    0.03063577691060115      3.387569564689959     0.5479366655592841
                  50000      2.541585963669763    0.03047893883231699       2.71681278703085     0.3221507765529192
                  51000      2.470034122751107    0.03033591330900769      1.975466376150918  -0.001207783547432994
                  52000      2.493016873284211    0.03018955614151129      2.342151003977675     0.1642212188226211
                  53000      2.517656093424127     0.0300457751469138      2.737778468288476     0.3155243083069776
                  54000      2.582311210290369    0.02990740514676292      2.945186621573543     0.3839337353334515
                  55000      2.709383877208656    0.02977668567466521      3.224200804938224     0.4700662722903696
                  56000      2.453316845314167    0.02965033370608228      2.105340616873828    0.03960608528658905
                  57000      2.409065368236639    0.02955727239106332      1.260028489778136    -0.4768804124014604
                  58000      2.696750502948138    0.02944747245588988      3.713871971118842     0.6003385096354812
                  59000       2.73210600519061    0.02932336600640249      2.812470096314053     0.3181032456605787
                  60000      2.698678744994362     0.0292217346431778      3.879838004002347     0.6363616084835721
                  61000      2.653057263652604    0.02912022078051022      3.877833007384759     0.6323647371887295
                  62000      2.693526054512045    0.02902542108542659      4.076505065654564     0.6790674927051762
                  63000      2.634884347794656    0.02891851346919848      3.608116084188363      0.553323208060023
                  64000      2.335698029406649    0.02888290293042326     0.5018342531695683     -1.420580123046044
                  65000      2.628709311108413    0.02877844757217889      3.602866973796384     0.5470121067078819
                  66000      2.384146956172682    0.02872169856452661       0.89778804234997    -0.8445129491299813
                  67000      2.508514131597177    0.02861540049859793      2.667579173376587     0.2407718741421803
                  68000      2.597726432108463    0.02851120928134192      3.144592042149724     0.4016369212553229
                  69000      2.530907217743894    0.02840871163110371      2.960887413259077     0.3378403086628272
                  70000        2.4305628272569    0.02832344715519644      1.798832046300913    -0.1635169880891083
                  71000      2.649024555357332    0.02823915849606152      4.093292610168763     0.6557147370064167
                  72000      2.700978735967266     0.0281520956938577      3.950505369907562     0.6171207494543953
                  73000       2.70483542742984    0.02806605239826282      3.961679325750393      0.616884191603319
                  74000      2.687323734481709    0.02798887284725906      4.337915315479131     0.7048563613129037
                  75000      2.728072904782949    0.02789768485637105      3.345339680612949     0.4417673802914768
                  76000      2.730278573930449    0.02780843416768751      3.397039584055212     0.4538991415502367
                  77000      2.685882284200759    0.02773724315843479      4.512512144909682     0.7352854813188991
                  78000      2.633029092606689     0.0276536971407161      3.793812641074604     0.5587863562891952
                  79000      2.514965817417135    0.02756948595910249      2.785776446929191     0.2468916482510524
                  80000      2.720905274425382    0.02748976396434233      3.902651464683841     0.5811253385541683
                  81000      2.352595634367261    0.02745645842589608     0.7227388052772956     -1.106450529580546
                  82000      2.643719056135303    0.02738102538100413      4.110299819203621     0.6290016814959779
                  83000      2.620304840963683    0.02730172196227605      3.633751689379289     0.5028708513251843
                  84000       2.50124905882794    0.02722445746718852      2.729143675895589     0.2137590668135101
                  85000      2.575333264777853    0.02714695757312349      3.017396029206744     0.3113146354146921
                  86000      2.448352519649937    0.02707897271517781      2.153458650369963   -0.02851182588376998
                  87000      2.657477145629326    0.02701390925522036       4.46808350530682     0.6989668994061136
                  88000      2.504354997955022    0.02694062591027433      2.881509136366132     0.2576050045697218
                  89000      2.408131186335611    0.02688870245817149      1.504812642191349    -0.3939699465864773
                  90000      2.534951402123288    0.02681649382223203      3.148242327649522     0.3415168829966777
                  91000      2.477980924586934    0.02674741568461193      2.716022924548168     0.1912619467479449
                  92000      1.771516611812293    0.02673005969394334     0.4318085601886407     -1.648328735523258
                  93000      2.458126128660555    0.02666370348959474      2.546635890000954     0.1237318878284199
                  94000      2.622907570810635    0.02659652260602376      3.790857276364107     0.5190281037304929
                  95000      2.646583408681518    0.02653610221937248      4.399760403297086     0.6657116771624346
                  96000      2.605684040929944    0.02646948520081049      3.521512900188962     0.4405387038881958
                  97000      2.699679353319651    0.02640935556797095      4.332226565305668     0.6454553908927885
                  98000      2.399164886230405    0.02636551621837827      1.435735628877653    -0.4606102585227746
                  99000      1.950044920354154    0.02635000515218122      0.428708718713609     -1.669853659727242
                 100000      1.862911553948089    0.02633479305644157      0.421099939294555     -1.688338655409896
                 101000      2.544179780719228    0.02627115694702604       3.14193852949052     0.3189670566311579
                 102000      2.478272982432896    0.02620970642606726      2.831210626268757     0.2124896575295405
                 103000      2.485297710609602    0.02614830607374079      3.001197519610124     0.2684512311189406
                 104000      2.610338017523705     0.0260875385413853      3.655960353247757     0.4634719968045621
                 105000      2.767958366187865    0.02604342574540632      1.614512611306317    -0.3555460740289101
                 106000      2.646722700146408    0.02599025842149325      4.503361710141814     0.6682013940683044
                 107000      2.612580680994794    0.02593245541383135      3.891991535574029     0.5200717162785943
                 108000      2.612116762607026    0.02587571521574891      3.965652941257124     0.5366308479302596
                 109000      2.365027713925978    0.02584778931684118     0.9613552858177703    -0.8815307186334123
                 110000      2.626224002113485    0.02579456110435569       4.32296002510282     0.6197594561891104
                 111000      2.611279873472286    0.02574014096951787      4.095827036123418      0.563675775938798
                 112000      2.321908417549746     0.0257193905087441     0.7123313528784875     -1.186311452876216
                 113000      2.526815868421679    0.02566423652935075       3.18599322347617     0.3095179703227375
                 114000      2.542444057269716    0.02560966822505029      3.244719437135492     0.3256542693744234
                 115000      2.491531139851958    0.02555606225381251      3.134756760002041     0.2890815790500585
                 116000      2.392112628792444    0.02552205486036736      1.369363918357093    -0.5404552485275887
                 117000      2.703253720857955    0.02547120636939527      4.160728771380469     0.5688943343320778
                 118000      2.521105443711621    0.02541889355848536      3.377018333571024     0.3581413465158513
                 119000      2.516849739766733    0.02536718133332681      3.453973335335117     0.3786369626216185
                 120000      2.543433344244521    0.02531609322470513      3.464220842413596      0.379583469377932
                 121000       1.93165438252195     0.0253027148856899     0.4952844855550432      -1.56605582771865
                 122000      2.654722637818975     0.0252573512732427      4.599998824883906     0.6608287386957387
                 123000      2.680024058467797    0.02521178383068147       4.54590095680408     0.6471928736316709
                 124000      2.444791133224796    0.02516751534203356      2.402980911777666   0.007919540222377345
                 125000      2.471191613987712    0.02511972807005071        3.0351124806491     0.2395574390765729
                 126000      2.676960801075528    0.02507611465346382      4.633146269305082     0.6608074005403416
                 127000      2.635143210763021    0.02503179215975103      4.506701072309625     0.6313675574336653
                 128000      2.366092207869511    0.02500673884366414      1.119511912917879      -0.76230642164597
                 129000      2.653738595428766    0.02496496740086749      4.759606640202145     0.6832940021517837
                 130000      2.540916851093925    0.02491859448985438      3.450670864536789     0.3598383948464568
                 131000      2.385449894523676    0.02488975093040041      1.395563197982715    -0.5465903927562957
                 132000      2.594661579612182    0.02484416248623857      3.669772905410111     0.4184080342314085
