#! FIELDS time e sigma_e height
#! SET action OPES_METAD_state
#! SET biasfactor       3.469395073212715
#! SET epsilon    0.007640039155174105
#! SET kernel_cutoff       3.122291642622147
#! SET compression_threshold                       1
#! SET zed      0.1329021330067082
#! SET sum_weights       149.9348007939791
#! SET sum_weights2       362.6573870551923
#! SET counter  134
                      0      2.688481650477708    0.04220421160631087      136.1574174756939
                      0      2.459416176675299    0.03619246988777983      23.13627744505212
                      0      2.528473191526171    0.03953905480404526       34.0333024466611
                      0      2.379422808788322    0.03559942110379165       8.94747504452015
                      0      2.106101168586296     0.0337543356803225     0.3263547699400236
                      0      1.866219136077884     0.0369043791625932     0.7584354651279032
                      0      2.625670012602916    0.03567951816181084      45.10847526832957
                      0      2.305939202532048    0.03237085519921798     0.9427586294625477
                      0      2.029775227251282    0.03478022434285297      1.205029042984347
                      0      1.655093526729067    0.03416910008958873    0.05467371361737056
                      0      1.924886836577257    0.03363182709772049     0.4454366843431532
                      0      2.207410786898915    0.03164739250488303     0.1950294534360354
                      0      1.779121629616112    0.03261545644760435     0.3255278230680954
                      0      1.975470589861002    0.03176710775671875     0.4053896225595187
                      0      1.728277755686547      0.030567124600055    0.08867245699886746
                      0      1.696154074269135    0.03051817605469608     0.0953337026957535
                      0      2.175107578200374     0.0302674550642123     0.5255459771819277
                      0      1.591079526914855    0.03047575404467504    0.06561852771795523
                      0      2.260882448327282    0.03030299823845487      0.184257786072635
                      0      2.578660849129427     0.0300374140504044      24.51459355657278
                      0      2.419551023944917     0.0279144743132635      1.992376991873765
