#! FIELDS time e sigma_e height logweight
#! SET action OPES_METAD_kernels
#! SET biasfactor       4.240371756148875
#! SET epsilon    0.003891431002318289
#! SET kernel_cutoff        3.33135957893421
#! SET compression_threshold                       1
                   1000      2.668759958183782    0.06284082615044533    0.01375115918422312     -4.240371756148875
                   2000      2.450390556415065     0.0624949438374419      0.013827265865069     -4.240371756148875
                   3000      2.318935302477293     0.0589345179562743     0.1886761248730785     -1.685640958688205
                   4000      2.616590448260354    0.05573762396015795     0.2314487303982505     -1.537086065217212
                   5000      2.465009472491547    0.05274320210089908     0.3045967724334033     -1.317676102954807
                   6000      2.662165815060232    0.04940103439013168     0.9475203725653651    -0.2482800400444105
                   7000      2.176026464382939     0.0490199209301669    0.06187240627026758     -2.984798774971391
                   8000      1.893165831768784    0.04891041602222814    0.01766769277264263     -4.240371756148875
                   9000      1.684847751998143    0.04880177519268424     0.0177070239812179     -4.240371756148875
                  10000      2.396340406989657    0.04657512789820493      1.009368139408413    -0.2439533691334702
                  11000      2.622746922788057    0.04627683483113284      2.165400964944165     0.5129024935570611
                  12000      2.585090730805661    0.04550295739875745      2.744781923718346     0.7331343862916596
                  13000      2.728420402668344    0.04441522024420587     0.7726629452988186    -0.5586747132606051
                  14000      1.410789848995964    0.04438212604683189    0.01947032016337011     -4.240371756148875
                  15000      2.465768818482544     0.0432202212347548      1.075551746079525    -0.2552023102736156
                  16000      2.514509939561977     0.0420858390360992      2.041887652669631     0.3592414568922341
                  17000      2.652692736318432    0.04149331491884915      3.225178444153245     0.8021760459833598
                  18000      2.669092555669403    0.04096998801095136      3.762665902969697     0.9436229596221311
                  19000      2.632184463102764    0.04081021686693307      5.074873873916211      1.238889573433755
                  20000      2.311255927717849     0.0406385842341957     0.2993152728033877     -1.595884433330155
                  21000      2.323291531150224    0.04036213638318326     0.5159567699003542     -1.058184731229783
                  22000      2.766473983156031    0.04001583024769258     0.6958703293564252    -0.7676613746078998
                  23000      2.497976462776899    0.03939533156122257       1.64781759543988    0.07875450175047145
                  24000      2.449961818278411    0.03882283813825737      1.663958385669058     0.0738634565278513
                  25000      2.535733493426946    0.03820596519098794      2.435460448428216     0.4387829325532923
                  26000      2.281839222870737    0.03803789495468277     0.4333839751748783     -1.291892828996021
                  27000      2.306612749608646    0.03777148753662445     0.7541684394988228    -0.7449295835575674
                  28000      2.692909586218763    0.03724265273782224      3.183180652465556     0.6809910233090837
                  29000      1.897335283088704    0.03722940003909846    0.03696567655124854     -3.775011247111115
                  30000      1.829829463147939    0.03721678475385857     0.0352320204006278      -3.82338463904892
                  31000      2.055513391697874    0.03720756225147204    0.02574651654656152     -4.137288476041678
                  32000      2.051552136559629    0.03719056896935127    0.04770577648202259     -3.520992143582324
                  33000      1.928878800572844    0.03717010819945577    0.05767615233047666     -3.331751162381861
                  34000      1.804644924710128    0.03715180591347232    0.05165718396005483     -3.442458184673686
                  35000      2.059670094707565    0.03712279555669749    0.08258309681481887     -2.974063604248819
                  36000      1.990925306336628    0.03709923491869676    0.06709542019519847     -3.182387705717538
                  37000      1.641518550166687    0.03708682590548659    0.03521025534531785     -3.827500646331065
                  38000      1.925753430886996    0.03704589871780536     0.1183019739444966     -2.616701734698591
                  39000      2.208133900599045    0.03698870342301014     0.1678748737076145     -2.268268385526119
                  40000      2.028701322884302    0.03693993563208543     0.1434321575340279     -2.426944455322619
                  41000      2.753505862232576    0.03658327206733965      1.408264460349102    -0.1523954065821336
                  42000      2.719529886936411    0.03613855646623884      2.969385599908906     0.5813708420142129
                  43000      2.766638849841109    0.03577832133521755      1.799194739369725    0.07033679625675104
                  44000      1.724960956006815    0.03576559820423756    0.04491312056862418     -3.620383384191006
                  45000       1.86492510147068    0.03573095768844774     0.1244528186903426     -2.602155688308881
                  46000      1.710718524756675    0.03570683514315078    0.08638447445620029     -2.967949744283258
                  47000      2.090908716280179    0.03566669204527859     0.1459446687849606     -2.444655014908838
                  48000      2.039046315914101    0.03558993104385632     0.2888716863531691     -1.764054481537271
                  49000      2.155772521360989    0.03554666902474383     0.1601571559628232     -2.355097829730027
                  50000      2.627975036116917    0.03550918461882265      5.769814782996058      1.228086802457678
                  51000      2.482464781723482    0.03513877955057869      2.797521489456471     0.4936946317134352
                  52000      2.697573371615003    0.03489214273288138      4.998056922332354      1.066966326415563
                  53000      2.365720818001095    0.03473215833060032     0.8847679412288021    -0.6691084330554299
                  54000      2.668901027849043     0.0346435396051596      6.337579307527471      1.297263581696115
                  55000      2.642223000552382    0.03456019557927222      6.888708148395786      1.378241611661698
                  56000      2.347131833764351    0.03441240962547522        1.0049072972311    -0.5510320222735189
                  57000      2.456020086544571    0.03414929086381167      2.297879781462079     0.2683841218819377
                  58000      2.531786951998337    0.03388279403984776      2.561232306147163      0.369051285129041
                  59000      2.706449841080833    0.03363660440538244      5.303544360448647      1.089645672890772
                  60000      2.621182888565069    0.03344938153715387      6.263259895607654      1.250389534673731
                  61000      2.075239202477083    0.03341613842554803      0.259692679851121     -1.933561940195602
                  62000      1.795413188968011    0.03340484439766642    0.08656956122261945     -3.032450643147219
                  63000      2.123468442008547    0.03337823580076037     0.2076574013047154     -2.158306163737876
                  64000      1.651645600443889    0.03336878771854328    0.07265997263585906     -3.208688227395534
                  65000      1.825115597309095     0.0333505094715166     0.1420777070051161     -2.538652652097453
                  66000      2.033652838439956    0.03330817785052807     0.3389141488764201     -1.670550066115433
                  67000      1.862211545022231    0.03328459082866876     0.1859974621074837     -2.271272260155174
                  68000      1.938862141160762    0.03326441768357202     0.1590068392948433      -2.42866433781436
                  69000      2.026301112466305    0.03321304040737645     0.4211018599621442     -1.456282506974954
                  70000      1.582055310812808    0.03320776723249304    0.04131387416829987     -3.778117660027069
                  71000      1.774631239123772     0.0331898024471986     0.1428060148152421     -2.538369998095123
                  72000      1.710507951922451    0.03317261006684968     0.1368934419479731     -2.581172476578694
                  73000      2.020450434124436     0.0331062736773487     0.5618786744072779     -1.171091094950813
                  74000      1.400799734392853     0.0331012846722968    0.03966661039091078     -3.822017961996635
                  75000      2.068997073952962    0.03303219896186769     0.5939133399172932      -1.11788361300768
                  76000      1.903459543640912    0.03300104721347126     0.2579189913013062     -1.952914998086634
                  77000      1.963772331563417    0.03296175400874361     0.3300576566321621     -1.707484565027772
                  78000      1.852446772568641    0.03292501219011874     0.3094466185586934     -1.773081622472565
                  79000      1.937422196234749    0.03287742747611153     0.4085210337285867     -1.496770110724635
                  80000      2.116118520253063    0.03283094193643928     0.4013965097458048     -1.515778677647875
                  81000      1.543788744325534    0.03282580490904285    0.04247342593664126     -3.762006291808898
                  82000       1.99202919735989    0.03275396547039579     0.6474875703903318     -1.039976206306346
                  83000      2.413578418100196    0.03259460518091537      1.716696688772617   -0.06979585833160887
                  84000      1.688311293609502    0.03257387817873532      0.181168561686519      -2.31916127896153
                  85000       2.35456222526474    0.03243453979181533      1.487742127176033    -0.2178610445234078
                  86000      2.698706192031152    0.03230048354023408      6.535281726702956      1.257953094763864
                  87000      2.522671781126101    0.03210186052213307      2.962123510202007     0.4604758396466703
                  88000      2.677981122379413    0.03204476104964334      7.776301689020615      1.423870009855535
                  89000      2.686672568943106    0.03197532944783071      8.025659210648918      1.453263898755428
                  90000      2.675750297062141    0.03192369524415075      8.680021064570193      1.530027924916477
                  91000      2.734794242649054    0.03172390558570887      4.543750480322278     0.8764787218891785
                  92000      2.518510563829927    0.03156571984227328      2.746190888599456     0.3679419744938429
                  93000      2.354681936857038    0.03147275732804721      1.372623479785694    -0.3284983799031412
                  94000      2.446747690797405    0.03134576127584682      2.096371986141855    0.09094271421995596
                  95000      2.165013420522765     0.0313281599432637     0.2348149154155583     -2.098784859575184
                  96000       2.49901097760476    0.03117006282534928      3.111753574101282     0.4802999646068425
                  97000      2.556574784709514    0.03102232944239169      2.892518549924779     0.4024902807380286
                  98000      2.508887054304635    0.03086287344761186      3.602277986074919     0.6167758119989013
                  99000      2.419776141569618    0.03075434456646336        1.9662502015996   0.007814986684993096
                 100000      2.262827457075146    0.03072491331597779     0.4480495779913039     -1.472122115591231
                 101000      2.418673737568003    0.03060823148541331      2.253696851699271     0.1394963264466967
                 102000      2.686952201274684    0.03053662360732398       8.33172039315688      1.444652139694523
                 103000      2.626268048317108    0.03039290474739842      6.196961800885574      1.143923762312564
                 104000      2.569817424086446    0.03025578549578379      3.496388095972429     0.5670733230923467
                 105000      2.395297719419616    0.03016119837007283      1.995066861525395   0.002889278213317553
                 106000      2.463270428509548    0.03003896546013453      3.030671692332072     0.4169351009283526
                 107000      2.587399462382614    0.02990266073748687      4.147025719612381     0.7259942853164997
                 108000      2.706734439009071    0.02978933569753141      7.012482124596057      1.247497626510602
                 109000      2.465831745690291    0.02967236793080022      3.260063106070053     0.4776182307023732
                 110000      2.653150735115638    0.02957828296417775      7.727650394613712      1.337500703282399
                 111000      2.699857631244496    0.02948576073068091       7.88162437910499      1.354096919603488
                 112000      2.710119849939241    0.02938220831096891      7.457572469749098      1.295274724508501
                 113000      2.456271410844705    0.02927948353028905      3.155298051212816     0.4316254487348799
                 114000      2.683678901889026    0.02921634966910143      9.065132160730629      1.484819333861746
                 115000      2.585002404502508    0.02910694634136658      3.919367645418845     0.6425626152040587
                 116000      2.658555245339959    0.02902432933475249      8.437342774940642      1.406457280570343
                 117000      2.639100560937756    0.02892330268302004      7.463029682191045      1.280264484593639
                 118000      2.562107914131257    0.02882988533712693       3.32980464137585     0.4699816082313873
                 119000      2.705500402699173    0.02874381054090087      8.267851432719354       1.37645256901795
                 120000      2.465992512138346    0.02865554398348839      3.265908918856268     0.4445404759808791
                 121000      2.593758830802294    0.02855306020433614      4.699811105367168     0.8049418732391143
                 122000      2.732550081147369     0.0284499376839956      5.399798724743571     0.9401630876585483
                 123000      2.498932628987979    0.02836446543768663      3.442037226354758     0.4868560955943039
                 124000      2.464033599715149    0.02827925513580064      3.531343073150244     0.5094622121191738
                 125000      2.193054259161062    0.02827322276014371     0.1764937730049694     -2.486899081372665
                 126000      2.615695400794957    0.02817593871924753      5.980535316939585      1.032633896440981
                 127000      2.455308171896581    0.02809417984144155      3.530898567239776     0.5027702597627161
                 128000      2.541647218812531    0.02801698998720123      3.285924862463928      0.428114702586782
                 129000      2.495784659863374    0.02793267187720526      4.006430333964713     0.6233531303357017
                 130000      2.662102070553405    0.02786570153870051      8.683145327153463      1.394435862735386
                 131000       2.67007474092434    0.02780580115440276      9.188725542401913      1.448877359337035
                 132000      2.401264107172676    0.02775809983458227      1.879484028067338    -0.1398195926721484
                 133000      2.390035384399198    0.02771242381367787      1.800958234340332    -0.1841448607874522
                 134000      2.510456508329427    0.02763668200069723      3.777461417109107     0.5538515873248675
                 135000      2.507014476545805    0.02755938155848509      4.067087733058898     0.6249256424760664
                 136000      2.587981787661344    0.02748036821075607      4.453877915922798     0.7129024627428249
                 137000      2.608154640476349    0.02739804051522077      5.830754086479591     0.9792732724494403
                 138000      2.545156317735305    0.02732851349162508      3.660013373062863     0.5110528464017388
                 139000      2.502712414880336    0.02725405717991349       4.35859340358475     0.6830072265939967
                 140000      2.653723472702203    0.02719115328915416      8.524010974955136       1.35143411322473
                 141000      2.709316886740626    0.02711855075703346      7.425317329326961      1.210768882991758
                 142000      2.709324625718015    0.02704860902186536      7.705626759664603      1.245241829268039
                 143000      2.118577238922111    0.02704243526234293     0.2510290420481114     -2.179123894798191
                 144000      1.843370699372271     0.0270378666137332     0.1848885777153479       -2.4851081295496
                 145000      1.955511735062124    0.02703068215997125     0.2937540070326587     -2.022384537763908
                 146000      1.489115586529453    0.02702979219864167     0.0356242848825691     -4.132132603834437
                 147000      2.009149428256206    0.02701963876391084     0.4203915472548795     -1.664349345606823
                 148000       1.65518361047804    0.02701725565319398     0.0960724606134251     -3.140521376262237
                 149000      1.846552877584247    0.02701184670976063     0.2205156799574778     -2.309855501124936
                 150000      2.089436206644117    0.02700371097953026     0.3353513101856228     -1.890946871500004
                 151000      1.873019569963061    0.02699760689843152     0.2500748253044445     -2.184591438221155
                 152000      1.750803430998925    0.02699497987251161     0.1063959170413927     -3.039281720634738
                 153000      2.013007947641714    0.02698363879667474     0.4746523765256228     -1.544286432151355
                 154000      1.956511039824159    0.02697480919490697     0.3667273354839355     -1.802577786647781
                 155000      1.837096183383631    0.02696855657968229     0.2575966583216561     -2.156033203170434
                 156000      1.622568552490516    0.02696669779745939    0.07545192240385216     -3.384001487325464
                 157000      1.936256857621629    0.02695824963525988     0.3514243214488854     -1.845816095416145
                 158000      1.549477093677545    0.02695702329049863    0.04975628955899882     -3.800719094419177
                 159000      2.133542775805975    0.02695025014507357     0.2804503746067234     -2.071710470383503
                 160000      2.581172561018745    0.02688075168925042      4.617605478777134     0.7269421937672672
                 161000      1.634285796201369    0.02687822611079275     0.1047263381867575     -3.059432675775269
                 162000      1.855089537333009    0.02687073868814886     0.3164185962870682     -1.953995918991613
                 163000      1.737858605781037     0.0268676638797122     0.1279764352286243     -2.859330216742912
                 164000      1.738221847774904    0.02686403539230726     0.1514082982690516      -2.69133127367478
                 165000      1.584223117526594    0.02686236333579549    0.06931755004828011     -3.472675545210489
                 166000      1.974435011074127    0.02685125980560869     0.4772882346749515     -1.543666527256324
                 167000      2.176344038782457    0.02684617252293981     0.2140466900541973     -2.345782411718807
                 168000      2.228137541591212    0.02684122851994841     0.2080897016440248     -2.374191513527747
                 169000      2.416603842840177    0.02679466085598104      2.432345407856054     0.0827140639314084
                 170000      2.461978938436992    0.02673074371038837      4.095830205846386     0.6014392238286657
                 171000      2.438670893587607    0.02667299464213984      3.473730575301418     0.4345361649191074
                 172000      2.607650081213465    0.02660437375830566      6.368304286915052      1.038064298202585
                 173000      2.513216336309192    0.02654028026906968      4.562304107202659      0.702146809456731
                 174000      1.942913794540039     0.0265307236489757      0.439917930388302       -1.6372082091271
                 175000      2.063230227112582    0.02652113617977557     0.4421657005971986      -1.63247313437602
                 176000      2.278965365773054    0.02651280874722188     0.3826662978117121     -1.777308551731508
                 177000       2.18892345285588    0.02650768583585468     0.2326492481521263     -2.275133172105304
                 178000       2.11703794125298    0.02650012443023917     0.3471844563085013     -1.875094199655027
                 179000      2.036082722897011    0.02648873789486017      0.532233852030418     -1.448297219399289
                 180000      2.707113922379142    0.02643107098972776      8.136675613989766      1.276577382684589
                 181000      2.211065385202486    0.02642570230229545     0.2504661944071671     -2.204438773657606
                 182000      2.670136205058322    0.02637949870509949      9.317269717284356      1.410112219037609
                 183000      2.616466178720549     0.0263158213566747      6.797998815154069      1.092454045567153
                 184000        2.7210159161856    0.02625319199620315      6.880693053393492      1.102162400654968
                 185000      2.671564994934083    0.02620772117132803      9.407003363245574      1.413163956840399
                 186000      2.123684262953329    0.02620094949541021     0.3454835284826313     -1.891359223174975
                 187000      2.467811258518174    0.02614566571744938      4.156416227468132     0.5939920868096901
                 188000       2.57353049655725     0.0260901865078603        4.2968247042627     0.6250909945835773
                 189000      2.386905937897739    0.02605891419082407      1.882232528166482     -0.201526069847294
                 190000      2.701428678119966    0.02600936925868373      8.812917579323377      1.340330818893453
                 191000      2.183800135230981    0.02600445614942049     0.2620943450375265     -2.175127393000751
                 192000       1.69583296739906    0.02600179829438505      0.140474148533517     -2.798910664764203
                 193000      2.055852342089635    0.02599279816908312     0.4901356227477006     -1.549598201123741
                 194000      2.081144405304584     0.0259842336284758      0.466212958379122     -1.599967364055336
                 195000      1.865224972056229    0.02597853838482997     0.3063136231503199     -2.020219601444457
                 196000       1.89755606148219    0.02597280009650684     0.3090101773881203     -2.011675788027622
                 197000      1.823593490203441    0.02596807644408462     0.2534414785707774     -2.210098944039906
                 198000      2.019384548212748    0.02595794965964318     0.5580645058472706     -1.421147375664079
                 199000       2.02124432099998    0.02594697432385844     0.6085782064326166     -1.334919407296657
                 200000      2.119489421962171     0.0259396695874905     0.3986035919244999     -1.758358980875822
                 201000      1.866033925512093    0.02593296808944672     0.3651222853126065     -1.846352457014903
                 202000      2.597295714088258    0.02587512376887164      5.680437548553372     0.8959657356521985
                 203000      2.694928980318452    0.02583147312246666      9.330238282435232      1.390509628629051
                 204000      2.343673513505938    0.02581446652178286      1.015446722971869    -0.8280808727161149
                 205000      2.612710424326414    0.02575812312079394       6.79616187499607      1.070763498825755
                 206000      2.273908029522769    0.02575164541608745     0.3730774010549094     -1.831815408834828
                 207000      2.695738078137041    0.02571053613393585      9.589552053448642      1.413230490016174
                 208000      2.216671286766708    0.02570576613923705     0.2782324452560396     -2.126927612734475
                 209000      2.491051331537109    0.02565571841587053       4.39307392117797     0.6304511166271688
                 210000      2.263098840311598      0.025649542922815     0.3673279145341096      -1.85131914030561
                 211000      2.577504379812584    0.02559779885572937      4.902165944045437     0.7378389402160586
                 212000       2.21929269028581    0.02559244625705462     0.3214392345780475     -1.986994081507963
                 213000      2.511415850234971    0.02554404411013583      4.324471762101646     0.6103496170128971
                 214000      2.558819583708585    0.02549668669716534      4.230652717542061     0.5865602359573593
                 215000       2.64636926670395    0.02544877695364851      8.285802828995141      1.256866670480608
                 216000      2.291195626237331    0.02544103052947118     0.4908440833819842     -1.569610067073895
                 217000      2.583033575587987    0.02539053761967645      5.300155044202651     0.8077680814890473
                 218000      2.544790589708589    0.02534616131759015      4.022035141100458     0.5300707575675138
                 219000      2.486927866784451    0.02529900228653895      4.660403494452351        0.6755224286006
                 220000      2.368149061003823    0.02527798184429459      1.506024376031328    -0.4549375130483084
                 221000      2.285680053474774    0.02527003206937485     0.5251921044433778     -1.508716541848704
                 222000      2.120579524789352    0.02526374064052088     0.4123568998415537     -1.750840413601461
                 223000      2.523617806137442    0.02521768160867735      4.606513765784356     0.6606721752927391
                 224000      2.614425233667254    0.02516915498633822      7.191421777714385      1.104163570061784
                 225000      2.674807622499595    0.02513340054627289      9.739868968647352      1.406080763028017
                 226000      2.197284250316495    0.02512884670870906     0.3092813173366308     -2.043832108893176
                 227000      1.789338040778916    0.02512656579384919     0.1531000417657663     -2.747082581149452
                 228000      1.977345560695596    0.02511955191496242      0.483802993472311     -1.596775551969778
                 229000       2.08456597555131    0.02511246585021317     0.4896527919974757     -1.585038918758703
                 230000      1.611107496587498     0.0251111426722671    0.08862302345661864     -3.294396480128237
                 231000      1.809823498984427    0.02510775705334127     0.2293925555258149     -2.343488244629107
                 232000      2.506719429524321    0.02506266085586505      4.838663393486319     0.7036730852324208
                 233000      1.905043390982155    0.02505772229767602     0.3415422963932714     -1.947446259743925
                 234000      1.924555060495377    0.02505185848666929     0.4081118118273345     -1.769610639884672
                 235000      1.948726935506037      0.025044977190856     0.4823791782879043     -1.602696063393188
                 236000      1.485837642496566    0.02504433407060265    0.04356366119415464     -4.007228880077898
                 237000      1.792152491948077    0.02504143914593268     0.1985708280059987     -2.490421970110171
                 238000      1.773384133366898    0.02503876647146851     0.1831956317309553     -2.571119950814906
                 239000      2.660959665114898    0.02500161610683431      9.447967246605357      1.370395517017793
                 240000      1.848679877911418    0.02499637644802996     0.3709315463885185     -1.867351434418945
                 241000      1.918145967812656    0.02498998977204423     0.4557007739102732     -1.661788109082062
                 242000      1.990676505589435    0.02498224291399323     0.5580699714601066      -1.45945020074541
                 243000      1.456267083322853    0.02498159119100169    0.04511021166931539     -3.974851996234717
