#! FIELDS time e sigma_e height
#! SET action OPES_METAD_state
#! SET biasfactor       2.698418390276557
#! SET epsilon     0.01374333274381851
#! SET kernel_cutoff       2.928208142815685
#! SET compression_threshold                       1
#! SET zed      0.1317599534326846
#! SET sum_weights       1173.900001056133
#! SET sum_weights2       2781.409237193718
#! SET counter  756
                      0      2.681703316393549    0.02635565773178148      898.3165388184614
                      0      2.498056951490921    0.02886923580486923      414.1614197599071
                      0      2.443010557490112    0.02823437862897421      159.3924887925486
                      0      2.363480573999532    0.02581220870420845      34.04071000786887
                      0      2.553885641995302     0.0278935636066449      426.5857429916302
                      0      1.756912475492765    0.02838335647323576      2.417886851716858
                      0      2.720502927053626    0.02472200346556134      468.8565433975325
                      0      1.975898159490188    0.02754738934521854      9.167386220606945
                      0      1.878840119369741    0.02724710389477818      10.11844207710699
                      0      2.285219952495811    0.02667549769375918      9.947642485526432
                      0       2.64117434435339    0.02380737414026702      586.8366396159483
                      0      2.223028862571369    0.02674966944145601      8.158888546372562
                      0      1.672077167546631    0.02292931578260148      2.288323077718158
                      0      2.067816747354408    0.02425326345497103      6.263032796260871
                      0      1.931475827460223    0.02369664471712739      5.812406338889051
                      0      2.139636766537087    0.02663102399294262      2.827220258187654
                      0      1.630010134399281    0.02381990685922549      1.269853707232734
                      0      2.782537974334145    0.02155691332701067      5.833011518410399
                      0      2.599109088624326    0.02304281087043063      162.0055446623978
                      0      1.454184274994315    0.02412549924792557     0.1674043443620536
                      0      2.021208852773063    0.02198462526631859      7.354243915666077
                      0      2.400497881507047    0.02193841364476386      35.34010354234329
                      0      1.800888596812448    0.02177697232588157      2.409947272000538
                      0      1.837094803637575    0.02169046373365594      4.752673343310886
                      0      2.319087009553408    0.02109586644680715      4.692415032006872
                      0      1.587081209752277    0.02341274958766833     0.9479160995836446
                      0      2.107366732304376    0.02142820057935154      2.350800302146615
                      0      1.713012210033081    0.02101828280520004      1.107070991581251
                      0       1.49704884373217    0.02107403737272842     0.1959759435436252
                      0      2.179893147194349    0.02000168463454231      1.672443473598266
