#! FIELDS time e sigma_e height logweight
#! SET action OPES_METAD_kernels
#! SET biasfactor       4.240371756148875
#! SET epsilon    0.003891431002318289
#! SET kernel_cutoff        3.33135957893421
#! SET compression_threshold                       1
                   1000      2.690980833908838    0.06284082615044533    0.01375115918422312     -4.240371756148875
                   2000      1.976706960162257     0.0624949438374419      0.013827265865069     -4.240371756148875
                   3000      2.099174349063321    0.05828293135381321     0.2385227337487188     -1.462325937889051
                   4000      2.412158091842461    0.05802391560943213    0.01489272474266446     -4.240371756148875
                   5000      2.642301705285045     0.0549966896790938     0.2373089040236125     -1.525464160474781
                   6000      2.557110347662588    0.05085379686026564     0.7510845719528784    -0.4516267957676147
                   7000      2.349163566561602     0.0502415136706927     0.0829183074331421     -2.667402315389316
                   8000      2.442161015166932     0.0479642994720923     0.5012298754624049    -0.9145780389104895
                   9000      2.507785960785189    0.04758486218128421      1.959079232592276     0.4406447106060608
                  10000      2.752591016503803    0.04714808519981687     0.1306719517467859     -2.276116446423718
                  11000      2.643712656151809     0.0454145986556999     0.8823333877631774    -0.4036962563046136
                  12000      2.350967949051289    0.04453982710936318     0.3982960046912273     -1.218520601842219
                  13000      2.657769055206168    0.04328180484811583      1.644204588818214     0.1706445077573266
                  14000      2.310183125907129    0.04249922832378529     0.5352556761289129     -0.969869390481232
                  15000      2.691890146996015    0.04165934207910921      2.005555513834821     0.3311021674979088
                  16000      2.700511618276902     0.0412746344457306      2.796416932814247     0.6542425018470991
                  17000      2.389023558121273    0.04066687321415075     0.7183707662673512      -0.71970018279046
                  18000      2.663071725093809    0.04055225014551142       3.59583005224916     0.8880215627138901
                  19000      2.626823768414398    0.03988706531755135      3.062835082877792     0.7110485163145713
                  20000      2.670105003041332    0.03947045428225874      3.931504832045733     0.9502300984522822
                  21000      1.461893914305733    0.03945763872532537    0.02190030198406758     -4.240371756148875
                  22000      2.719661128801141    0.03878242182465243      2.926247151231177     0.6373433022949968
                  23000       2.68089426660107    0.03833649596346458      4.146687468417837     0.9743675925943696
                  24000       2.65552168847046    0.03786148822492297      4.154970787461399     0.9638952890090465
                  25000      2.653392596340971    0.03741063163905035      4.343346598401702     0.9962555268112095
                  26000      2.518567669635555    0.03718287478734434     0.7825136295402064    -0.7237402008946561
                  27000       1.88774676481264    0.03717431486716267    0.02615341652284718     -4.122501946016815
                  28000      2.571947692424565    0.03683944787328692      1.335884573575134    -0.1981816637427941
                  29000      2.220454299068757    0.03681544898827255    0.07767329106200201      -3.04367082075658
                  30000      1.731370338804626    0.03680814305022086    0.02347671281552682     -4.240371756148875
                  31000      1.866844820231612    0.03679544929041498    0.04095989713480434      -3.68413219489172
                  32000      1.907789667880041    0.03677741964093668    0.05845968612953524     -3.328878390380035
                  33000      1.941277264401133    0.03675594953578031    0.06992013993762043     -3.150446003776982
                  34000      1.786494903922316    0.03674597161579412    0.03235200819499937     -3.921395141305034
                  35000      2.020719440305168    0.03671676066624951     0.0959683281263157     -2.834848274810462
                  36000      1.941360981662646      0.036680398126514     0.1204533171773294     -2.608595071274404
                  37000      2.050220217398131    0.03663154370699752     0.1639151225010568     -2.301841373932421
                  38000       1.69507788176449    0.03662053502923159    0.03627657398855086     -3.810318503485076
                  39000       1.53060326837756    0.03661215623634085    0.02760298513775696     -4.083795594297813
                  40000      1.944961517172965    0.03655700754650414     0.1874594378278139     -2.169664458024353
                  41000      1.948769699362551     0.0364789879312112     0.2714026131422275     -1.801760043762652
                  42000      2.201093058138307    0.03644385364670179     0.1199016874754296     -2.619654885243352
                  43000      1.657310487404381    0.03643045964127112    0.04526616831233513     -3.594134696059147
                  44000       1.82820973262653    0.03640963175346738    0.07084857308170169     -3.146721667008705
                  45000      1.776246732657214    0.03638525502836937    0.08333298836652668     -2.985091740683588
                  46000      1.699097354500076    0.03635753260486205    0.09527548293824946      -2.85192591871537
                  47000      2.496425710350969    0.03605199264502423      1.375773936926772    -0.1903659895482403
                  48000      2.581145675316046    0.03565217980961394      2.554871476090251     0.4174676469889824
                  49000      2.369168689326639    0.03549002698273416     0.7074729835135239    -0.8711486713132511
                  50000      2.545864834567222    0.03513767468366329      2.284552457934687     0.2910994897322098
                  51000      2.544996765639397    0.03478762844684319          2.77914472123     0.4770604830840601
                  52000      2.595078402428622    0.03447491814368845      3.815489301192408     0.7849564007926401
                  53000      2.584882517389493    0.03418917920059387      4.111526616822666      0.851359033296457
                  54000      2.517211299472234    0.03389347641909445      2.802795735971572     0.4594953937983401
                  55000      2.443737679565991    0.03374760983585398     0.9441251760659443    -0.6329314869524959
                  56000      2.488616329476255    0.03348686614957586      2.379754545853772      0.283806094869331
                  57000      2.455904229456734    0.03327145829224481      1.780677282566014   -0.01265085334665737
                  58000      2.664324363489925    0.03317219559138666      5.815129835867355      1.167830594100624
                  59000      2.344156434917227    0.03308117056731427     0.6627729854318237     -1.006703059250494
                  60000      2.368428869112378    0.03296605450035074      0.884128690966744    -0.7220188306084621
                  61000      2.195283256774769    0.03294552873651021     0.1408938546837389     -2.559237484682526
                  62000      2.667820457586881    0.03284218845223157      6.007023804679722      1.190298778661818
                  63000      2.621081190932887    0.03264392650768938      5.005357841558529      1.001823165081905
                  64000      2.298880440561126      0.032582265384359     0.5139354174999573     -1.276234096797924
                  65000      2.347848611616881    0.03246759318822432      1.055205853166115    -0.5603662336451539
                  66000      2.587110023296121    0.03225605793983823      4.378728226870987      0.856119629539231
                  67000      2.543625999415943    0.03204307283174102      3.660306984581309     0.6702834809532111
                  68000      2.595630566624633    0.03186495077565361      5.048246133640843     0.9862030044605301
                  69000      2.737929037045183    0.03169097657009567      2.420325532560715     0.2455894760637724
                  70000      2.521380893167805    0.03150122042640252       4.15128914684778     0.7791006503536098
                  71000      2.669840233414932    0.03143259995368979      6.914822427202913      1.287168292628944
                  72000      2.681471332885665    0.03134788972327223      6.973486316699383      1.292917677768118
                  73000      2.526574122431956    0.03116886710786243      4.414326030774681     0.8299303532953894
                  74000      2.715495199265085     0.0309984896687637      4.756705221989727     0.8991491690354247
                  75000      2.701375757533487    0.03086648028527124       6.20143892184245      1.160107601761362
                  76000      2.645864599550833     0.0307610693571704      6.942528739668255      1.269571426210055
                  77000      2.486583685919626    0.03062018071003993      2.837041343405131     0.3700764583410519
                  78000      2.433893987362346    0.03054309216690973      1.248823035170004    -0.4530044819289537
                  79000      1.796409979943475    0.03053670548288307    0.09014807791891502     -3.081716794210943
                  80000      2.592632409661228    0.03038899174952561      5.306995446142022     0.9887617128689253
                  81000      2.583415911302211    0.03024685354957258      5.464313718289548      1.013286138074497
                  82000      2.566165356198443    0.03010691122337775      5.398596792413411     0.9965492584725114
                  83000      2.397912435905811    0.03005163507663536     0.9802447335285425    -0.7113805012571299
                  84000      2.701286961718609    0.02992702601534119      6.073791544239843      1.108400436712629
                  85000      2.391896064849087    0.02986832675529573      1.108779905702543    -0.5942857224027429
                  86000       2.41562931112844    0.02980199687528755      1.296729646355603    -0.4399237234809917
                  87000      2.637192957148413     0.0296976218017246      6.762535269325847      1.208120265950563
                  88000      2.396388776369251      0.029631167619688      1.377366858408689    -0.3853441918803272
                  89000      2.522744525877177    0.02950335660752182      4.222063818191171     0.7304835428988681
                  90000        2.5184016372886    0.02937812505026676      4.403611098960657     0.7683306979135289
                  91000      2.295932001888889    0.02935402547428877     0.4779457399024866     -1.453172938985567
                  92000      2.747240516037317    0.02925901951295366      2.457880603132003     0.1811427585001348
                  93000      2.696238480680387    0.02915556635291587      6.409508120449706      1.136083819556739
                  94000      2.715629214211123    0.02904044647692952      5.345119645773069     0.9505289310088016
                  95000       1.96904516712635     0.0290317157771199     0.1824533155919238     -2.427216626004504
                  96000      1.906225996494439    0.02902404143726551     0.1601984382655786     -2.557562053650418
                  97000      2.129014517701025    0.02901907703755529     0.1030954968171762     -2.998490686358056
                  98000      1.819631254391348    0.02901461563273975    0.09261373632620387     -3.105862679734331
                  99000      1.866105547511749    0.02900900108423026     0.1169496328879631     -2.872750323187452
                 100000      2.046052204320913    0.02900207814410317     0.1447794357325056     -2.659520902199618
                 101000      1.798658064700932    0.02899634271541679     0.1197400829894015     -2.849606713855215
                 102000      1.952247688769225    0.02898531153395276     0.2334703448785538     -2.182255571978849
                 103000      2.044330098874803    0.02897733471793471     0.1678770656086935     -2.512353919034033
                 104000      1.930631506412208    0.02896503893555748     0.2618591569870546     -2.068203501961267
                 105000      1.893570685712133    0.02895505148744014     0.2119152860459525     -2.280168561649697
                 106000      2.553032882097472    0.02884275739456895      4.853036573087505     0.8471189622754134
                 107000       2.16021904481463    0.02883711568396003     0.1220142175148639      -2.83629896979688
                 108000       2.23445530285265    0.02883111800597001     0.1299429638110705     -2.773548936782923
                 109000      2.575330799972693    0.02872360974111708      5.412130082254905     0.9520176073377802
                 110000      2.736652810896397    0.02862311298358073      3.582210932414841     0.5358501641844502
                 111000      2.244104650205408    0.02861551576286591     0.1740527146782658     -2.488792550039112
                 112000      2.697662162224766    0.02852581009819685      6.634405488374354      1.148733794123602
                 113000      2.713422012529072    0.02842954340515285      6.090527653275242        1.0598190235361
                 114000      2.711467723476221    0.02833914386530384      6.487737378673763      1.119813300157791
                 115000      2.396569700706226    0.02829442141344012      1.271386295167514    -0.5115720240661249
                 116000      2.452618332745325     0.0282389988438438      1.667218653187083    -0.2424838410844282
                 117000      2.732273986654618    0.02814226894590925      5.073137203634627     0.8668875209192222
                 118000      2.473058251929038    0.02807268457015948      2.374669943984746     0.1053109188637567
                 119000      2.586353076038105    0.02798043561639708      5.507073112352731     0.9431942621933167
                 120000      2.654807261006766    0.02789701906265574      6.473812432196499      1.101940459873909
                 121000      2.552911858527926    0.02780705333330118       5.15882551917967      0.871654084342713
                 122000      2.119032846306604    0.02780219203006899     0.1385243103348963     -2.745939137505407
                 123000      1.708512060041523     0.0277995414044009    0.07509165425982987     -3.358370892657857
                 124000      2.124090944913768    0.02779391514427547     0.1608960072560045     -2.596524485542417
                 125000      1.889482711925202    0.02778649036425172     0.2137094575253235     -2.312932479313365
                 126000      1.959332870228307    0.02777713042248374     0.2713913997428857     -2.074324747335099
                 127000      2.730781889342953     0.0276896050561324        5.2846015905208     0.8915097433356999
                 128000      2.641502000452625    0.02760792153929256      6.200528175116184      1.048392659571555
                 129000      2.300042907916052    0.02759288000455054     0.4677513929609883     -1.536605129458008
                 130000      2.478578668251661    0.02752759271631011      2.644305167412746     0.1932526450810054
                 131000      1.664364377181166    0.02752530745090705    0.06920807052959252     -3.449876506805824
                 132000      2.678254808762754     0.0274583530928559        7.3354179152552      1.211040247017444
                 133000      2.533294631929063    0.02737682427927761      4.757980171807164     0.7751755085674734
                 134000      2.513507258001732    0.02729821243562864      4.339969219162734     0.6803439150049435
                 135000      2.467725420818305    0.02723973351571767      2.498549805570975     0.1260426219739536
                 136000      2.519767429229307    0.02716190814663712      4.808164844626988     0.7777864759010875
                 137000      2.680783769515561    0.02709958523559066      7.410371915811331        1.2080544897028
                 138000      2.673038860059801    0.02703880424171604      7.548324545098477      1.224254090222582
                 139000      2.331798482621927    0.02701832640989663     0.7702808223041862     -1.058829296877993
                 140000      2.403729430126919    0.02698569113477475       1.30582285052522    -0.5322044157956501
                 141000      2.305699131312459    0.02697011844064094     0.5797185400353907     -1.344827602537309
                 142000      2.592412981305843    0.02689661457506021      5.461985430949725     0.8954682199381717
                 143000      2.440319440733265    0.02685359665977573      1.893845100998551    -0.1653355890653726
                 144000      2.044733168832984    0.02684903142627734      0.167999101935685     -2.587911460641204
                 145000      2.146210140693639    0.02684455114035734     0.1649508015977842     -2.606389720584501
                 146000      1.984668400697942    0.02683872561422547     0.2157356599743685     -2.338200149250226
                 147000      2.201779644101097    0.02683403823981246     0.1730175500247607     -2.559035641403809
                 148000       1.65781504239352    0.02683190745151505    0.07797188842133077     -3.356159728439163
                 149000      1.599399372414883    0.02683081944798124    0.03967697304109822     -4.031777639744596
                 150000      2.026239207366142    0.02682541028091445     0.2004784573957052     -2.412043461518946
                 151000      2.138871863269628    0.02681970973217064     0.2117113000436335     -2.357739231878428
                 152000      2.024821635519631     0.0268135210731649     0.2304976693906212     -2.272952811976272
                 153000      1.604416076837189    0.02681210413417602     0.0518967799421993     -3.763989664107368
                 154000      2.104260725222138    0.02680602067610003      0.226789245511976     -2.289452174472865
                 155000      1.864027047819184    0.02680113884876784     0.1813530835790777     -2.513209591180064
                 156000      1.647742743729878     0.0267986821632695    0.09051406699727302     -3.208241852847945
                 157000      2.050840433028288    0.02679165995781833     0.2633549778778128     -2.140506349834737
                 158000      2.060498314779273     0.0267839574771905     0.2899963150666819     -2.044428518285087
                 159000      2.558003251522212    0.02671491911683995      6.030715097655238     0.9877432092525636
                 160000      2.699328842701406    0.02666525340324319      8.112520611660754      1.282425407756459
                 161000      2.551014874473292    0.02659809756163482      6.156839646603406       1.00405873227913
                 162000      2.676410207822413    0.02655263672602622       8.46667154249786       1.32092195349129
                 163000      2.703562447709801    0.02650230434592562      8.169622761136925       1.28330985757803
                 164000      2.707312335506912    0.02645154632021362      8.178021229573266      1.282420274261368
                 165000      2.749633354388268    0.02639218070954261      3.823569397617098     0.5199076024371154
                 166000      2.715406723179229     0.0263360449820256      7.583423826140576      1.202558760051414
                 167000      2.660706120029534    0.02628163202077195      7.766178746537922      1.224303978309103
                 168000      2.269114886511734    0.02627543985078862     0.2809039461027625     -2.095452402222775
                 169000       2.42883411586357    0.02624290199940549      1.703315546749253    -0.2943723365003841
                 170000      2.694513380464196    0.02620376468268549      9.118745691856651      1.381890789241294
                 171000      2.357521355333935    0.02618218039718486      1.089301776617217    -0.7437286012891258
                 172000      2.416524514112336     0.0261517347938586      1.630224266963549    -0.3417114413536241
                 173000      2.483035464644384    0.02610186087349266      3.220398101363197     0.3371670332779393
                 174000      2.499725395169579    0.02604535072101756      4.197898495698023     0.6000787567490852
                 175000      2.610290662112416    0.02598558717683273      5.533803317573937     0.8740728227423352
                 176000      2.630492109540194    0.02592744779242059      6.381066706760443      1.014292884457058
                 177000      2.494247612036508    0.02587378104029505      4.107076064355126     0.5715969341639416
                 178000      1.951091282439737    0.02586810602071668     0.2867821206958431     -2.090366292988306
                 179000      1.799739337459331    0.02586567351110053     0.1211988102615451     -2.951750841346553
                 180000      1.834624795913558    0.02586277228511959     0.1449265825033289     -2.773067983375269
                 181000      2.007769258048901    0.02585791051624017     0.2452255279827853     -2.247304961458499
                 182000      1.732343169919194    0.02585629830182802     0.0801733489485237     -3.365354469616272
                 183000       1.58847470318231    0.02585520076364384    0.05446772804494564      -3.75197969008564
                 184000      2.076544094813254    0.02585003468776758     0.2613097503299222     -2.184081411838295
                 185000      1.755493192706675    0.02584792757640674     0.1051675630909332     -3.094314497468254
                 186000      1.878303947056781     0.0258433485139424     0.2312768762840313     -2.306430992824464
                 187000      1.775615891323665    0.02584046562017798      0.144574610406518     -2.776362433804804
                 188000      2.023886575997278    0.02583426351652205     0.3161291807686014     -1.994247257118474
                 189000      1.752922927181255    0.02583148372405557     0.1395649076936036     -2.811976012680127
                 190000       1.88859053242046    0.02582606190814792     0.2757687691850032     -2.131152985893083
                 191000      2.133333839073251    0.02582112377696416     0.2508325438760567     -2.226121372613354
                 192000      1.620276677050769    0.02581948572689606    0.08200233070285375     -3.344222703544269
                 193000      1.963189326940896    0.02581295793958828     0.3345443075228732     -1.938453899880736
                 194000      1.641438818769095    0.02581082688104276     0.1070810911360536     -3.077719382236791
                 195000      1.795403074779829    0.02580714462068837     0.1864411811845387     -2.523332657378493
                 196000      2.025185865335053    0.02580015567464442     0.3598103223116413     -1.866142305262773
                 197000      2.150674114116437    0.02579514913912774     0.2555939142754896     -2.208323472161391
                 198000      1.976156454544231    0.02578812341606703     0.3625740076359644     -1.858957175519994
                 199000      1.543661028149942    0.02578723104579408    0.04478350127980521     -3.950380595909301
                 200000       1.96840189134667     0.0257792870657578      0.412460090054643     -1.730389048912052
                 201000      2.072810985464725     0.0257727970784708     0.3350211641173562     -1.938586576027138
                 202000      2.691476486411752    0.02574462557472623      9.748887973802443      1.431034552095039
                 203000      2.680578701488581    0.02571656930618262      9.883738874983285      1.443681810837042
                 204000       2.50903694831779    0.02566187527068704       5.16150751441616     0.7918905665530053
                 205000      2.493130492675401    0.02560967102061024       4.58233694332011     0.6708346097935068
                 206000      2.681472634232776    0.02558254671066366      10.04058787375012      1.454201453350243
                 207000      2.656537583283515    0.02554244207281575      8.957317213056532      1.338467665350885
                 208000        2.4514292110864    0.02550538945468833       2.67454602824559     0.1283248756537046
                 209000      1.616649101340529    0.02550357460599758     0.1029100641451455     -3.129425775076036
                 210000      2.036139359364612    0.02549675627926796     0.3968232292857922     -1.780057686621572
                 211000      1.895551681484885    0.02549168961942014     0.2925407523227089     -2.085143358286157
                 212000      1.798267933351971    0.02548824509482506     0.1974137750964521     -2.478580564774311
                 213000      1.801798643205551    0.02548440650470033     0.2205795844256949     -2.367774528838678
                 214000      1.930757681505457    0.02547792399954887      0.377957011236091     -1.829507027240948
                 215000       1.90861306652918    0.02547162262380117     0.3674885917274548     -1.857842571733892
                 216000      2.019927651489976    0.02546447886087878     0.4190008159953101     -1.726942478591383
                 217000      1.624979447540239    0.02546232486108731     0.1232607001110893     -2.950598312511147
                 218000      1.503384959324276    0.02546155163424732    0.04396179346160498     -3.981609379648747
                 219000        1.9459098547758    0.02545339204247191     0.4821631107212716     -1.586968363686255
                 220000      1.915173035849439    0.02544564246244793     0.4576154309931961     -1.639526171344557
                 221000      2.305367637883542    0.02543547655617168     0.6094018199086173      -1.35347707392734
                 222000      1.691179078637205    0.02543355415086562     0.1104658172524186     -3.061324382441504
                 223000      2.003220970210095    0.02542590465218883     0.4531709817546663     -1.650061821259262
                 224000      2.221524739520892    0.02542269439334329     0.1860076658659139     -2.540669698845782
                 225000      2.179345430286911     0.0254187924040518     0.2270314062970616     -2.341522720669877
                 226000      1.790424452104412    0.02541444048035853     0.2539882356129301     -2.229494356417506
                 227000      1.847637616116627    0.02541027855533175     0.2428525577860471     -2.274491580396567
                 228000      2.003864401887687    0.02540147073031267     0.5275077748015198     -1.499129161886001
                 229000      2.494984979731592    0.02535064084233427       5.26166735866641      0.798907412131114
                 230000       2.04160964535367    0.02534179180284559     0.5382673443075893     -1.481289599117934
                 231000      1.841770755754428    0.02533726186921935     0.2694737581118544     -2.173352714713453
                 232000      2.203725955226965    0.02533321806111006     0.2401327639250296     -2.288791386402084
                 233000      1.689839938507655    0.02533094564965833     0.1337911490521355     -2.873793049775136
                 234000       1.66778519441291    0.02532827156660826      0.157834649426949     -2.708630653705689
                 235000      1.722857596083941    0.02532565791611652     0.1542941864607593     -2.731420730687227
                 236000      1.976194516417781    0.02531622489820892     0.5785144696501566     -1.410190792010732
                 237000      1.553957728164049    0.02531520774119463    0.05968613044644166      -3.68159485698922
                 238000      2.023242886900725    0.02530495870235818     0.6328875103347408     -1.320806770974639
                 239000      2.153965831179467    0.02529986825623963     0.3058405281915446     -2.048236836341735
                 240000       2.69430494707996    0.02528530148328647      11.01292221990243      1.534948026229989
                 241000       2.52780575336656    0.02523553582775092      6.539212141823587      1.011725281460922
                 242000      2.605825370512253    0.02518601547616636      6.124031417875759     0.9441649449053049
                 243000       2.70322323461134       0.02516411977616       10.6303082681095      1.494783791051847
                 244000      2.627394354619843    0.02511697703086147      7.252096080824358      1.110489972685672
                 245000      2.457262505362973    0.02508159455538151      2.979826722354711     0.2196548822506769
                 246000      2.666464389653088    0.02504955801687045       9.74010617736614      1.402763639877989
                 247000      2.418556901080416    0.02502584190147742       1.81515047152101    -0.2782672264703078
                 248000      2.682592231559725    0.02500094115376693      10.54141318376152      1.479880520369465
                 249000      2.724228214543297     0.0249560473709905      7.586498776915135      1.149141800969607
                 250000      2.396405681787789    0.02493613423809637      1.538052845331429    -0.4475094061999094
                 251000      2.542599790936072    0.02489030651823766       5.80530751011818     0.8789064560627614
                 252000      2.386486397789872    0.02487095179062668       1.51596561126762    -0.4645914314042456
                 253000      2.494912157718765    0.02482777035469773      4.908138802353387     0.7085130441251019
                 254000      2.712899924056129    0.02479214641235452      9.219252093184974      1.337476280277376
                 255000      2.681583885593543    0.02476809745583666      10.72963235041279       1.48822116227296
                 256000      2.751212696938175    0.02473090011224021      3.847017992495578     0.4610072170114853
                 257000       2.65826586396794     0.0246969162847083      9.516878613032148      1.365400745102473
                 258000      2.656957196319485    0.02466335238544918      9.611844339071467      1.373969993840498
                 259000      1.826113090004646     0.0246601440030594     0.2454866311080915     -2.293669013964683
                 260000      2.678485551730351    0.02463768998711692      11.10091625343046      1.516960471791214
                 261000      2.505787161551835    0.02459622085404586      5.379616418814922     0.7908653191094478
                 262000      2.597798556516504     0.0245555225612274      5.239050430514273     0.7627324846588253
                 263000      2.506008592373727    0.02451450680038835      5.551485137916265     0.8189859787788637
                 264000      2.353554380904115    0.02450183239292034      1.089960249796625    -0.8094554284208141
                 265000      2.715728459636239    0.02446562360651247      8.987576504594998       1.29876768727926
                 266000      2.516700724262555    0.02442481285505807      6.024477321371913      0.897085697627219
                 267000       2.58915488191588    0.02438595116123791      5.207526983005519     0.7497677078819208
                 268000      2.462339885421546    0.02435579118412587      3.293950762147789     0.2905127739042049
                 269000      2.046105536674597    0.02435013404566195     0.4837419324469371     -1.628010919642823
                 270000      1.703637758162275    0.02434837767773228     0.1464148385591041     -2.823190666370613
                 271000      2.453022634327692    0.02432043899231819      2.983043611432885     0.1899166708005831
                 272000      2.662473710849991    0.02429216572953325      10.23011840359072      1.421145492231507
                 273000      1.711785704933636    0.02429030880727925     0.1582513254081211     -2.747837948524671
                 274000       2.74196720570432     0.0242528462492746      5.184558948661093     0.7398741945024463
                 275000      2.659336032265502     0.0242234997529054      10.05325987003167      1.400875611019733
                 276000      2.624745896691474    0.02418471573018108      6.695149777740278     0.9927596404862301
                 277000      2.684339671404906    0.02417075235432809      12.18820412371556      1.591267368527287
                 278000      2.491093649632643    0.02413440018743813      5.285651010930515     0.7542894467983972
                 279000      2.361427286524884    0.02412149746654142      1.274535502106799     -0.668659308111593
                 280000      2.508691230989383    0.02408396235795711      6.227607203685782     0.9161937769989223
                 281000      2.679383573063168    0.02406798686175642      12.05815727410402      1.576279432371376
                 282000      2.517532403146782    0.02403076854443014      6.540890360667756     0.9630637666987268
                 283000      2.590902102095406    0.02399514108321077      5.585465802072511     0.8036746241469026
                 284000      2.696001656213657    0.02397514070859307      11.62343543296601      1.535696283506066
                 285000      2.649510980524656    0.02394515737554902      9.949896839519417      1.378983727156371
                 286000      2.687469498400056    0.02392868849691442      12.25984749816266       1.58706302383949
                 287000      2.677761939862503    0.02391324211875523      12.51581896482185      1.607081168227154
                 288000      2.652775771926744    0.02388603864026609      10.73387962034119      1.452354627610125
                 289000       2.68499543430115    0.02387078714091878      12.73858398300018       1.62294635037955
                 290000      2.652439093413783    0.02384412845178947      10.97445115787958      1.472763387612711
                 291000      2.421427378724632    0.02382824897470751      1.889142837747328    -0.2873495524842555
                 292000       2.59425419849423    0.02379534683717485      5.474077408932423     0.7751692400166426
                 293000      1.996042689658967    0.02379085757688603     0.4861327861163482     -1.646316660707021
                 294000      2.185498491974012    0.02378877578049718     0.2214289489192743     -2.432784211976044
                 295000      1.989509853113887    0.02378421375426436      0.494955876651399      -1.62860914771765
                 296000      1.882015894608472    0.02378140088892614     0.3012658932437678     -2.125202800224087
                 297000      1.854263889961956    0.02377902109422303     0.2541734639935913     -2.295279152839052
                 298000      1.831276293267347    0.02377664634003535     0.2537434064047366     -2.297072443074525
                 299000      1.753628929090731    0.02377515048322291     0.1588415557130411     -2.765551702890066
                 300000      1.820848767237449    0.02377266227778131      0.266299297043424      -2.24894271141476
                 301000       2.08424404501081    0.02377006172062208     0.2787011695402637     -2.203532832367106
                 302000      1.971947071431832     0.0237655133135899     0.4952811281175994     -1.628738794864156
                 303000      1.882363886211604    0.02376239686675461     0.3358081189669202     -2.017455551232408
                 304000      1.686506121219865    0.02376093247459606     0.1558952958679898     -2.784872500342291
                 305000      1.918488980597288    0.02375718471536631     0.4062231336425733     -1.827312243255644
                 306000      2.199041180942983    0.02375500070649663     0.2340206199396625     -2.378897545948706
                 307000      2.110963507948433    0.02375261156449253     0.2565157366036382     -2.287217342148449
                 308000      2.277107917041426    0.02374990170564076     0.2918121951119747     -2.158411021519373
                 309000      2.758471150979613    0.02372893432720302      2.728517306574354    0.07610894947979745
                 310000      2.476570941920058    0.02370142683110429      4.050870589217925     0.4701225062693838
                 311000      2.522989579396159    0.02366858494030471       5.92570639581611     0.8491039795193712
                 312000      2.660519694979893    0.02364519690716647      11.39973817783067      1.502405829763832
                 313000      2.662211721777132    0.02362326716675616      11.73784150184331      1.530705500078617
                 314000      2.262095370605575    0.02362115853071873     0.2368265125121078     -2.372629124555196
                 315000      2.620844488153967    0.02358794177148012      6.919822868551702       1.00078124961961
                 316000      2.409888775738977    0.02357449717587951      1.696799657792836    -0.4054351400404483
                 317000      2.727606967443941    0.02354155357677376      7.195367211807599      1.037859910865743
                 318000      2.625938402274027    0.02350887304245462      7.606204574699695      1.091997669572631
                 319000      2.428993265886636    0.02349292349437241      2.128065755569898    -0.1824318431433224
                 320000      2.452293227118086    0.02347189026864584      3.034261056873241     0.1714269051975968
                 321000      2.537559455638965    0.02344126170511608      5.818994360401014     0.8212806845524384
                 322000      2.699632713514692    0.02341834043281992      11.40107700997607      1.492882757824706
                 323000      2.717378531352813    0.02338810195329208      9.089137941027447      1.264962935017205
                 324000      2.705436455578314    0.02336328587533201      10.97283941772549      1.452244323909703
                 325000       2.67280978246798    0.02334659653732748      12.73880648928992      1.600759616292516
                 326000       2.55138570166132    0.02331813408673268       5.37850246357129     0.7372967655559307
                 327000      2.326102572618366    0.02331279905728403     0.6846829590684583     -1.324141418042946
                 328000      2.482953686203697    0.02328694074261665      4.536716976973734     0.5657517757120899
                 329000      2.434900677705828    0.02327044417545425      2.427634592765822   -0.06024313253116666
                 330000      2.701970538531519     0.0232478608403214      11.49597474785833      1.493865510882346
                 331000      2.641506722101357    0.02321923868937446      9.466841060784933       1.29843190490477
                 332000      2.715360597094751    0.02319133663758758       9.75393261327868      1.327104774557325
                 333000      2.630166881895533    0.02316152785349431      8.107377864527347      1.140922552382442
                 334000      2.646450918160896    0.02313551649301653      10.42590793020042      1.391318240585224
                 335000      2.715631527646043    0.02310805115902687      9.764808181672219      1.324621450285995
                 336000       2.65673178018211    0.02308664295240028      11.81191454621726      1.514018390265648
                 337000      2.484838723544029    0.02306239176602396      4.611225012502136     0.5723522175973444
                 338000      2.590107069268133    0.02303621556387512      5.393110344483969     0.7278452819066946
                 339000      2.431953772951752    0.02302142662515529      2.359822941400159    -0.0993325961652083
                 340000       2.25461844245216    0.02301987938501863      0.212710625348917     -2.505809001913357
                 341000      2.533037948655839    0.02299310991960506      5.816926675304902     0.8016220997213236
                 342000      2.590079093504883    0.02296708014975223      5.535497126932159     0.7508987078763529
                 343000      2.564672794745798    0.02294186890957304      5.245311575647667     0.6959536600295174
                 344000      2.425755746747056    0.02292855354249559      2.139415162329767    -0.2014290457330542
                 345000      2.086010061434357    0.02292668298945815     0.2640703734822451     -2.293582779067409
                 346000      2.471427962120358    0.02290557461095414      3.932448802204633     0.4062980882244951
                 347000      2.305037858358952    0.02290229042147082     0.4726366800718775      -1.71253594214402
                 348000      2.761870916613954    0.02288774238502523      2.407239052926818   -0.08526259241311615
                 349000      2.568881932193715    0.02286326101310251      5.141714287325091     0.6725732802594455
                 350000      2.495157715760065     0.0228389504466734      5.134161133831032     0.6700393366752263
                 351000      2.630818030315875    0.02281176246504558      8.222043920134059       1.13975056854232
                 352000      2.761368832556085    0.02279700234860202      2.524349117374263   -0.04173225664369323
                 353000      2.682385332513967     0.0227793583967789      12.38657084255964      1.548123119380505
                 354000      2.342551886127494    0.02277376355300796     0.8591419893618309      -1.12055648475307
                 355000      2.489567736906374    0.02275026728332618      5.062186092156117     0.6520307558459725
                 356000       2.29110030123108    0.02274752098544774     0.4120782675889713     -1.856430368233635
                 357000      2.391767108947743    0.02273797560239811      1.550362841197013    -0.5318191068728367
                 358000       2.41706924552479    0.02272582801895831      2.050764384483577    -0.2526298922133485
                 359000      2.229144671067185    0.02272450305950922     0.1970202437617363     -2.595349585277766
                 360000      2.479542716568285    0.02270215934318831       4.71741419265581     0.5793762919307056
                 361000      2.391779932809018    0.02269212468262089      1.660207260883944    -0.4653841776812145
                 362000      2.616073276631668    0.02266614292705459      7.015469877330943     0.9746454409713944
                 363000      2.466341091947386    0.02264568950819763      4.175402429758054     0.4548357069258769
                 364000       2.68754316066018    0.02262888552117748      12.46662102230213      1.547937402794656
                 365000       2.52578308071087    0.02260459406753632      5.939358695551152      0.805409764556845
                 366000      2.412735103811907    0.02259304029845895       2.02457798059442    -0.2713413805717442
                 367000      2.396819697070165    0.02258251862149742      1.821069007055988    -0.3777447724112103
                 368000      2.696803008430658    0.02256375088030961      11.90023120471498      1.498557941909153
                 369000       2.64211040739983    0.02253995728027137       9.86121847401961      1.309554789568775
                 370000      2.480258899423484    0.02251849871065116      4.847635765280616     0.5984836891342407
                 371000      2.649297271785872    0.02249712321821643      10.95548600222166      1.412883217416341
                 372000      2.668160622344999    0.02248150925320479      12.81882633378522      1.569263495822703
                 373000      2.365003836472718    0.02247388980357691      1.332364782651047    -0.6950349845589389
                 374000      2.506018064506874    0.02245088286534949      5.842764260488575     0.7821893941728699
                 375000      2.766031875426437    0.02243981814926999      2.051818779540429    -0.2647809761209269
                 376000      2.298376104018455    0.02243717047487378     0.4405121870957284     -1.803442749921036
                 377000      2.461980471243397    0.02241843673316276      4.088650582547288     0.4237541112465699
                 378000       2.65183912552217    0.02239890614385649      11.55465063094112      1.461755570537743
                 379000      2.682856154967619    0.02238428964977017      13.09056049285219      1.585906193058333
                 380000      2.698747136280973    0.02236559502675284      11.91756268052303       1.49119244719309
                 381000      2.663155593711069    0.02234993165024727      12.90669150451595      1.570224598836872
                 382000      2.721876187158471    0.02232601080169107      8.493415247866523      1.150699026744613
                 383000      2.408559922293482    0.02231582070594611      1.979188407544208    -0.3063618211018985
                 384000      2.637525341302926    0.02229302099548278      9.781150656613521      1.290386238594492
                 385000      2.306032770453333    0.02229027036771482      0.488484373249931     -1.706642082609775
                 386000      2.533422670906432    0.02226878770026283      5.717964042655841     0.7524542865482634
                 387000      2.612584150586088    0.02224594405506634      6.844405194610157     0.9312466987465304
                 388000        2.6398753789727    0.02222429459487148      10.35215970550271      1.344036644552527
                 389000      2.720121662276161    0.02220126872423415      8.836889970883327      1.184739876263686
                 390000      2.739294285373246    0.02218044502292409      5.654784559829467     0.7373684952054582
                 391000      2.641414791793917    0.02215957913011791      10.65231472136317      1.369702520421854
                 392000      2.678102719451153    0.02214613785907508      13.51879996146846      1.607399862473583
                 393000      2.495949856674865    0.02212611494457453      5.428570235689917     0.6940898113070466
                 394000      2.509699002182846    0.02210536038618159      5.919538804130179      0.779734109455145
                 395000      2.521391512805767    0.02208450023728794      6.068250734309657     0.8036018348962675
                 396000      2.540859427817334    0.02206440948066302      5.651387974479926     0.7315224916139554
                 397000      2.696872536141413    0.02204727146608112       12.2334816860733       1.50302088222494
                 398000      2.708347843664878    0.02202728582904469      10.87617551340032      1.384512051918905
                 399000      2.789686981406724    0.02202406146471748     0.6328978383757025     -1.459655266213988
                 400000      2.529121072779545    0.02200349120677194      6.231441938442424     0.8264643265750878
                 401000      2.490805691292143    0.02198396471186494      5.614511961325386     0.7213234161058567
                 402000      2.374507946407501    0.02197680956763657      1.503110514266633    -0.5968201382038104
                 403000       2.53268492277318    0.02195646489446329      6.256334752307665       0.82831157296776
                 404000      2.465694877857899    0.02193987276161413       4.32091409877515     0.4574280700399198
                 405000      2.710738650963135    0.02192034689374953      10.81926206341797      1.374398795106952
                 406000      2.549083382151995    0.02190120365465302      5.657129745723125     0.7251136860169443
                 407000      2.564957813157885    0.02188292805332826      5.220769552530997     0.6440070445416318
                 408000      2.263052755844012    0.02188165987520275     0.2531331119470819     -2.382535519313003
                 409000      2.462920679914231    0.02186567743201369      4.217284055720416     0.4297649368108543
                 410000      2.641201667339814    0.02184634880403198      10.70478284825385      1.360379879325167
                 411000      2.624350786325422    0.02182543958623629      8.411600641023144      1.118343462508486
                 412000      2.487388306633027     0.0218069052912324      5.598615562011685     0.7104014600023464
                 413000      2.461863478617995    0.02179104117532269      4.315012978194932      0.449254700071045
                 414000      2.626834512703447    0.02177051762649248       8.84958705061965      1.166582886781171
                 415000      2.704015667303811    0.02175324430467671      11.69148847305469      1.444279443747799
                 416000       2.45599407389804    0.02173836597015796      4.023600195024187     0.3769112270280096
                 417000      2.317216682236325    0.02173570127861267     0.5679801053765172     -1.581057319975295
                 418000      2.536154956951971    0.02171680352611614      6.188394937622782     0.8064175085270324
                 419000       2.45417668819472    0.02170216394343972      3.984941526360791      0.365590052947693
                 420000      2.755556479856885    0.02168945710924297      3.291925823479601      0.173954482965466
                 421000      2.653570645963038    0.02167421129758599      12.49504460387481      1.507110706146257
                 422000      1.526591530988325    0.02167396279503317    0.05238518917130162     -3.967364270304745
                 423000      2.029174586314775    0.02167211374913456     0.3980988132880677     -1.939373238704605
                 424000      1.523972822029591    0.02167184509089193    0.05667372240064416     -3.888775230755049
                 425000      1.891200908563055    0.02167043202387924     0.3025907586481526     -2.213769828297941
                 426000      2.107949111391584    0.02166939467345843     0.2210993960241925     -2.527586603723163
                 427000      1.669253536829382    0.02166880632183138     0.1246956433313362     -3.100350196660118
                 428000      1.704092080408756    0.02166814173829737     0.1410089017089689     -2.977433760991848
                 429000      1.600555943565092    0.02166776203342173    0.08028005808032744     -3.540753058466079
                 430000      2.022565320792761    0.02166580448502868     0.4226499407942982     -1.879820380474327
                 431000      1.801455604373632    0.02166485423556913      0.202502772470482     -2.615654936476536
                 432000      1.811620685326057     0.0216638050846056     0.2239155091570973     -2.515188152279758
                 433000      2.665498990298532    0.02165138974312578      13.59010620723742      1.590067124769223
                 434000      2.434015524232437    0.02164017549991459      2.875406327762012    0.03640099735931847
                 435000      2.578366450228757    0.02162323795787256        5.2481198616815      0.637293896437359
                 436000      2.592253257600996    0.02160546812984413      5.815997559407574     0.7392141951863059
                 437000      1.578120099373992    0.02160514980197391    0.06869995273710583     -3.699419626905372
                 438000      2.655429767889769    0.02159187208125914      13.25442876201345       1.56230413189203
                 439000      2.306333795061862    0.02158955349066007     0.5185514192980381     -1.678851086111296
                 440000      1.520446895994532    0.02158927132668993    0.06141129498631728       -3.8123095720809
                 441000       1.75194769199212    0.02158863870131974     0.1383317129062294      -3.00027813338021
                 442000      2.663374192338203    0.02157750597326902      14.06206428064873      1.620787514715541
                 443000      2.668780618210597    0.02156731872548329      14.43846911273192      1.646730695446687
                 444000      2.467405475626305    0.02155159274165416       4.85104178659955     0.5552986439656092
                 445000      1.951869274718406    0.02154994744808661     0.3726293566735097     -2.011142219487064
                 446000      2.153028396956667    0.02154899501911723     0.2137367945016405     -2.567025334786551
                 447000      2.720363369872464    0.02152986161169695       9.27572403160355       1.20249698959048
                 448000      2.591700807927185    0.02151249705345608      5.946392187849342     0.7570741430133321
                 449000      2.499426870901799    0.02149478446529139      6.285096450712036     0.8116469485735993
                 450000        2.1379608600109    0.02149375221077418     0.2357913471939041     -2.471390251249741
                 451000      2.640227018120495    0.02147693907481408       11.4838485133894      1.413576767162007
                 452000       2.55323226007087    0.02146013289670984       5.74367466131573     0.7199515581237649
                 453000       2.43934103871012    0.02144847835143918      3.292675794229654     0.1630096868436231
                 454000      2.454219189447459     0.0214343268871269      4.337828033086454     0.4380229044593726
                 455000       2.56297607136465    0.02141789762587126      5.615890110436974     0.6954824472299606
                 456000      2.292485691468445    0.02141601578862506     0.4453536822138609     -1.839092039772884
                 457000        2.7147437031943    0.02139820287718857       10.3223427419519      1.303273122747545
                 458000      2.064557713048192    0.02139686940775094     0.3153966605034877     -2.185024132893297
                 459000      2.014413653274658    0.02139502369578525     0.4399545803175857     -1.852269988764477
                 460000      2.164363282537995    0.02139407893653837     0.2223728128634394     -2.534630332084419
                 461000      1.819471402817902     0.0213930710504797     0.2374925569862155     -2.468896470315017
                 462000      2.772305061712144    0.02138656341122434      1.677378285580974    -0.5143496851717985
                 463000       2.40733309767255    0.02137890650462896      2.021792054381773     -0.327955529889772
                 464000      2.466339992587213    0.02136366424289046      5.041152914694554      0.584981792948103
                 465000      2.277680259754215    0.02136215999550382     0.3596906563876621     -2.055234334601153
                 466000      2.301490209645958    0.02136002326070268     0.5159323921584692     -1.694603004180026
                 467000      2.333436869325185    0.02135689031629889     0.7685893098743731     -1.296168652687945
                 468000      1.676970412130654    0.02135629725746035     0.1401700669687782     -2.997896742065695
                 469000      1.938731006762777    0.02135478484817987     0.3622745327027897     -2.048421709935921
                 470000       2.72993399322455    0.02133675582225238      7.645957868269851      1.000263773732291
                 471000      2.377180753326151    0.02133077636166189      1.551272648076077    -0.5951179754432023
                 472000      2.503806393975375    0.02131374860240522      6.470030275499401     0.8321885644237471
                 473000      2.232907816748228    0.02131295181687512     0.1911871873496138     -2.689531900164327
                 474000      2.481758465908253    0.02129673999284686      5.851558514110342     0.7309174852312551
                 475000      2.222873788368038    0.02129590119979696     0.2023246249767275     -2.633711757129253
                 476000      2.270577047110176    0.02129448175949664     0.3453838058805992     -2.098995594881523
                 477000       1.67020057574128    0.02129388388415736     0.1437817650014135     -2.975383322121559
                 478000      1.733309951275001    0.02129331468072558     0.1368476506257064     -3.024838414684072
                 479000      1.847421032984375     0.0212923150249412     0.2418722250069947     -2.455344039663921
                 480000      1.873577452467717    0.02129115496407869     0.2814069630053865     -2.304006226105777
                 481000      1.446043030489207    0.02129097644738617    0.04270545738278275     -4.189489779590627
                 482000       1.95183840103817    0.02128935705141218     0.3956480198053273     -1.963367585185228
                 483000      2.750537456033622    0.02127607878053758      4.208772682186269     0.4004098982115312
                 484000      2.158365315716369    0.02127509417069602     0.2391887852360129      -2.46730960388737
