#! FIELDS time e sigma_e height
#! SET action OPES_METAD_state
#! SET biasfactor       2.698418390276557
#! SET epsilon     0.01374333274381851
#! SET kernel_cutoff       2.928208142815685
#! SET compression_threshold                       1
#! SET zed      0.1404565078164822
#! SET sum_weights       729.0130381587035
#! SET sum_weights2        1555.03075623404
#! SET counter  540
                      0      2.667157076094175    0.02791809585616531      490.5253968893722
                      0      2.461081937744432    0.03084168731156204      204.7580743711698
                      0       2.62000625744287    0.02856252440469415      322.3663139834916
                      0      2.709548947766772    0.02691712577098729      310.0801437885619
                      0      1.933034531923594    0.02699458266466136      6.767814875746284
                      0      2.524911072179278     0.0282169797801523      272.4434960791603
                      0      2.403862385311941    0.02654267760527231      59.36470546760783
                      0       2.27349254198105    0.02542140887025093      6.281674011976424
                      0      2.750682126265513     0.0252550912254441          37.7733940239
                      0      2.352906045376935    0.02301979638566277      8.289176867486308
                      0      2.318840133803711    0.02558527103102946      8.424118007108946
                      0      2.042730213730532    0.02325130942372552      2.502971392545029
                      0      2.142769476188494    0.02601121681621596      3.466049891390078
                      0      1.795069399168886    0.02474618515841462      1.580049866526191
                      0      2.006301035502645    0.02673901718625834      4.213484931851506
                      0      2.093883982713249    0.02458010829037359      3.892925403040851
                      0      1.865455722081819    0.02620886514893244      9.454011840736166
                      0      2.195899274885913    0.02639704354357003      3.228539292304651
                      0      1.747818121954206     0.0263073241453153      1.941899880783461
                      0       2.56370184275786    0.02382741733619767       110.435995374467
                      0      1.689036738244881    0.02247732740908483      1.504609942063545
                      0      1.633722481571551    0.02342040714569278     0.3827334415836722
                      0      1.967586814882575    0.02294962772326015      3.956716297309333
                      0      1.902231357991313    0.02129718105217053      1.882086707866962
                      0       1.47762444359594    0.02111407044731148     0.1912806625366006
                      0      1.832300231442679    0.02104574121112165     0.9291162803950747
                      0      2.783189785729467    0.02076821832399723      1.162240153753906
                      0      2.066421185611647    0.02068904988599132     0.4578010298684985
                      0      2.590582828695084     0.0199303934087814      5.753278121037079
