#! FIELDS time e sigma_e height logweight
#! SET action OPES_METAD_kernels
#! SET biasfactor       1.927441707340398
#! SET epsilon     0.01821196306674905
#! SET kernel_cutoff       2.830433390657354
#! SET compression_threshold                       1
                   1000      2.666263087211493    0.05785834540142751     0.1509064987297364     -1.927441707340398
                   2000      2.635555320939839    0.05256338364015615      1.075961468531855   -0.05911016221876806
                   3000      2.520896695937203    0.05034405040775295     0.3803526773557963     -1.142120473105541
                   4000      1.785252851117374    0.04934209894961741     0.1769523492654921     -1.927441707340398
                   5000      1.606599981569223    0.04841543523148189     0.1803391890433271     -1.927441707340398
                   6000      2.670681011609709    0.04712079816476563      1.783093181801957     0.3367195147199847
                   7000      2.655549196406749    0.04594634024115612      2.282437659852521     0.5583736577521062
                   8000      1.934646221352515    0.04553459543120245     0.1917487186202635     -1.927441707340398
                   9000      2.607528034721595    0.04413379965324957      2.168428690736658      0.466884158328056
                  10000      2.433830648086478    0.04360556662796514     0.3650440485811906     -1.326896996700196
                  11000      2.708917674852853    0.04242343010572651      2.055397288889617     0.3738254014131615
                  12000      2.689990837286532    0.04149575710865881      2.508097402656217     0.5507710802436063
                  13000      2.611649614359398    0.04059288698700853      2.261948376110138     0.4254748468734345
                  14000      2.722386565676128    0.03978114632061963      2.074858012418649     0.3189412508861408
                  15000      2.534581306905937    0.03919911214359062      1.123123629339848    -0.3095767069240191
                  16000      2.450426139848217    0.03882553293761393     0.6658663099710371    -0.8419328309916385
                  17000      2.347826479834479    0.03864909043324299     0.2927321441617165     -1.668318592721786
                  18000       2.52355597156583    0.03809508167220323      1.371427001107431    -0.1384075739987016
                  19000      2.705889428113933    0.03758678207301554      2.703339174229989     0.5267956258420676
                  20000      2.558591976855827    0.03707040333426865      1.889545509444717     0.1548106641835451
                  21000      2.490556856870623    0.03664281591682103      1.389280705337226    -0.1643410367143282
                  22000      2.460553080544725    0.03625189989554718      1.325148820925733    -0.2223280005723484
                  23000      2.568654874323109     0.0358297768725982      2.184121140688445     0.2656482653774577
                  24000      2.584193779903492    0.03544309505484275      2.454992351135708     0.3717075375634243
                  25000      2.693541895176108     0.0350914362855429      2.692997125278795      0.454267304362576
                  26000      2.667759856134478    0.03476448186263996      2.825403553862365     0.4929028725444802
                  27000      2.398976670947687    0.03457842196701587     0.7544010423761077    -0.8329458832113105
                  28000      2.372086644206497    0.03439233335917764     0.7816623316271957    -0.8028433228251173
                  29000      2.700225416902509    0.03410224377329309       2.86998426322489     0.4893251662655695
                  30000      2.717741290967003    0.03381722646572163      2.769546938898103      0.445309516041398
                  31000      2.575304588262313    0.03353609188921911      2.423312654052752      0.303413135927633
                  32000      2.506447250103146    0.03328554891233199      1.758258745173132   -0.02489725603556897
                  33000      2.554965792374683    0.03302957561412325      2.465918001213449     0.3056229810514647
                  34000      2.478894022755046    0.03281015898778531      1.608318126857948    -0.1284173782748111
                  35000      2.709977054674347    0.03258332590242024      2.868608933711738     0.4432833401003735
                  36000      2.636847028796414    0.03235806027805575      2.577751479921677     0.3294360857374172
                  37000      2.680738103811592    0.03215372230750846      3.063744603563907     0.4958215556293266
                  38000      2.522934990052564    0.03194828062709848      2.158007854739135       0.13895930931791
                  39000       2.65202596279723    0.03175093089940128      2.856695077065763     0.4132428715423268
                  40000      2.498872792274447    0.03156419725330235      2.026313564320916    0.06389708172909832
                  41000       2.60124314552188    0.03137681894452351      2.541247529843699     0.2843799218126682
                  42000      2.632922640707066    0.03119858634287932      2.860214183082758     0.3969247332612111
                  43000      2.699176272482769    0.03102996529486842      3.067478028311965     0.4614645326423399
                  44000       2.71690560296779     0.0308625881077108      2.887538168425399     0.3956044415548197
                  45000      2.413956788952738     0.0307594710972153      1.010042830372308    -0.6581538759680751
                  46000      2.536477822555537    0.03059974139333992       2.39180996956039     0.1986973842712949
                  47000      2.532440587126137    0.03044421319640303      2.481829790532189     0.2305474779477321
                  48000       2.52516758780991    0.03029310227625217      2.533073888169467     0.2460090175440871
                  49000      2.500156772229946    0.03014814104986191      2.330854033808986     0.1580134408636112
                  50000      2.631999554348454    0.03000574288662546      2.787762997472948     0.3322837118788191
                  51000      2.708593073736238    0.02986929800924865       3.01874742386259     0.4073285532375997
                  52000      2.437484134830405    0.02976701231153671      1.348035092641983    -0.4022957059969718
                  53000      2.462661599280841    0.02964522595770147      1.908760563697858   -0.05858935108415447
                  54000      2.605388442213686    0.02951614092434175      2.766571072309849     0.3082013748297282
                  55000      2.548054123566858    0.02939059342851502      2.838853105816952     0.3297302441455678
                  56000      2.654930677243942    0.02927115405014607       3.15808309507067     0.4322231935003871
                  57000        2.6668867509693    0.02915667184490012      3.313373224027196     0.4763059755145888
                  58000      2.680954047177365    0.02904616744400548      3.415583184283538     0.5028902325630558
                  59000      2.698237424844553    0.02893707856690053       3.39114757754036     0.4919475885118702
                  60000      2.707679176458112    0.02882903470675566      3.334746136614501     0.4714350221335387
                  61000      2.466090723355367    0.02872945489135582      1.965843036708552   -0.06050048327999075
                  62000       2.73803357351019    0.02862344962568358       2.51380449769911     0.1816790783475831
                  63000      2.649480419314706     0.0285206987762531      3.241696360142959     0.4323822950307109
                  64000      2.696841719590249    0.02842318813213806      3.498002236136908     0.5050527491874552
                  65000      2.676267711692687    0.02832842563831802      3.576040039109459     0.5237772316993585
                  66000      2.658880060195574    0.02823362960155197      3.477530870296218     0.4924917662023033
                  67000      2.735431011344863    0.02813771975536105       2.64868660261155     0.2168303495141674
                  68000      2.710327932629586    0.02804585794755254      3.442614147555771     0.4757275014912022
                  69000      2.676845131532033    0.02795877246527751      3.693220973995747      0.542885420919955
                  70000      2.675329240078863    0.02787361281071712      3.745252331177041     0.5538248945327207
                  71000      2.278642860362937    0.02785553976720476     0.3150471060421512     -1.922345809533826
                  72000      2.484376866024524    0.02777257099120368      2.188361700094142    0.01285749814391504
                  73000       2.40575554946918     0.0277192449875617      1.108925208734069    -0.6688263595541136
                  74000      2.528601869605555    0.02763438644918574      2.545377439458004     0.1589952661458702
                  75000      2.672789676585763    0.02755747568943326      3.928351094774194     0.5901490555346082
                  76000      2.596910458869364    0.02747491251140604      2.655971669235961     0.1957393186182506
                  77000      2.642564963667525    0.02739412326451993      3.422600073744813     0.4463844664784904
                  78000      2.695608598467397    0.02731981563637596      3.906089735536727     0.5758045301135455
                  79000      2.614760898995542    0.02724039196100355      2.958014421615044     0.2948745478643544
                  80000      2.644628435950885    0.02716561287825544      3.709472642557717     0.5184971004994521
                  81000      2.711080837127313    0.02709205175027329      3.733210669594068     0.5221644620312254
                  82000      2.555197607964575    0.02701824853293113      2.615764926963428     0.1637245169077934
                  83000      2.689188686854625     0.0269519535627023      4.147930549462769     0.6223207680066253
                  84000      2.695268189640958    0.02688615601605171      4.152084552720169     0.6208774556579677
                  85000      2.736268783089971    0.02681436567993408       2.89715155672411     0.2583212469909941
                  86000      2.540667130253367    0.02674526539816306      2.624221782682561      0.156797289342901
                  87000      2.746599438167888    0.02667846524701566       2.47866641339085    0.09723281170485107
                  88000      2.675299648761457    0.02661680399906892      4.214677270582191     0.6257712050349191
                  89000      2.695417146070652    0.02655625636110643      4.267486902542696     0.6359459087567942
                  90000      2.443843809005341    0.02650616251558076      1.587831855079737     -0.354597835998929
                  91000       2.40877064033526    0.02646539289476317      1.209409924202531    -0.6283740364845589
                  92000      2.411265254037401    0.02642216739357724       1.32179295699932    -0.5411521147003281
                  93000      2.564562732956998    0.02635878931318423      2.671098786227225     0.1599471355979775
                  94000      2.573845803255634    0.02629585442904962      2.747972597821207     0.1859301408950159
                  95000      2.513983205006814    0.02623538494421394      2.523446303881844    0.09839005587671126
                  96000      2.457742757291184    0.02618332139409074      1.893304226481518     -0.190898371565481
                  97000      2.411936046711227    0.02614072567229711      1.414438598623878    -0.4841173911407172
                  98000      2.613236388396429    0.02607971708257177      3.064339271466883     0.2866453007505699
                  99000      2.691122456486697    0.02602570827327935      4.255922863512245       0.61305189472055
                 100000      2.541286929395132    0.02596720406307884       2.80284295561407      0.193124040759545
                 101000      2.448696772518856    0.02591888672195629      1.864668453915195    -0.2162893776095251
                 102000      2.511100759080195    0.02586302245246424      2.593981893752636     0.1116637876249101
                 103000      2.600644301219886    0.02580615883767102       2.93292539033931     0.2322689675255587
                 104000      2.542010709111169    0.02575009481857601      2.919063955207361     0.2253567487593089
                 105000      2.504670544521686    0.02569619549198886      2.627395408379539     0.1179913998503833
                 106000      2.525994482198038    0.02564157583485549       2.91368010601158     0.2192874513988523
                 107000      2.514596058435533    0.02558778649229462      2.877267050779374      0.204611488191942
                 108000      2.711675857028163    0.02553583995104116      3.857580500088415     0.4957785649427113
                 109000      2.344522312009957     0.0255173772522317     0.6226548418405667     -1.328747820936773
                 110000      2.693961894222373    0.02547083105316679      4.403907113379685     0.6256814821604407
                 111000      2.779051395876089    0.02544198465943684      1.076781748871712    -0.7839670830990784
                 112000      2.421864799725392    0.02540231929084738      1.674830856363266    -0.3437919028004766
                 113000      2.341761416632122    0.02538271826380544     0.6927219246292212     -1.227402626559261
                 114000      2.538386378145087     0.0253314420297466       3.28806150752058     0.3280000135744492
                 115000       2.04883686711142    0.02532123718605107     0.3462058952972627     -1.923422711928231
                 116000      2.420922092776354    0.02528073151344683      1.809918429330357     -0.271020279318567
                 117000      2.331246164054542    0.02526200776542237     0.6792501882891584     -1.251808717949133
                 118000      2.704574918997436    0.02521982180971018      4.566119318511709     0.6519493825762589
                 119000      2.472283734052773    0.02517289961729692      2.559462873895228    0.07122086320541463
                 120000      2.600012762805351    0.02512411453306151      3.239438559336172     0.3048835917041968
                 121000      2.547816661561609    0.02507599971453088      3.466840270857655     0.3708102341628298
                 122000      2.553138574398386    0.02502851954196314      3.527623157853757      0.386295711899798
                 123000      2.522600315251114    0.02498146222485895      3.464981900914467     0.3664968858121096
                 124000      2.254452191232536     0.0249706726108446     0.4072033311349743     -1.775085154727726
                 125000      2.703358257179465    0.02493091787975256      4.600639310427362     0.6479594272827177
                 126000      2.450133237550446    0.02488966231508424      2.258030681916754   -0.06539895929709308
                 127000      2.588639877800315     0.0248440543107567      3.321422845376838      0.318667157547921
                 128000      2.131463135014064    0.02483502263626886     0.3515680438347659     -1.927441707340398
                 129000      2.583998025627695    0.02479003253696799      3.425883846676886     0.3474565921748952
                 130000      2.205902018817397    0.02478060700535161     0.3735774454417891     -1.868913135867219
                 131000      2.694928698140604    0.02474538503147526      4.893412170357137     0.7021842915282893
                 132000      1.997329489191125    0.02473586886734873     0.3844045030598848     -1.842150078557574
                 133000      1.939886215965656    0.02472569245776901     0.4137690827016714     -1.768948910745621
                 134000      2.548939734415268    0.02468287341807173       3.89276640908233     0.4708851210499525
                 135000      2.520337531749136    0.02463989853685437      3.718473440483062      0.423335677212836
                 136000      2.697241876762174    0.02460685769351289      5.039234895366083     0.7259348739811329
                 137000      2.672117931072794    0.02457221407565859      4.910942294542271     0.6987375699626245
                 138000      2.633026080836339     0.0245308560165892      3.944141920583276     0.4778186121750534
                 139000       2.55272045921216    0.02448995291098249      3.967961623271176     0.4821709037758156
                 140000      2.696376777721864    0.02445814084351617      5.147307053567542      0.741092232810013
                 141000      2.733735180934754    0.02441718859325538      3.688692116204929     0.4062147277823407
                 142000      2.698167834966842    0.02438576996818129      5.181058303770866     0.7446645430766681
                 143000      2.666711726924726     0.0243514423693372      4.896122334223748     0.6866900518957337
                 144000      2.636145532273663     0.0243123908047258      4.099161407825377     0.5074239859376014
                 145000      2.715246739857565      0.024277080377447      4.738259516169288     0.6508580262873755
                 146000      2.707500189712926    0.02424477913847429       5.09232582972065     0.7215914059263822
                 147000      2.610454329628815    0.02420580410235268      3.662796905821509     0.3904749186173594
                 148000      2.750302975136385    0.02416899158117611      2.817827626251033     0.1266921524827419
                 149000      2.375418766620971    0.02414723145803628      1.230562498380909    -0.7027034475097255
                 150000      2.667991829159301    0.02411608189114272      5.143797020297132     0.7263258807675943
                 151000      2.707499444808996    0.02408597115776209       5.26357014470131     0.7480945303939501
                 152000      2.595469128062919    0.02404849626187308      3.710084965627197     0.3967826850244351
                 153000      2.679827337698955    0.02402048267010438      5.473760048942422     0.7845281237109715
                 154000       2.71693938823115    0.02398818859782516      4.980224416011287     0.6886919587043738
                 155000      1.989639944037421    0.02397906471986346     0.4907059105933705      -1.62907370662197
                 156000      2.031206110743949    0.02397006228650341     0.4846182284554748     -1.641932771099871
                 157000      1.628027502000221    0.02396244348779481     0.4061694282921136     -1.818841707579403
                 158000      2.652004412809579     0.0239291639239132      4.767244823440612     0.6425219335539304
                 159000      2.481872136606619    0.02389502972919487      2.844437396124786     0.1246912101882457
                 160000      2.481527351885437    0.02386087038168002      2.918900710368932     0.1491024088242545
                 161000      2.630562101328013     0.0238262132489936       4.25815365399026     0.5252774611529296
                 162000      2.667420186821262    0.02379736114029304       5.29702541093237     0.7423755556316424
                 163000      2.642516643087169    0.02376470143166343      4.683972070755369     0.6180032674280234
                 164000      2.556846266895977    0.02373011091570346      3.797213091770872     0.4066675830484568
                 165000       2.63339178975736    0.02369719009666093      4.511148704280778     0.5775637402657127
                 166000       2.51058747101157    0.02366331141408076      3.527963037769779     0.3303019061316268
                 167000      2.364140519469196    0.02364589139614333      1.144038593241359    -0.7965905599583646
                 168000      1.777672011683723    0.02363892441210024     0.4114048016999596     -1.819627499583771
                 169000      1.610834539746842     0.0236307201155585     0.4906917814129079     -1.643736081581987
                 170000      1.742286963584389    0.02362330352034017     0.4411609622722822      -1.75045637639814
                 171000      1.985178416756039     0.0236135083549931     0.5968248228295524     -1.448657263763087
                 172000       1.83616719152074    0.02360668696676391     0.4050713700595364     -1.836506549307839
                 173000      2.038404071732761    0.02359708088085057      0.586384391035198     -1.467001296383536
                 174000      2.690876084115954     0.0235746578064153      5.912934844849341     0.8429700488989289
                 175000      1.935428302570586     0.0235660351634745     0.5295514647053976     -1.570262998557408
                 176000      1.765541794146506    0.02355714500976683       0.54843031105339     -1.535610451357604
                 177000       2.66894987094267    0.02353279258691642      5.716863006894265     0.8074705450352929
                 178000      2.666678086851054    0.02350836399430857      5.726970117468732     0.8081983258216607
                 179000      2.642164914906218    0.02347968559430978      5.138842533943998     0.6986189084463718
                 180000      2.606796047588059    0.02344773468116296      4.177065469291389     0.4900382850725201
                 181000      2.509278138281804    0.02341587940514657      3.668334678057435      0.358807629936006
                 182000       2.68796767264913    0.02339377021191421      5.993197856300207     0.8487503299340203
                 183000       2.51355387747151    0.02336229213449299      3.804717281508001     0.3930203998355685
                 184000      2.676154408319872    0.02333985966271834      5.967960213878825     0.8422232481852034
                 185000      2.718358818334816    0.02331170748506987      5.117330892480211     0.6872441323852011
                 186000      2.489139531765975    0.02328149325552741      3.367193775570496     0.2673938917876211
                 187000      2.647682363595797    0.02325472406142804      5.328945666812285     0.7253171421155836
                 188000       2.67619312545125    0.02323284437422251      6.050922887793094     0.8514332249150326
                 189000      2.682162269213043     0.0232117434221966      6.169519500885241     0.8699347285793937
                 190000      2.662934739214355    0.02318824275084579      5.876934362535843     0.8203360690498909
                 191000      2.724157467568063    0.02315954004883789      4.818284806834384     0.6204802460921335
                 192000      2.439514042632997     0.0231362489939435      2.158122711178542    -0.1837052255159355
                 193000      2.435535157878564    0.02311306060895263      2.162344511422101    -0.1827536551362971
                 194000      2.714176715025627    0.02308733864275367      5.440376944624597     0.7387881440933666
                 195000      2.721815948085786    0.02306007762184092       5.06436205654382     0.6659864971388025
                 196000      2.703696368022307    0.02303737183088378      5.944558973457519     0.8252495402021078
                 197000      2.349010354243373    0.02302478663805136      1.016606615103347    -0.9413030135625902
                 198000      2.726856247857711    0.02299708923913368      4.813872232846771     0.6125248891402933
                 199000       1.93703062861617    0.02298935768337106     0.5966648596711482     -1.475712860098778
                 200000      2.760430588306942    0.02296556640316969      2.436591019109054   -0.06974864188954114
                 201000      2.733813898110769    0.02293750297713789      4.361292741550727      0.511197207155228
                 202000      1.894284495033694    0.02293134198060232     0.4755612435692568     -1.705099548999797
                 203000      2.293137075822554    0.02292438415292303     0.5425358215292552     -1.573644573277597
                 204000      2.612699872883065    0.02289652600374842      4.233292608068702     0.4796207185458738
                 205000      2.450030233672864    0.02287316603126066      2.466790347761127   -0.06146227650214565
                 206000      2.586937859247474    0.02284584349685563      3.735381177533504     0.3522745036560695
                 207000      2.263086616285337    0.02283855269871218     0.5854287271445253     -1.501305379651006
                 208000      2.716888953214589    0.02281464370223095      5.534333616726103     0.7440291996782572
                 209000      2.667645148434599    0.02279263679092879      5.896763007064261     0.8064965312947919
                 210000       2.58726676911205    0.02276589769009752      3.757125741600225     0.3545733733432644
                 211000      2.461605008487334     0.0227422113952779      2.723260393354706    0.03170800480529386
                 212000      1.734608496006847    0.02273560671263579     0.5465014646733634      -1.57463058029005
                 213000      1.882080643617998    0.02272945291864438     0.5072826396293846     -1.649369949446739
                 214000      1.919777313332578    0.02272155713302937     0.6654941910942977     -1.378255804751604
                 215000      2.398604440885549     0.0227051347380989      1.578703971053449    -0.5151492244508596
                 216000      1.940084477023066    0.02269639647460142     0.7488444915695156     -1.261362334372175
                 217000      1.857241364474493    0.02269024729155851     0.5115330163363837     -1.642752512393665
                 218000      1.792460685369509    0.02268350593896083     0.5655218151316378     -1.542712919918902
                 219000      2.617048532545681    0.02265749456704054      4.451243832035903     0.5193296908770857
                 220000      1.979690290273717    0.02264940833012734     0.6971487772788404     -1.334967270152412
                 221000      2.621836611729815     0.0226239034176746      4.661056895774972     0.5639046825525947
                 222000      2.413994932116323    0.02260561337421648      1.897341159423439    -0.3356927910598522
                 223000      2.516337311484781    0.02258023457339489        3.6943597001458     0.3295376361887723
                 224000      2.689522405377146    0.02256112669076514      6.202835305658946     0.8468903000094863
                 225000      2.480058720748647    0.02253720254119071      3.158657595065656     0.1709699534787243
                 226000      2.574256245682624    0.02251226110935158      3.730738501555806     0.3363217405083764
                 227000      2.353039195686482    0.02250041094326538      1.134851082558892    -0.8543095515020492
                 228000       2.39833068206078     0.0224840091703297      1.715249484085128    -0.4419816674144473
                 229000      2.569231453581958    0.02245935010400454      3.789836330944012     0.3496852846761973
                 230000      2.543098643156066    0.02243477628493696      3.878138427313844     0.3716229571832046
                 231000      2.720725786447503    0.02241212867182068      5.301940714155016     0.6833306346818941
                 232000      2.740442953375842    0.02238778355715176      4.034751677708431     0.4091156287023692
                 233000      1.872082217488951    0.02238105263073772     0.6238914634961688     -1.457908688452033
                 234000       1.93887184464492    0.02237233889892361      0.831494316180134     -1.171050053020548
                 235000      2.615909052515564    0.02234840040115635        4.5151594519097     0.5198506881410699
                 236000      2.741885615519053    0.02232448782996166      3.990499844121566     0.3952561200017746
                 237000      2.336762439794685     0.0223142911871538      1.014545816604926     -0.974676187585499
                 238000      2.461321719766753    0.02229307048722845      2.808276478302616    0.04250226972170056
                 239000      2.705067377987926    0.02227397592923554      6.002675141589254     0.8012796628767055
                 240000      2.443823951907732    0.02225404784978052      2.553663371859065    -0.0542916996839602
                 241000      2.648119775561147    0.02223266320474393      5.408126517850886     0.6951206939009953
                 242000      2.580341164310192    0.02220954211351069      3.918130254924219     0.3717920234693711
                 243000       2.72090416380913     0.0221883693091829      5.414212910883592     0.6942512007822108
                 244000      2.669108508092736     0.0221692673247541      5.947247839615118     0.7872909773964244
                 245000      2.729121225221721    0.02214714626439896      4.977533098453763     0.6082984956952716
                 246000       2.44259730693779    0.02212797151880952      2.564760400717598   -0.05563701117807517
                 247000      2.477577291852966    0.02210683772925946       3.16199262576878     0.1527448046045753
                 248000      2.502113757798949    0.02208490586308245      3.591682265018353     0.2791705105760028
                 249000      2.725588482918514    0.02206379905895502      5.228198840751376     0.6536604804444679
                 250000      2.708974165935548    0.02204525471022592      5.978535920463763     0.7869285192582548
                 251000      2.585042304017498    0.02202330048519778      3.945585292703917     0.3703537500979829
                 252000      2.710284223344914    0.02200486624961579      5.981991031601742     0.7856725208168651
                 253000      2.449107159550012    0.02198579743047998      2.753782006082156   0.009027353116520554
                 254000      2.353606311749932     0.0219749992963123      1.241484018520288    -0.7881316975080777
                 255000      2.715197336921458    0.02195586684036292      5.746941836682069     0.7433576824411099
                 256000      2.549187313027209    0.02193466779296483      3.745439689715911       0.31426284442608
                 257000       1.66192877116586    0.02193034064737014     0.4564744521343935     -1.790696011686641
                 258000      1.893280999585458    0.02192363325632206     0.7334787248707314     -1.316736049900434
                 259000      2.555831591628128    0.02190246452004599      3.886326434648299     0.3497189535980509
                 260000      1.926729950166061    0.02189458039197808     0.8863049184084969     -1.128799662592578
                 261000      1.940878064931574    0.02188624550083935     0.9460553689087534     -1.063940364175116
                 262000      2.699802549921187    0.02186956213136605      6.269538992897624     0.8264540769260031
                 263000       2.72404897868222    0.02185014722466395      5.510230238845348     0.6964695051938808
                 264000      2.508134136598856    0.02182967569397146      3.674989928888786     0.2904761444727009
                 265000      2.663089537825719    0.02181114253468361      5.756149518535308     0.7383451672427936
                 266000      2.522872315512056    0.02179066984138025      3.866994723436135     0.3396149751453031
                 267000      2.586861914859778    0.02177020175562315      3.994620621987771     0.3711461920819675
                 268000      2.635932069973924    0.02175026385306231      5.043518316819579     0.6033852436879855
                 269000      2.645457116228296    0.02173101122594401      5.364481809623273     0.6641955511107278
                 270000      2.658255760184408    0.02171277782389465      5.737088872598153     0.7305082814641849
                 271000      2.641330036650879    0.02169364549450179      5.354664043510083     0.6606427860439642
                 272000       2.46883465534126    0.02167529615647079      3.097618957879042      0.112462362120607
                 273000      2.714560376861228    0.02165780252283593      5.917519338584448     0.7589385513981992
                 274000      2.463092640570336    0.02163976591788805      3.057362285249491    0.09774062054018479
                 275000      2.299141945141521    0.02163398755563592     0.6949239292166007     -1.384031880009207
                 276000      2.712241711642913    0.02161699605126256      6.026239029877059     0.7752584036320657
                 277000      2.657444234141617    0.02159918983254775       5.74705711841035     0.7269991623104364
                 278000       2.68868534601703    0.02158335121832568      6.339716082156467     0.8244116637895307
                 279000      2.725476991973453    0.02156497337340489       5.46997424160815     0.6759997405567276
                 280000      2.395470903323447    0.02155318831822585      1.658891608944306    -0.5176711329155234
                 281000       2.24138544199104    0.02154852920752139     0.5707996926329529     -1.584753930096789
                 282000      2.515424714289754    0.02152958691712211      3.861065416557715     0.3260267226286604
                 283000      2.353312401403291    0.02151967719308614      1.349977763901359    -0.7252887062317911
                 284000      2.578901726484737    0.02150078575447135      3.960181559123134     0.3500347914421061
                 285000      2.570134276655582    0.02148197456103145      3.983187671214106     0.3549520498985391
                 286000      2.696659110922228    0.02146713119123473      6.504038609347105     0.8446017298035728
                 287000       2.58392415785744    0.02144841764072163      4.102544673298293     0.3829137439769077
                 288000      2.692435454775596    0.02143375993771643      6.543741986603313     0.8491318549848864
                 289000      1.629847275663153    0.02142929607770865     0.5698060619648172     -1.592044819009229
                 290000      2.439420182252541    0.02141373218011294      2.652757422420705   -0.05471251955270267
                 291000      2.637639852417486    0.02139586188948028      5.328456096838057      0.641914504792121
                 292000      2.691409416457295    0.02138142122557624      6.576564178719678     0.8516902633760461
                 293000      2.699287023757783    0.02136702254248328       6.59614936672359     0.8539902180391377
                 294000      2.552733556003123    0.02134892603992681      4.021571588471458     0.3583296422464689
                 295000      2.350663620665927     0.0213395194396975       1.37080656890462    -0.7183845327995118
                 296000      2.703877284919431    0.02132508413291562      6.564009599349632      0.847141112069947
                 297000      2.710147867406606    0.02131019826850351      6.440419308024275     0.8274348357958683
                 298000      2.738911821688617    0.02129219619182099      4.684115057268972     0.5081730767158963
                 299000      2.665768957366878    0.02127648282494508      6.149330864405023      0.779601081171546
                 300000      2.716806722705331    0.02126101941122481      6.230848773648522     0.7920433225410405
                 301000      2.655613976660793    0.02124467612961115      5.871292882226816     0.7318366287788571
                 302000      2.585565301229448    0.02122718891517016       4.08733468119825      0.368831384197601
                 303000      2.755213544621771    0.02121092620627859      3.314382343870454      0.158443158448261
                 304000      2.554486522904901    0.02119368615005153       3.99769078569504     0.3450756428267581
                 305000      2.636944910097132    0.02117667903536201      5.306895829799125     0.6275630432830308
                 306000      2.445572972088331    0.02116203723296568      2.772040393671122   -0.02255202906310996
                 307000      2.452123541774234    0.02114695871202837      2.946846884178173    0.03788728270917436
                 308000      2.483335667256223    0.02113094155500051      3.377741775483336     0.1736012009623757
                 309000      2.670508653511459    0.02111616127131599       6.29530481118475     0.7954982095903154
                 310000      2.658487103537335     0.0211007180850547      6.022960851237454     0.7505414843107755
                 311000      2.520685839868115     0.0210841619563803      3.876702524558923     0.3091625057149592
                 312000      2.650454398350585    0.02106845435675569      5.845582860139349     0.7191186147635883
                 313000      2.362816940277124    0.02105939446019445      1.478369525366154     -0.656058000567422
                 314000      2.457419214375647    0.02104445362193263      3.084885501739012    0.07880701945320229
                 315000      2.489388600057604    0.02102863304918543      3.547900203205935     0.2178963617734023
                 316000       2.60409918328607    0.02101203744526186      4.378716934951904     0.4275066672056692
                 317000      1.992399129602496    0.02100731402945371     0.7124410716765744     -1.388531974698252
                 318000      1.593090737065875     0.0210036047711542     0.5494939069945817     -1.648408076932449
                 319000      1.911859324967883    0.02099779252866244     0.8980634992358645     -1.157441749042624
                 320000      1.933600483490297    0.02099124294598049      1.029752045405134     -1.020921173396365
                 321000       1.93122413388448    0.02098436719831331      1.090899398026182    -0.9635643290366299
                 322000      1.707455940644206    0.02098106028400375     0.4890648958044996     -1.765984509741177
                 323000      2.024588239736336     0.0209766404523224     0.6679264133629578     -1.454512374192602
                 324000      1.957230443513325    0.02097030517896679     0.9969933553159613     -1.054248338012822
                 325000      2.758457886893286     0.0209555905086187      3.143162957255979     0.0932905027519688
                 326000      2.720080568451808     0.0209412386075812       6.20995557264535     0.7735295335416741
                 327000      2.605990203601983    0.02092500788588936       4.62851945994651     0.4788374769084572
                 328000      2.477937750455766     0.0209097099795219      3.557170559359608     0.2148345233374908
                 329000      2.403867658823806     0.0208992259135411      1.892650935772989    -0.4166539837159168
                 330000      2.577550548622081     0.0208833109492933      4.219624349279895     0.3843518659172136
                 331000      2.522479685095079     0.0208675545179942      4.097182119930237     0.3541504246941544
                 332000      2.546193051466623    0.02085177941076273      4.229897306270818     0.3852724411091588
                 333000      2.703127246460812    0.02083942548905632      6.806187940638656     0.8603342762408452
                 334000      2.560123010438752    0.02082377570889809      4.248153238571297     0.3882351910129717
                 335000       2.67421580841639    0.02081096910000943      6.647881511922196     0.8354338803347442
                 336000      2.001674769216567    0.02080610688577049     0.7898926151687941     -1.294956291256024
                 337000      2.681588510298194    0.02079389925012489      6.844217428403621     0.8637192009054518
                 338000      2.456253465548945    0.02077977514893551      3.251368132562114      0.118711474465213
                 339000       2.72234921465053    0.02076574751251532       6.11683800475953     0.7500056100065304
                 340000       2.69114909179658     0.0207540002758941      6.981916283319832     0.8817178685073964
                 341000      2.686576593085702    0.02074222783679904      6.984264734176667     0.8814867758355752
                 342000      2.552562125272148    0.02072704207147488      4.257376004584089     0.3857476748753575
                 343000      2.692169523617473    0.02071552257861227      7.060972963542076     0.8911215955947849
                 344000      2.404267364405997    0.02070565907255213      1.922619638459672    -0.4102488630365974
                 345000      2.585259431977746    0.02069059395714087      4.339556060192272     0.4031066891753456
                 346000      2.636055823645818    0.02067593292439548      5.542131516790198     0.6470049780626603
                 347000      1.883265894341264    0.02067119974599864     0.8139655280752069     -1.271440410027147
                 348000      1.658094449957657    0.02066776393742532     0.5755439696549663     -1.618209024718702
                 349000      2.634210425384474    0.02065317565348494      5.524782067830725     0.6427683319230169
                 350000      2.541689887585918    0.02063835936230028      4.311911081740521     0.3941880992476447
                 351000      2.538044745014595    0.02062358718996805       4.34950595428505     0.4021531326951167
                 352000      2.687682091282891    0.02061223738235264      7.050694510518006     0.8846665089863657
                 353000      2.659642972355578    0.02059923196990251      6.410141126683794     0.7887905171975182
                 354000      2.518278628217354    0.02058476295496657      4.164209729607101     0.3567330943331209
                 355000      2.664977735930298    0.02057226627557894      6.609124690569569     0.8180505322924608
                 356000      2.436203749618741    0.02056023445708486      2.777862412635693   -0.04930400252877121
                 357000      2.422808904184075    0.02054916955615162      2.441787686052283    -0.1787936037290155
                 358000      2.170114371694939    0.02054651903170592     0.4581914440197625     -1.852121207975105
                 359000      2.475693994269364    0.02053290095038323      3.610955425726579     0.2116563600107119
                 360000      2.413732489447501    0.02052234537349453      2.301776711290482    -0.2391489436036858
                 361000      2.453045159871772    0.02050923724645527      3.355210805264864     0.1370454214354251
                 362000      2.631873603649092    0.02049535231232917      5.620839757330631     0.6523346575021109
                 363000      2.660677481799702    0.02048325090361439      6.658513998236725      0.821159297148794
                 364000      2.611803536989465     0.0204690452505481      4.937033817928464     0.5213339041112791
                 365000      2.429259026592845    0.02045730919608368      2.812423926078658   -0.04195760703109483
                 366000      2.697177313394539    0.02044666970252817      7.191319675815837     0.8963501543928351
                 367000      2.619123649622261    0.02043270111314941      5.217567422279156     0.5748233331643969
                 368000      2.597656740129005    0.02041870397914665      4.681709841521782     0.4657701742477125
                 369000       2.66212242225777    0.02040694135978321      6.740658012617285     0.8296880916299797
                 370000      2.551497617556232    0.02039313643533497      4.427471288278909      0.408682438561085
                 371000      2.644426335405322     0.0203804947335833      6.269007746230502     0.7558518286551319
                 372000      2.527762231707142    0.02036682003082534      4.391425013366304      0.399216324240003
                 373000      2.479117955087958    0.02035384268587067      3.703343188710216     0.2281611378106887
                 374000      2.536253815653192    0.02034021744784182      4.519356699040221      0.426625179486231
                 375000      2.404468891993837     0.0203306654244084      2.193387640755587    -0.2967669873756587
                 376000      2.739550746525015    0.02031707129594622      4.814457038730794     0.4887401953138722
                 377000      2.731801074345453      0.020303785151084      5.518695459844172     0.6246042697089036
                 378000      2.672076000784879    0.02029294149916372      7.016348330677205     0.8641714558414388
                 379000        2.5027010496351     0.0202798234972153      4.109826848720117     0.3286628115253794
                 380000      2.717479074727742     0.0202679727294665      6.530065538827888     0.7911143597055651
                 381000      2.707698321958159    0.02025708955549811      6.986378486137776     0.8581225942862326
                 382000      2.668364176772109    0.02024613140874012      6.956419431690273     0.8532840640379991
                 383000      2.592332298013067    0.02023294704933389      4.535623063366541     0.4249302195942601
                 384000       2.50474315185269    0.02022004422855218       4.16058259086912     0.3379849490840718
                 385000      2.629523831247697    0.02020724981066248      5.727687316102375     0.6570087188123099
                 386000      2.668519852083936    0.02019649533802135       7.00626246323089     0.8579689157247904
                 387000      2.724171004378089    0.02018423475934129      6.155490036379959     0.7279016524622083
                 388000      2.722876566414099    0.02017217604140741      6.280596634579403     0.7474246504459581
                 389000      2.304913670836418    0.02016832922490009     0.7956829499618135     -1.318785524897305
                 390000      2.251773542437756    0.02016500315138415     0.6798860379441652     -1.476226063732432
                 391000      2.500438086619365    0.02015242077056659      4.113579693097661     0.3232734774408803
                 392000      2.576960257653228    0.02013968426371838      4.391475272399464     0.3880128714431825
                 393000      2.440411948894567    0.02012863173002393      3.093328153302243    0.03704628698613607
                 394000      2.716506167625548    0.02011738655743688      6.674907225821276     0.8055951872374719
                 395000      2.456614179317781    0.02010579017190069      3.453586753403412     0.1460766092739186
                 396000      2.515806028159758    0.02009325852152297      4.351398619130179     0.3765371147083496
                 397000      2.264017946378237    0.02008959324452512     0.7759528137775897     -1.347806197899362
                 398000      2.485691179228956    0.02007745276112001      3.950473845099972     0.2790884025319302
                 399000      2.641168065263722    0.02006565615509104      6.217113726273034     0.7319709103463609
                 400000      2.525565536708443    0.02005319768307501      4.499161323275593     0.4079350710554949
                 401000      2.437013960176605     0.0200424615654294      3.086779055137619    0.03063670933634228
                 402000      2.718267231266596    0.02003131152608607      6.588102018487627     0.7882173610967659
                 403000      2.691393375326508    0.02002147366738029      7.253808498529832     0.8839874597967211
                 404000        2.6396332585855    0.02000977235140546      6.173473013487052     0.7221377762362127
                 405000      2.698417122557692    0.01999992755346485      7.251916964325631     0.8826499317877913
                 406000       2.58048529157907    0.01998777850412607      4.409520376178259     0.3845423750638225
                 407000      2.628297080391543    0.01997575083099465      5.722758470001957     0.6446254564060969
                 408000      2.455977919775464    0.01996459754015695       3.51981067960061     0.1580232237799914
                 409000      2.686564281253649    0.01995490450971222      7.288402445087569     0.8854147696559943
                 410000      2.515900380119063    0.01994291820558743      4.426631059164123     0.3861683524152268
                 411000      2.196515976415772    0.01994056467803043     0.5133835902078577     -1.768320453263722
                 412000      2.454884140714559    0.01992950953179769      3.542120794546482     0.1625826044211339
                 413000      2.735204431244073    0.01991750831867169      5.390111285528752     0.5818206290801965
                 414000      2.225381590984227    0.01991465797987813     0.6350318171122333      -1.55696869538768
                 415000      2.480592412901962    0.01990312730837194       4.01978476416575     0.2877606682811078
                 416000      2.574517603520899    0.01989129154519061      4.494969816732064     0.3988964159815722
                 417000      2.506121855583921    0.01987950984712574      4.472978085518268      0.393399408283395
                 418000      2.613894062596442    0.01986764918833253      5.257788223888886     0.5544586263107931
                 419000      2.676076398267201    0.01985815293526601      7.283019434854715     0.8798156215586472
                 420000      2.518811384138283    0.01984643111459429      4.613352373203527     0.4226344246831882
                 421000      2.669062289102285    0.01983674511799267      7.178418012465933     0.8642704958808085
                 422000      2.392350896451598    0.01982944592564077       1.94667655689289    -0.4410529725442939
                 423000      2.726225475401074    0.01981836682403821      6.232494300935987     0.7220411848875031
                 424000      2.660529155946969    0.01980839771179028      7.003937978314148     0.8382339716237763
                 425000      2.619026193945982    0.01979683986954729      5.482691612241784     0.5927739106849098
                 426000      2.549309491863312    0.01978534808431068      4.607215710049616     0.4182208128999764
                 427000      2.489267775038291    0.01977410071123243      4.255458233560358     0.3382309235442012
                 428000      2.571479656778976    0.01976271846768511      4.541356503398251     0.4026784516301042
                 429000       2.57417498150355    0.01975134599130899       4.60816851068382     0.4167075701452778
                 430000      2.547866590000778    0.01973997543404425      4.708877406999765     0.4377507644638378
                 431000      2.697107358850333    0.01973098420218193      7.431472054274579     0.8935696022627733
                 432000      2.453272893469288    0.01972058976626773      3.608641007830295     0.1706499428610592
                 433000      2.640908981626859    0.01971005981985147       6.45572176302591     0.7517514265521892
                 434000      2.700342702671196    0.01970105744281214      7.413642170090649     0.8896495888624394
                 435000      2.768044840875353    0.01969323360796782      2.288287204065122    -0.2862658652627958
                 436000       2.08911916238881    0.01969125559904805      0.471369909267839     -1.866282026454112
                 437000      1.912923357407913    0.01968702203483554      1.076468242644389     -1.040699386702053
                 438000      1.981746292737098    0.01968344421256877     0.8926712978960958     -1.228103528438173
                 439000      2.090980923949202    0.01968124684530812     0.5279775667508738     -1.753379800036856
                 440000      1.810415868058443    0.01967880061179571     0.5920168489583818     -1.639022800402554
                 441000      2.607381794385521    0.01966763824376418      5.336261063811727     0.5591552264392883
                 442000      2.658204685088661    0.01965842900269996      7.255279325563059     0.8658910277042555
                 443000      2.677166445019492    0.01965007187692196      7.689247145476133     0.9235593122118533
                 444000      2.638497381824915    0.01963996424360579      6.671536314271304     0.7810720854921294
                 445000      2.666390963970218    0.01963129486811051      7.546479568599369     0.9038615798381886
                 446000      2.679618826497564    0.01962313327790621      7.798401390293592     0.9362833400531522
                 447000      1.942381725698387    0.01961866731368456      1.184742296275686    -0.9483377558411114
                 448000      1.692616048835877    0.01961645110977201      0.550243423361227     -1.715370516440385
                 449000      2.020078378191748    0.01961331248103878     0.8002287753054582     -1.340993641390639
                 450000       2.41040998744694    0.01960535499361355      2.460462960222815    -0.2181922918915912
                 451000      2.728239010615981    0.01959491601202439      6.273726793498407      0.717296146222145
                 452000      2.687107760060496    0.01958696687467282      7.877643349252114     0.9445486192460906
                 453000      2.516384408963444    0.01957616383112854      4.767017450520411     0.4416889697703612
                 454000      2.678872383200079    0.01956813917444011       7.84437259545342     0.9393545369473737
                 455000      1.750591078650521    0.01956556758991414     0.6595301159202457     -1.536800939597668
                 456000      2.136761133451752    0.01956354534553198      0.511136741326486     -1.791794788180946
                 457000      2.317618569618935    0.01955981294060376     0.9924000107300106     -1.128496477377282
                 458000      2.517537547734189    0.01954906665617837      4.890285758844009      0.465833720868464
                 459000      2.680836409911395    0.01954144291712234      8.018136348246038     0.9598989452852377
                 460000      2.455339209773588     0.0195315027593219      3.804208960424178     0.2137922008449697
                 461000      2.475365088569768    0.01952119970201083       4.22074714951889      0.317168639043753
                 462000      2.659312877326288    0.01951270671883338      7.576123695622272      0.901723000788163
