#! FIELDS time e sigma_e height
#! SET action OPES_METAD_state
#! SET biasfactor       1.927441707340398
#! SET epsilon     0.01821196306674905
#! SET kernel_cutoff       2.830433390657354
#! SET compression_threshold                       1
#! SET zed      0.1539270323569161
#! SET sum_weights        509.120846754663
#! SET sum_weights2       868.8375381727923
#! SET counter  368
                      0      2.539581395313564    0.03013731598447235      183.3394832000383
                      0      2.665666241046745    0.02807957567776371      401.7431623576607
                      0      1.684708684227432    0.03319695536736909     0.6122661113424301
                      0      2.094951242256939    0.02806855126689892      3.274156330588777
                      0      1.907856586028373    0.03478626183923819      1.181341356357931
                      0      2.706467121814494    0.02615332770504113      237.7862638981603
                      0      2.486211814437907    0.03122037024453633      139.8135967752098
                      0      2.622358833535982    0.02798336501582883      184.6148572733825
                      0      2.051473382995704    0.02694681452323838      4.178585192691103
                      0      2.355689379446571    0.02834899053220918      7.898762947908368
                      0      2.434764168778004    0.02616830462263359      41.66837248797253
                      0      2.270224561936594    0.02772304621624875      2.025880364117258
                      0       1.54051972773122     0.0283652149239096     0.3088536246131788
                      0      1.945663992163676    0.02472628208524801      1.561552441036263
                      0      1.978489566275033    0.02268262530497061      1.765451771244511
                      0      2.748482079901346    0.02457830793937641       27.0401910354767
                      0      2.389315990530329    0.02282770467648303      10.03626823248444
                      0      2.164086121427376    0.02482538678452961      1.442904871851416
                      0      2.309448973609492     0.0231312728595803      1.417414738297378
                      0      2.578879146513299    0.02240737254656385      18.85240591461386
                      0      2.008828417741202    0.02168727226780163      2.430066602911941
                      0      1.827403523234037    0.02159066749486089       1.45739368961624
                      0      2.230259641575136    0.02080255937172622      1.080317351571802
                      0       2.78814383052877    0.02121383045843612     0.9906769420417834
                      0      1.421591434204125     0.0206600297399406      0.422613153840033
