#! FIELDS time e sigma_e height
#! SET action OPES_METAD_state
#! SET biasfactor       5.011348439085033
#! SET epsilon    0.001910020759284688
#! SET kernel_cutoff       3.538542402811424
#! SET compression_threshold                       1
#! SET zed        0.13651030348426
#! SET sum_weights       171.9267129246228
#! SET sum_weights2       446.9743328256176
#! SET counter  170
                      0       2.66773737865537    0.03832163099464793      135.6389676509105
                      0      2.493929324743318    0.03774617336368102      42.60136716603962
                      0      2.017046221803456    0.03676075014037641      2.535063446082004
                      0      2.354366803333667    0.03553998064699988      4.809869481107534
                      0      2.443166266063034    0.03786802332482521      13.60874139970094
                      0       1.94447544855931     0.0363588008782381      1.799459150252594
                      0       1.86470647293592    0.04036763096915834      2.015791353578126
                      0      2.184869446779525    0.03482789793401853     0.5081509985662714
                      0      1.627176348870203    0.03604927666824878     0.3805834811105858
                      0       1.69379076569753    0.03326803652022559     0.2999992570012017
                      0       2.26256046679159    0.03851164432220908      2.744552832552547
                      0       2.60126233700822     0.0368289597428321      29.85685796168945
                      0      1.759376308756113    0.03335458336704241       1.05785760448456
                      0        2.0972783932184    0.03468155799467438     0.1669182508854885
                      0      1.459403627303609    0.03563021865669024    0.02705266600962135
                      0      2.556832253122973    0.03303955635900439      45.30353449964052
                      0      2.719144808964384    0.03357860326664566      31.23604546595944
                      0      2.139438711298272    0.03039443517944639     0.3608595555049807
                      0      1.578510888996135    0.02894048703782588     0.0457772162179375
                      0       2.40085414159811    0.02783402109866421      5.429425799785209
                      0      1.807323172094926    0.02800153892896268     0.1802707450324082
                      0      1.524417581698395    0.03129391573029695     0.1115263345129018
