#! FIELDS time e sigma_e height logweight
#! SET action OPES_METAD_kernels
#! SET biasfactor       5.011348439085033
#! SET epsilon    0.001910020759284688
#! SET kernel_cutoff       3.538542402811424
#! SET compression_threshold                       1
                   1000      2.734368765947155    0.06321896844457647   0.006322704301097473     -5.011348439085033
                   2000      2.500573575069903    0.06305404047490903   0.006339242349656035     -5.011348439085033
                   3000      1.894204792634542    0.06289061590264555   0.006355715204224208     -5.011348439085033
                   4000      2.113097057490776    0.06270014634860911   0.007508544802102595     -4.847694380487844
                   5000      2.448075256720697    0.05515398644470267     0.7962476967573905     -0.312060500171779
                   6000      2.292026602026102    0.05386487137893726     0.1289305609716836     -2.156347340310088
                   7000      2.633213701165636     0.0534031808731806    0.04723436978795586     -3.169107729023154
                   8000      2.694647079917702    0.05127670306251599     0.2894198226074753       -1.3969850161259
                   9000      2.560968745834582    0.04842086362713827     0.7449868670669374    -0.5088024635616772
                  10000      2.714371320005564    0.04629023106652575      1.062564626202209    -0.1987281708479576
                  11000      2.619291284842552    0.04486441639464081      1.482064032011088     0.1027361428369733
                  12000       2.52203251936193    0.04356271804254173      1.537937422785705     0.1102993144270309
                  13000      1.717614567336522    0.04354205480787325   0.009551411560795571     -4.971683641961849
                  14000      2.031756246938695    0.04349487180528812    0.02200726067201891     -4.138084370136195
                  15000      1.923052852450126    0.04342505241690842    0.03292354005830756     -3.736875416797343
                  16000      1.730926553225059    0.04334073697053618    0.04021209373712171     -3.538839051230475
                  17000      1.646192562400709    0.04326156565233155    0.03804832991616496     -3.595978038126128
                  18000      2.047500448489094    0.04307725529101241    0.09204260308938077     -2.716853155933094
                  19000      2.473545907263537    0.04280788449204494      2.560341006907949     0.6025181959473977
                  20000      1.740873952095766    0.04263736620348938     0.1146112041650786      -2.50782326437995
                  21000      1.999212990069551    0.04241151973297574     0.1575670529662419     -2.194828723266345
                  22000      1.898426682059347     0.0422542248270868     0.1101668125588871     -2.556399801583759
                  23000      2.077173102417059    0.04194014703540951     0.2367128947997079     -1.799008317452752
                  24000      2.699267450360245    0.04098503772932139      1.768008657008864     0.1887163651483025
                  25000      2.726957126341321    0.04033025895102792      2.451069566142145     0.4992819543487532
                  26000      2.355539593184365     0.0400445469157685     0.3308792010258721     -1.510353976687155
                  27000      2.556172701026022    0.03944636019200599      2.585533083543578     0.5305289255590447
                  28000      2.252725807720471    0.03932815674291198     0.1563779499669386     -2.277883288993068
                  29000      1.246593745526205    0.03932019870211743    0.01016563641307194     -5.011348439085033
