#! FIELDS time e sigma_e height logweight
#! SET action OPES_METAD_kernels
#! SET biasfactor       2.698418390276557
#! SET epsilon     0.01374333274381851
#! SET kernel_cutoff       2.928208142815685
#! SET compression_threshold                       1
                   1000      2.666002604137441    0.06053155025577301    0.06672079877255445     -2.698418390276557
                   2000      2.302590516771454    0.05920511112449938    0.06821562036279934     -2.698418390276557
                   3000      2.508536017378252    0.05716956777449188     0.1248843599231563     -2.128689927812789
                   4000      2.622906489238778    0.05213421000913263     0.9838767013223467    -0.1567779002036594
                   5000      2.792745645334113    0.05152921934337587     0.0783771505850569     -2.698418390276557
                   6000      2.626442451235321    0.05060681599070412      2.372025406406578     0.6934859004153376
                   7000      2.616183592962813    0.04835679889894492      2.711401803243028      0.781728039899677
                   8000      2.659996610397518     0.0462362130060967      2.422831858648272     0.6243558056856401
                   9000      2.638395273410123    0.04468665947479976      3.059422647912607     0.8235566701094788
                  10000      2.465611988222546    0.04445960037538338     0.1903882497313924      -1.95845351425924
                  11000      2.711263429828589    0.04327613525808691      1.535394152404941      0.102043896962728
                  12000      2.698292992369502    0.04212964379676122      2.111241176993861     0.3936830689607713
                  13000      2.723931504813666    0.04120959525983942      1.721294923123541     0.1674034315217701
                  14000      2.507910931936536    0.04089965428181454     0.4466262000081841     -1.189256227782488
                  15000      2.533533039350186    0.04037488594361723     0.8887460912394134    -0.5140803015263711
                  16000      2.478781130655751     0.0399992917812437     0.6308856969033586    -0.8661133925371222
                  17000      2.498734485999064    0.03950030281172621     0.9691585016463385    -0.4493633323021916
                  18000      2.483103737652467    0.03899588915034936        1.0832110721037    -0.3509584832642993
                  19000      2.470115334150162    0.03849129120259797      1.206256698072112    -0.2563906225843979
                  20000      2.495781468248913    0.03794639948518987      1.590869408662086   0.006110726586359964
                  21000      2.732881860072959    0.03743411536055227       1.66710157065241    0.03932443395294263
                  22000      1.796299003571407    0.03738496857437227     0.1080304073540073     -2.698418390276557
                  23000      2.108614045501906    0.03733605460599903      0.108171938000039     -2.698418390276557
                  24000      1.995273061638269    0.03728737158551777     0.1083131691045452     -2.698418390276557
                  25000      2.019526044257398    0.03719922812574569     0.2021953848517074     -2.076577347792526
                  26000      1.871345092557702    0.03714450252088874     0.1243586847847049     -2.564114052322058
                  27000      2.144986538790615    0.03706370561298725     0.1879660985455073     -2.153200016105014
                  28000      2.293167329831296    0.03698388865295096     0.1875548940770344     -2.157545894231458
