#! FIELDS time e sigma_e height logweight
#! SET action OPES_METAD_kernels
#! SET biasfactor       1.927441707340398
#! SET epsilon     0.01821196306674905
#! SET kernel_cutoff       2.830433390657354
#! SET compression_threshold                       1
                   1000      2.509022353966556    0.05785834540142751     0.1509064987297364     -1.927441707340398
                   2000      2.697679763665497    0.05566206205584254     0.1568608852123671     -1.927441707340398
                   3000      2.652795647050711    0.05129952821111457      1.035730573150758    -0.1215559612637471
                   4000       2.65177810483604    0.04893240326386632      1.616797106855221     0.2765423559195195
                   5000      2.389418663974452    0.04808039872684654     0.2255180486583594     -1.710825063887911
                   6000      2.429152318137773    0.04642301776633032     0.6231912992538667    -0.7294508993686917
                   7000      2.490892784834105    0.04485993067005671     0.7978606734048717    -0.5166208701112789
                   8000       2.64542243751398    0.04364903367297395      1.740688797964743     0.2361174775357227
                   9000      2.468025614946999      0.042454577129061       1.10518895868066    -0.2458935075899586
                  10000      2.591325528690418    0.04140909368749228      1.278111210664269     -0.125460679755551
                  11000      2.176595657029326    0.04112937415851829     0.2122862432375927     -1.927441707340398
                  12000      2.679299394821348    0.04034675956197607      1.842300478370654     0.2141815716963648
                  13000      2.696205034900315    0.03963243774930258      1.918448157357089     0.2368199636656073
                  14000      2.691173748217139    0.03906339371504963      2.274929084222974     0.3927901242650102
                  15000      2.709157372239914    0.03848370949493641      2.235670738491211     0.3604317492752254
                  16000      2.457366114383709     0.0379294806510455      1.239886888250171    -0.2435957426123044
                  17000      2.705852423422443    0.03746141732886663      2.444472456761118     0.4227963054132403
                  18000       2.71105238181004    0.03702195745739278      2.550474424483519     0.4534460098802622
                  19000      2.497399068788927      0.036595565898805      1.257949589648514    -0.2649343938061244
                  20000      2.690630209577598    0.03624576693404803      2.846219213046203      0.541969559691703
                  21000      2.677778168139508    0.03590299601856321      2.925586959862155     0.5599713149366977
                  22000      2.665041956647742    0.03555461101383463      2.888133548992222     0.5373357533339456
                  23000      2.567714525614968    0.03529738652845714       0.92349290388355    -0.6101278003547421
                  24000      2.508443843216729    0.03498972290868508       1.30269426339591    -0.2748555449458874
                  25000      2.655026717731138     0.0346756570767035      2.812599242963299     0.4858024066746833
                  26000      2.676648161034613    0.03440258440245231      3.148161776707421     0.5906058468619378
                  27000      2.687685523621409      0.034136859329038      3.207222253469009     0.6014383779547717
                  28000      2.757336050751464    0.03387521264226127      1.524603812924947    -0.1499264242760669
                  29000      2.581459807743607    0.03365179348059869      1.246405524046541    -0.3580143813395916
                  30000      2.711816567726421    0.03339758703500523      2.992622465362707     0.5102891724003126
                  31000      2.595092949065605    0.03316807851225709      1.541328475657573    -0.1601119483321525
                  32000      2.679021629290584    0.03295430191881515      3.350681887144582      0.609941122722382
                  33000      2.726583501125844    0.03271518611429792      2.714873034687541     0.3922400029473134
                  34000      2.683122385543957    0.03250257185324327      3.218364857051128     0.5558480801373783
                  35000      2.690117392506445    0.03229742043659304      3.269262416228125     0.5652072008531368
                  36000      2.495388171266508    0.03213970374369007      1.234186608195525    -0.4138402833866834
                  37000      2.461089549839381    0.03198387901687164      1.261607351486874    -0.3967259833216828
                  38000      2.524757528896249    0.03183303071256146      1.250517122163455    -0.4102829463647328
                  39000      2.418554803096741    0.03171452282729621     0.9265109383969748    -0.7138992800742108
                  40000      2.620055824621855    0.03153084571864065      1.981726768554853     0.0405903036148437
                  41000      2.658071719758465    0.03134982901273783      2.981360336163196     0.4432439357062476
                  42000       2.59186881006675    0.03119657511847276      1.567727487750768    -0.2044091345292443
                  43000      2.526711869486121    0.03106021881910816      1.348924456240005    -0.3591091236455553
                  44000      2.353891468878147    0.03100562168305528     0.4417850588421622     -1.477107836958361
                  45000      2.482728235861541     0.0308561402407993      1.682299720133041    -0.1448470579342083
                  46000      2.346116095198721    0.03079360699362511     0.5360954359922199     -1.290480540465699
                  47000      2.711979882020486    0.03064119524078282      3.177539362295453     0.4841079028773088
                  48000      2.565806964822226    0.03051408284009897      1.437166778382128    -0.3134825922368469
                  49000      2.671465204679439    0.03037377245712684      3.342902972439998     0.5260745086065298
                  50000      2.656835848552274    0.03023112324611092      3.170404103136103     0.4683864596428529
                  51000      2.633119902536345    0.03008600040432192       2.66465291692902     0.2897892100784794
                  52000      2.519344279006332    0.02996965171663761      1.529059427519527    -0.2695065089166613
                  53000      2.643818921505349    0.02983273959865476      2.867952401896873     0.3548601988008745
                  54000      2.048675476573314    0.02980441886877247     0.2929498597261117     -1.927441707340398
                  55000      2.058723944395178    0.02976817102545514     0.3839141531746765     -1.658241136744117
                  56000      1.925711825826638    0.02974008284936803     0.2935835912444578     -1.927441707340398
                  57000      1.978396127364282    0.02970946961052835     0.3234238360926863     -1.831670355005198
                  58000      2.080440600161329    0.02966719421244733     0.4623290950878015     -1.475781013329139
                  59000      2.052161594861926    0.02961376871959122     0.6073641205714476     -1.204731948226055
                  60000      2.522172676893108    0.02949679046428356        1.8404660523894    -0.1000442737255054
                  61000      2.480720225062743    0.02937941746119012      1.958678943482019   -0.04177998183734143
                  62000      2.564660477595631    0.02926996331279009      1.765339013935041    -0.1494399671007235
                  63000      2.582937340618439    0.02915622163805995      2.032163107053913   -0.01257544121746362
                  64000       2.57127905219254    0.02904494662999653      2.039519975969308   -0.01278557400300639
                  65000      2.598568059866252    0.02893120377880349      2.423975401339271     0.1559850861454694
                  66000      2.700116200593143    0.02883539984888524      3.660633801182997     0.5648955336822392
                  67000      2.503970936744998    0.02873037832198233      2.120604043762111     0.0153114532713607
                  68000      2.559437780301302    0.02862711792277984      2.152794280584077    0.02677654917752114
                  69000      2.520891355953502    0.02852497204514574      2.231227250561733    0.05898712418029921
                  70000      2.308046712332794     0.0284933199112741      0.445273770324582     -1.553740863269046
                  71000      2.475382021547197    0.02839411299305063      2.219775003865705    0.04924311361856657
                  72000      2.641799636021441    0.02830185829339155      3.440244636770034     0.4841254885455974
                  73000      2.531816902157387    0.02820481765232262      2.419984405552647     0.1289093360268601
                  74000      2.593575460632296    0.02810881631352626      2.612945129724566     0.2022167000820603
                  75000      2.347264861048168    0.02806606885486873     0.7022177454995974     -1.113294973853998
                  76000      2.234788468140859    0.02804355296526847     0.3457090759912424     -1.822743475928319
                  77000      2.513489627985306    0.02795065566344854      2.716206627559385     0.2353323802420797
                  78000      2.328064982161827    0.02790583101097424     0.7740659359600913      -1.02160711886428
                  79000      2.528086259265918    0.02781564515017486      2.764062794053185     0.2479556995525518
                  80000      2.342928311612944    0.02776424496897721     0.9523702372573425    -0.8193969366366857
                  81000        2.7285274707808    0.02767841931441511      3.103024723269794     0.3586858141759832
                  82000      2.688555768194985    0.02761276037074503      4.086526105976082      0.631628682231418
                  83000       2.59760649510138    0.02752804575460736      2.793899340134118     0.2482990014159029
                  84000      2.553601262004503     0.0274448770943176      2.741820298240271     0.2264570037613698
                  85000        2.7120502074001    0.02737232302073712      3.735597419070477     0.5330955892883265
                  86000      2.384047144782383    0.02733050411319946     0.8573575445142904    -0.9402413596262399
                  87000      2.785019631385389    0.02728473521596672     0.9690037173941703    -0.8195039967905451
                  88000      2.624967286451661     0.0272083296846483      3.310248088920646     0.4062017405204318
                  89000       2.70111672088882    0.02714697662862407      4.133399883096415     0.6260214044577446
                  90000       2.73690736807249    0.02707102196076363       3.11072714173884      0.338975799708711
                  91000      1.822677031039855    0.02705487356221496     0.3227219046781735     -1.927441707340398
                  92000       2.00734291555688    0.02702934466923297      0.532951312154946     -1.426746652589019
                  93000      2.230428430822701    0.02700624175368388      0.479445174851787     -1.533402276229252
