#! FIELDS time e sigma_e height logweight
#! SET action OPES_METAD_kernels
#! SET biasfactor       4.240371756148875
#! SET epsilon    0.003891431002318289
#! SET kernel_cutoff        3.33135957893421
#! SET compression_threshold                       1
                   1000      2.617063972232687    0.06284082615044533    0.01375115918422312     -4.240371756148875
                   2000      2.490378857277133    0.05881441121224898     0.2165363441552252      -1.54995452294484
                   3000      2.721337850426582    0.05758451447897373    0.07338706177934619     -2.653098505452141
                   4000      2.678022349870317    0.05245381587303953     0.7400371171445587    -0.4354664131803186
                   5000      2.681329415134734    0.05027918966707728      1.772965801550695     0.3959004434040588
                   6000      2.483979749028477    0.04904382689834181     0.3091475847435954     -1.375566732955064
                   7000      2.274408811439171    0.04896815207376225    0.01764686162469828     -4.240371756148875
                   8000       2.58543530722436    0.04697495180194595     0.7660178803499945    -0.5112798099798856
                   9000      1.761861549905023    0.04691279915985844    0.01842000944599939     -4.240371756148875
                  10000      2.051679192234151    0.04685093649937137    0.01844433149536849     -4.240371756148875
                  11000      2.536519054584391    0.04505745895596695      1.401087134882223    0.05084243893424735
                  12000      2.378348303824682     0.0448114996374098     0.1036867177111203     -2.558261023143638
                  13000      1.894856302391716    0.04476249758429948    0.02024122280398872     -4.193007902035575
                  14000      1.631093901220907    0.04471291588297301    0.02058607782524542     -4.177222421802718
                  15000      1.899625488868674    0.04450655659020993    0.08940651915423269     -2.713269723070409
                  16000       1.70531452643576    0.04434648395683531     0.0700970989112112     -2.960185006851404
                  17000      2.499923180161614     0.0440177947583659      2.750715089192059     0.7021103265737566
                  18000      2.142807299043034    0.04396742064131864    0.03014711241945461     -3.812561776746251
                  19000      2.464333985533995     0.0434353301964874      3.339057527869829     0.8826171974287964
                  20000      2.720923177310364    0.04225697885377926      1.892985515489607     0.2875801784927023
                  21000      2.583389689390765    0.04124069166550942      2.302915024547267     0.4592565909368575
                  22000      2.441892308955961    0.04054879935506358       3.41670780953059     0.8368390675589376
                  23000      2.559855817437658    0.03982827223082896      3.333420572185589     0.7942314310814387
                  24000      2.320877844286993    0.03970705423844203     0.2112186437045366     -1.967677157617839
                  25000      2.472996826096713    0.03942031157597411      4.880795159912356       1.16524479267504
                  26000      2.187105224883992    0.03939769997713862    0.04596377158063326     -3.500538890963627
                  27000      2.357911065408476    0.03906300767750413     0.8038918080375752    -0.6474592242414102
                  28000      2.008013496454254    0.03904162377336896     0.0454379731384752       -3.5211233197779
                  29000      2.219421894385243    0.03900131927492772    0.08659360968576546     -2.877278346396236
                  30000      2.550771748528851    0.03848395523125123      4.367177321258997      1.030013723469518
                  31000      2.603737552488168    0.03788623690810527      3.152662197775702     0.6884905797048299
                  32000      2.535829317555682     0.0375762718015978       5.49097110214616      1.235133345375228
                  33000      2.649091027556092    0.03712988542205251      2.118784585951219     0.2709202358692312
                  34000      2.652531157277986     0.0366690740476052      2.642776800892309     0.4794193514952506
                  35000      2.661328090357467    0.03622162860787177      3.105583622807869     0.6285135135275745
                  36000      2.700304052560738    0.03581160478676198      2.906451878887869      0.550860486356526
                  37000      2.700394146073325    0.03541803660446554      3.504349932817415     0.7268816715223525
                  38000      2.590796713968212    0.03507657250347928      4.544038190229405     0.9770049812859045
                  39000      2.767355646564137    0.03489570482465774      1.080425457535034    -0.4646259057909235
                  40000      2.019314188138973     0.0348819403647525    0.07135644242606205     -3.182442980853189
                  41000      2.674751467163472    0.03456407036925522       4.51593328696893     0.9560820252518332
                  42000      2.542800995050056    0.03431285012050463      5.496137160620014      1.145220871925194
                  43000      2.420623651770291    0.03405406923309957       2.29088855537991     0.2625447285703386
                  44000      2.249919025409985    0.03403656044387592     0.1121183165283611     -2.755109875869404
                  45000      2.649917719041976    0.03374984054092606      4.366788744704468     0.8986590283227366
                  46000      2.536595277040382     0.0335182968686354      5.541028631514357      1.129927059775227
                  47000      2.064021388304005    0.03350890209243992    0.06878550099320538     -3.259295722219201
                  48000      2.718195499640613    0.03324660330471765      3.475805759133375     0.6554343686826064
                  49000      2.731707041955828    0.03300035202405197      3.267668575031759     0.5862504232089223
                  50000      2.688213942009397    0.03277078273038962      5.017785726207407      1.008181531779045
                  51000      1.805236311183462    0.03276590917003254     0.0416334820312441     -3.783806520825642
                  52000      1.976711038599382    0.03275728071981502    0.07408114470120232     -3.207813549326627
                  53000      2.157766748419959    0.03274853961516978    0.07514879477706315     -3.193771393514087
                  54000      1.948822203124644    0.03273788234737677    0.09194046856240808     -2.992425665493359
                  55000       2.01494079947426    0.03272388451087739     0.1214194816287433     -2.714743276294179
                  56000      2.701587704844759    0.03251268827691006      5.344105539309036      1.063280044605857
                  57000      2.292548405505335    0.03249045679955827     0.2072890115054781     -2.187039421580061
                  58000      1.767436093749614    0.03248345024691623    0.06430833570719874     -3.357679844149142
                  59000      1.992852463310547    0.03246640623522501      0.158546798932976     -2.455844129615287
                  60000      1.819597668855413    0.03245849770575802     0.0729143299838476     -3.232852371468419
                  61000      2.055557580982112    0.03244370072657626     0.1377478120087118     -2.597168975223344
                  62000      1.914295142441013    0.03243165623669351     0.1119755195811578     -2.804684578824885
                  63000      1.958898157764781    0.03241075446918778     0.1968543166885268     -2.241145599449648
                  64000      1.636025173356068    0.03240550117964827    0.04865831615176251     -3.638948910928252
                  65000      2.017007388209488    0.03237975421249457      0.244956270357005     -2.023486777428273
                  66000      1.996536353605032    0.03234633101264815     0.3225110196388003     -1.749461936988727
                  67000      1.831384228440863    0.03233577645093295     0.0993202950989656     -2.927575662056045
                  68000      2.014943894600037    0.03229525699520563      0.397492731278889     -1.542002816175353
                  69000      1.799380623251665     0.0322814092058458      0.131833248042749     -2.646070491478291
                  70000      2.072877478284629    0.03226060753249529     0.2002448728907872     -2.228711954228035
                  71000       1.81717268299675     0.0322420625715407     0.1785297814578589     -2.344072519863956
                  72000      1.996703986304031    0.03219432927784707     0.4800481048275016     -1.356423196275547
                  73000       2.11816312773055    0.03218294688699008     0.1096158879987485     -2.833680801224336
                  74000      1.937710443977261    0.03215564610432373     0.2690408440961039     -1.936648583522438
                  75000      2.350550799687442     0.0320991964389332      0.583247244509204     -1.164657657919679
                  76000      1.754183831436723    0.03208566065562263     0.1325694339167443     -2.646584081688766
                  77000      1.701024340271343    0.03207682225465496    0.08619410482036666     -3.077364334236102
                  78000      1.649295904071153    0.03206817281452436    0.08443710053026969     -3.098228919278224
                  79000      1.883377747068679    0.03205051488737468     0.1746907797255308     -2.371769154849529
                  80000      1.895821784645723    0.03202518472297398     0.2539349475185403     -1.998499103266963
                  81000      2.103180755901536    0.03200676589450231     0.1835650775796111     -2.323583275717438
                  82000      2.661467608684153    0.03183450632271272      5.721655740133877      1.110464472314667
                  83000      2.708167621059159    0.03166719477997404      5.839251292386762      1.125539303096556
                  84000      2.092731826402326    0.03164495061022187     0.2497614560147022     -2.027014957317862
                  85000      2.449106062482707    0.03147390354718405      2.879714290557891     0.4125052659876184
                  86000      2.402790063533007    0.03134837742448038      1.825094042558442   -0.04755053740165373
                  87000      2.706262650078643    0.03120662922509235      6.249983877831029       1.17886486938485
                  88000      2.613704697002883    0.03103223621850857      4.040099385152358     0.7369512719365509
                  89000      2.684595748400789    0.03090531451096698      6.605434937970803      1.224476383151698
                  90000      2.406165605085801    0.03079334323208279      1.902168745174777   -0.02405134438187371
                  91000      2.522333879827502    0.03063170466824812      4.271611297482625     0.7796821197255691
                  92000      2.758238816062815    0.03050824295222676       2.38106122799951     0.1911986280257433
                  93000      2.713020089448384    0.03037757191303192        6.2117624525773      1.145804672356017
                  94000       2.43961988508052    0.03024949679685474      2.801682857757525      0.345355244569954
                  95000      2.249890723312576    0.03023998778715714      0.147462006112955     -2.599364136832733
                  96000      2.708323876096806    0.03012934360645058       6.80121217253718      1.228255862263893
                  97000      2.430927182324436    0.03000785673467203      2.834870183310232     0.3491108217200803
                  98000      2.259880791781623    0.02999651512860088     0.1890014263790216      -2.35926406665931
                  99000      2.511699923821088    0.02985867907410444      4.266671181718895     0.7529649320787762
                 100000      2.480257122041759    0.02972591834431349      4.040151550796019     0.6939569783986005
                 101000      2.237028678981598    0.02971468517739418     0.1991917950630568     -2.316190312318896
                 102000      2.709421469327145    0.02961083903983738      6.796193456843495      1.210158585542495
                 103000      2.694232280616923    0.02952636843145142       7.55146777487805      1.312681098650853
                 104000      2.650234389022012    0.02940208490909847       5.43058359455624     0.9787676290315473
                 105000      2.659777805741384    0.02928410680232698      5.869398810594796      1.052452587997696
                 106000      2.641692209485455    0.02916532114819254      5.439872633621145     0.9723914570037466
                 107000      2.657112142664317    0.02906417764497569      6.810307673905326      1.193599143740574
                 108000      2.705971647749376    0.02897690348931154      7.518786041550545      1.289559213326885
                 109000       2.67836069061937    0.02890766851098765      8.343112961693217      1.391198747624527
                 110000      2.656288221460625    0.02881319061668575      7.275733785889156      1.251033399601046
                 111000      2.625927438101908    0.02870471902389547      4.865142851004076     0.8448130511554673
                 112000      2.687831090509992    0.02864304225424514      8.816946633265127      1.437241621567667
                 113000      2.333912205756174    0.02862899771465879     0.3685067890408711     -1.738220596018657
                 114000      2.498810289249739    0.02853488042817441      3.646129221230233     0.5504487689468455
                 115000      2.711086044731132    0.02844899907015441      7.652295135076045      1.288774036162096
                 116000      2.532289486086583    0.02835576038244818      3.926506510687049     0.6182357373766697
                 117000      2.492045169211341    0.02826556127727611      3.807270974653477      0.584212238255546
                 118000      2.719696269404292    0.02817516723984863      6.960546530755237      1.184354429236639
                 119000      2.055928636786607    0.02816727083816113     0.2300980183707612     -2.225433760894421
                 120000       1.80433259038703    0.02816220607598284       0.14659671878865     -2.676433565083605
                 121000      1.859936651376038    0.02815710430637374     0.1478058733716551     -2.668400398862079
                 122000      1.945982559003769    0.02814894801461985     0.2385631706774441     -2.189955716193532
                 123000      1.800727093226701    0.02814294016387883     0.1748836383781951     -2.500682482329736
                 124000      1.528663229132195    0.02814187041335165    0.03074482290091773     -4.239119704458273
                 125000      1.703205311448566    0.02813901710380285    0.08242188757626911     -3.253091691350972
                 126000      1.967226022707337    0.02812816884061781     0.3207751703870622      -1.89458784318372
                 127000      2.636281300913607    0.02803390116042899      5.827404771436635      1.001641721865523
                 128000      2.006236697261352    0.02802149392034309     0.3787131523199406     -1.732348921014963
                 129000       1.32726077718779    0.02802045149536641    0.03083941041441683     -4.240371756148875
                 130000      1.610504260086292    0.02801853696850739    0.05678842432578314     -3.629901007611334
                 131000      2.642904740748599    0.02793169437401457      6.905506945099377       1.16773668218496
                 132000      2.494802741305433    0.02784714541486456      4.105366600133683     0.6446809450034195
                 133000       2.66338116585398    0.02778604355851829      8.757224597917256      1.400068330172313
                 134000      2.406618697191529    0.02773956587178401      1.759081441698111    -0.2066930326749801
                 135000       2.44319449483139    0.02767080197188935      3.043446627560526     0.3390238468651522
                 136000      2.685011319153193    0.02762527942896693      9.593453183796436      1.485467618452462
                 137000      2.666026455729831    0.02757028248499627      9.242661206335626      1.446223762392359
                 138000      2.518054717503187    0.02749332800682169      4.149018479979144     0.6424705905012826
                 139000        2.0999682367617    0.02748800088926996     0.1896770320070671     -2.443027468785358
                 140000      1.581199876371485    0.02748662981178294    0.04824742009777003     -3.812057786542998
                 141000      2.057918039959673     0.0274787734394091     0.2823994020824007     -2.045363621166232
                 142000      2.143403220373927    0.02747496616718653     0.1352271831735792     -2.781868369943501
                 143000      1.918545459581078    0.02746834915806149     0.2373431643049069     -2.219558394559305
                 144000      2.641614505727993    0.02739237106970458      7.464846570067911      1.226124861831186
                 145000      1.928909929059091    0.02738459707718485     0.2873472000363901      -2.03142789552519
                 146000      2.663379768538956    0.02733495829239676      9.608160734922716       1.47643465824661
                 147000      2.648434856187255    0.02726956528209219       8.57047609732456       1.35974997827107
                 148000      2.779485447334303    0.02724182901789151      1.172318723100555     -0.630607336410382
                 149000      2.542956537649065    0.02717123915039736      4.149311982542235     0.6307570006373954
                 150000      2.703776102669648    0.02711465250083663      9.206896110881226      1.425682482766995
                 151000      2.614095657292673    0.02704106683551175      5.018568321046071      0.816156840167465
                 152000      2.331829912040935    0.02703274030521045     0.3474612152589491     -1.854398057903242
                 153000      2.381993216542649    0.02700778619919139      1.117142113727899    -0.6874456200020881
                 154000      2.421298874671033    0.02696066727719445       2.40350100718469     0.0769609015544547
                 155000      2.681864028395002    0.02692612735505237      10.63901810607818      1.563280726532558
                 156000      2.678541248143366    0.02689214704126002      10.85537125352085      1.582149754112583
                 157000      2.433387283424036     0.0268422154733726      2.791920627461558     0.2223610461285583
                 158000      2.685022619826619    0.02680764665924838      10.96412386465209      1.588971083477035
                 159000      2.601266298798334    0.02674594395015904      4.092523303254858     0.6011999959755273
                 160000      2.131760679026006    0.02674238335377845     0.1640364998219903     -2.615761179893353
                 161000      1.833068201968221    0.02673885857320948     0.1624641415934864     -2.625524646257124
                 162000      1.917753461267091    0.02673308995810179     0.2683510126119255     -2.123901846762592
                 163000      2.145192536066591    0.02672969336866458     0.1567311067028158     -2.661793141702596
                 164000      2.194441841520238    0.02672725421119542     0.1122113589255169     -2.996031813282876
                 165000      2.111945442782976    0.02672216661788123     0.2365243116052539      -2.25055540969063
                 166000      1.980227981008831    0.02671442200515581     0.3641572748362293      -1.81931042357503
                 167000      2.036608583585282    0.02670740810246146      0.329292965740067     -1.920211029357858
                 168000      2.454446570759985    0.02665429519073961      3.290953757046569     0.3797831643118869
                 169000      1.789640486417845    0.02665048731086636      0.178699220680468     -2.533588344067135
                 170000      1.725288380607178     0.0266484652230768    0.09430744863139588     -3.172808107191202
                 171000      2.135414791568603    0.02664366828260727     0.2262142623325469     -2.298065693153163
                 172000      1.891441751493199    0.02663851207924722     0.2437050555529613     -2.223783144571525
                 173000      1.934523156210673    0.02663124175978561     0.3468616447904782     -1.871088830102618
                 174000      2.042809311777095    0.02662391313150323     0.3501794090633945      -1.86184441888554
                 175000      1.958009201453132      0.026615538170462     0.4024203443975685     -1.723107479058704
                 176000      2.066229407432157      0.026608634177048     0.3302440278491082     -1.921032225451659
                 177000      1.852049871382873    0.02660452978820903      0.194381433155097     -2.451195968121263
                 178000      1.746456215052295    0.02660186285167974     0.1256875241652841     -2.887319736053008
                 179000       1.93558864011944    0.02659328765814273     0.4140156107976354     -1.695537320584373
                 180000      1.617380515876997     0.0265917752001124    0.07110156757337824     -3.457388492221284
                 181000      2.247239661658602    0.02658814625764493     0.1720496879392666     -2.573851035688207
                 182000      2.709242199709057    0.02653201829846001      9.067332695739159      1.388685820140814
                 183000       2.65091901510328    0.02647454128263937      8.896891173499366      1.367540912048527
                 184000      2.429700652027544    0.02643100327355261      2.700535255365601     0.1736431214145563
                 185000       2.58942562686375    0.02637944431402968      3.504274879451487     0.4322241375054844
                 186000      2.743653293224455    0.02632261081546615      4.236903930021221     0.6199165317625349
                 187000        2.4519578152697    0.02627408189809761      3.306462273515664       0.37011723017133
                 188000      2.528555496386775    0.02622094799047591      3.901060734406968     0.5334625700391922
                 189000      2.698962845363734    0.02617646078566748      9.985622165329181      1.471662276332241
                 190000      2.655265377780274    0.02612697793528457       9.49741189450601       1.41964318497135
                 191000      2.290392405182121    0.02612330037163979     0.2008373371125248     -2.436776878252501
                 192000       2.50861054329396    0.02607232785803587      3.929522776737819     0.5350479419875231
                 193000      2.564918575443184     0.0260248947097931      3.550855575824999     0.4318975882619178
                 194000      2.303330897090591    0.02602040041058225     0.2517615666941184     -2.214736503965057
                 195000      2.314099334151919    0.02601493165872286     0.3079636054034299     -2.013447561743458
                 196000      2.483356677986508    0.02596540933114219      3.892293316977572     0.5214192052355678
                 197000      1.933826367337824    0.02595828576912433     0.4091124900160283     -1.731618830154344
                 198000      2.473011841615291    0.02590932981953844       3.89766323954112     0.5206357705241398
                 199000      2.519404165588561    0.02585838404354529      4.277441725308402     0.6116454236720259
                 200000      1.483174121972411    0.02585777310622081    0.03485298247797038     -4.198349871042737
                 201000      1.840436001416425    0.02585427614433571     0.2021633553018339     -2.440547772285116
                 202000      1.801603311325186    0.02585059044352559     0.2133959865151465     -2.386616868010631
                 203000      1.695368755625007    0.02584895690080594    0.09375087956839254     -3.209188546194371
                 204000      1.712427076517623    0.02584693670321393     0.1161795291555905     -2.994771090207493
                 205000      2.147920519798604    0.02584342883996163     0.2031978185020318     -2.435863496119739
                 206000      2.057763728035019    0.02583737932019141     0.3549119040834574      -1.87840798576252
                 207000       1.45081834176715    0.02583674378188271     0.0363950645517324     -4.155869008651847
                 208000      2.118225034326235    0.02583172315171599     0.2934529086017795     -2.068779346365675
                 209000      2.534916873074128    0.02577990133320904       4.58657029499181     0.6783831403705519
                 210000      2.528625294304916    0.02572753440020322      4.827152437981071      0.727473970057069
                 211000       2.49318661350314    0.02567598364566124      4.785600668169551     0.7168230527912063
                 212000      2.572343542342357    0.02562899033389641      4.056640295807013     0.5497347011479331
                 213000      2.584531172709926    0.02558245466402679      4.062374542164116     0.5493298548573857
                 214000      2.653387477249622    0.02554113991942085      9.743589675337786      1.422555519682553
                 215000      2.284572839556703     0.0255370621573601     0.2563581970621096     -2.215393352518631
                 216000      2.599515751132075    0.02548943773097133       4.46499103194421     0.6401868033097556
                 217000      2.506240814597084    0.02543985635240526      5.021273522142605     0.7556561209086254
                 218000      2.663057360333347    0.02540661024185574      10.62900704843753      1.504251601370623
                 219000      2.780789557618754    0.02539096788823894      1.097579968122053    -0.7668433191824333
                 220000      2.487703397756413    0.02534328086560524      4.877822982275854     0.7228680882096035
                 221000      2.552222658599769    0.02529650828423424      4.785557357460993     0.7019243097656866
                 222000      2.503594932443738     0.0252483920933095      5.292635574684007      0.800734252076193
                 223000      2.248728495590016    0.02524543942509382      0.199950485723138     -2.475384554111147
                 224000      2.413610302448138    0.02521739449487273       2.26087284641866   -0.05105959413819238
                 225000      2.500946915787064    0.02516970178232935        5.4515352860748      0.827193671586461
                 226000      2.505894517244782    0.02512201872431896       5.67320602871225     0.8651545344811614
                 227000      2.714852079432726    0.02507653015671779      8.278254154266413       1.24121988819415
                 228000      2.092050392399064    0.02507216321209158     0.3121616830977978     -2.036820377236662
                 229000      2.104832480038078    0.02506745549173467     0.3374565497564099     -1.959092669764333
                 230000      1.494155949162892    0.02506683674617198    0.04339254384252123      -4.01026648836959
                 231000      1.882914057773554    0.02506324720697352     0.2559229396799436     -2.235820940547622
                 232000       2.70554184183053    0.02502394659843692      9.522822146700582      1.379179916978245
                 233000      2.124961452701146    0.02501939526907109     0.3320472620292015     -1.977171192064257
                 234000      2.265961704460839    0.02501611531934341     0.2377522052337017     -2.311350634422468
                 235000       2.51733301426254    0.02497041411897089      5.613819699600901     0.8485784878071239
                 236000      2.234182789277961     0.0249676480742377     0.2023852831729867     -2.474345708233502
                 237000      2.461953737871443    0.02492654484774313      4.444504168891174      0.613257046242345
                 238000      2.292130388153385    0.02492251612377528      0.299970069856067     -2.082645481800463
                 239000      2.511759717864553    0.02487730683401378      5.871288807672619     0.8896856216860507
                 240000      2.585104259380947     0.0248385909049114      4.135996831256966     0.5377823374474672
                 241000      2.351129504269509    0.02483209980745068     0.5014533303834821     -1.572452134884974
                 242000       2.41157832189798    0.02480793576945766      2.145121209310621    -0.1199849109127406
                 243000      2.489481333351797     0.0247640090966308      5.832170234679912      0.878435974807946
                 244000       2.69566268655488    0.02473168895821519      10.28005247095366      1.443946177096122
                 245000      1.629274007757687    0.02473068179225022    0.07786943794197873     -3.439021638950041
                 246000      1.860298239808614    0.02472777800540345     0.2271086700645744     -2.368743988191679
                 247000      1.941839670730175    0.02472243611102492     0.4244130990004597     -1.743681394274841
                 248000      2.308779227618579    0.02471795297742906     0.3546222171118444     -1.923516974712838
                 249000      1.667299809127392    0.02471677023019749    0.09177356830467395     -3.275293542065783
                 250000      2.110070737154377    0.02471198690589103     0.3794943270389602     -1.855971767246525
                 251000      2.183714360720819    0.02471024060401391     0.1361081298581041     -2.881432441820665
                 252000      1.615385303513066    0.02470914160816075    0.08535501910397485     -3.348107306798367
                 253000      2.047581989701588    0.02470429587294951     0.3851599656992192     -1.841463947395067
                 254000      2.575760172945229    0.02466577653352875       4.45576293165038     0.6052704543406404
                 255000      2.724861409097792    0.02462284372794697      7.334784517585089      1.101958090529151
                 256000      2.741513319729328    0.02458277401202155      5.084397922084994      0.733878011771411
                 257000      1.896805371465334    0.02457868000976238     0.3348534740596064      -1.98652739503315
                 258000      2.148108033009495    0.02457520074802984     0.2836745828945014     -2.152534260101733
                 259000      1.848990923706937    0.02457211440862445     0.2511762356613408     -2.274332774996849
                 260000      2.694057992711439    0.02454535622676845      10.95726222388293      1.500180571618186
                 261000      2.452035690338285    0.02450938950698463      4.255569736234286     0.5529403782111538
                 262000      2.398087783895375    0.02449094897850343      1.731927879490179    -0.3468057731200725
                 263000      2.251467377058142    0.02448782637002576      0.261641702964485     -2.236947708117165
                 264000      2.634249762696893    0.02444667002000523      7.361839486988245      1.098459280733249
                 265000       2.59501932586806    0.02441047923730639      4.510745180598723     0.6071303231970074
                 266000      2.261123226584797    0.02440698085978028     0.3003695701802628     -2.102217031923321
                 267000      2.295979624839553    0.02440266084691387     0.3732233055018665     -1.885230748970087
                 268000      2.250109987619487    0.02439904654204855      0.311032013263507     -2.067659942393886
                 269000      2.394223886300662    0.02438165612074301       1.66955309792363    -0.3879575264132071
                 270000      2.556250615481615    0.02434390590375929      5.113310227410918     0.7297839735921874
                 271000      2.526219068084989    0.02430450801023544      6.041314640170302     0.8949389296636611
                 272000      2.261822928349515    0.02430045685138818      0.358344753099205     -1.930109170065908
                 273000      2.851599420287427    0.02429995998425378    0.04295004133489889     -4.051587526772034
                 274000      2.208002044100246    0.02429779182297161     0.1895077921262099     -2.567284223392822
                 275000      1.935052673780539    0.02429253318075346     0.4697343372619072     -1.659763519561495
                 276000      1.871216705688192    0.02428911193205472     0.3020151864797361     -2.101594357442912
                 277000      1.866450880069379    0.02428545878959288     0.3232152738045957     -2.033903490104071
                 278000      1.902715707718079     0.0242807310059701     0.4217485824577014     -1.768007407811966
                 279000      1.850647768301202    0.02427705129211582     0.3261570261042106     -2.025189387782331
                 280000      1.599136729120124    0.02427609396974404    0.08336952721114922     -3.389324900911903
                 281000      2.065220059268115    0.02427151921024677     0.4084057868733333     -1.800534971393901
                 282000      1.905442318327425    0.02426636322198573     0.4626183215936008     -1.676106324630295
                 283000      1.954999457541106    0.02426083206445433     0.4981315082844966     -1.602372525459661
                 284000      1.892651448595543    0.02425570914672509     0.4605164618652064     -1.681099219935205
                 285000      2.075024010671903    0.02425088491143363     0.4331790053833258     -1.742495683368387
                 286000      2.337618690414362    0.02424528662294985     0.5059787914430599     -1.587382854511308
                 287000      2.123021591318261    0.02424056983198605     0.4240787067743498     -1.764153105169435
                 288000      2.363900576065541    0.02423135111715355     0.8582189742374398      -1.05959326411459
                 289000      2.593710860024062    0.02419586317005004      4.807887200218548     0.6620948490463412
                 290000      2.647962394013427    0.02416246519152125      9.338927916013116      1.324647303211862
                 291000      2.636204749694307    0.02412560995623822      8.163706358594306      1.188627644309117
                 292000      1.799494853192627    0.02412319622939194     0.2217932090419894     -2.417180507504756
                 293000      2.038842449043251    0.02411846834895863     0.4419454787478064     -1.727935449428501
                 294000      1.767515862234816    0.02411659199001709     0.1720060012664814     -2.671670405985439
                 295000      2.071069966418204    0.02411137825356727     0.4897668360164317     -1.625486552430186
                 296000      2.018851541866964    0.02410675910380707      0.432447342924802     -1.750147010793647
                 297000      1.539431230874913    0.02410625314288253    0.04605017367709877     -3.989897033669731
                 298000      1.911066882569301    0.02410056431772984     0.5374228773745053     -1.533079319555732
                 299000      1.707305129986499    0.02409923053837725     0.1222298381631338      -3.01401673733276
                 300000      1.826655708293158     0.0240960519108953      0.295182162497553     -2.132459169495597
                 301000      1.879232159080234    0.02409105664038162     0.4704003823561544     -1.666674953924008
                 302000      1.541937544136896    0.02409047489323834    0.05313421751300703     -3.847462193157023
                 303000      1.868771110413776    0.02408548891093173     0.4700151802562456     -1.667725309332887
                 304000      2.144489650497202    0.02408169762822392     0.3545978748281964     -1.949663323267777
                 305000      1.881288095407202    0.02407592873397617     0.5480143495670562     -1.514585835620752
                 306000      2.250682103902441    0.02407199481452892     0.3690198071661611     -1.910200396734573
                 307000      1.654067897099892    0.02407085008528725     0.1053445049407322      -3.16386229396233
                 308000      2.653013484197161    0.02404212247209585      10.19223705291013      1.407089190019173
