#! FIELDS time e sigma_e height logweight
#! SET action OPES_METAD_kernels
#! SET biasfactor       3.469395073212715
#! SET epsilon    0.007640039155174105
#! SET kernel_cutoff       3.122291642622147
#! SET compression_threshold                       1
                   1000      2.701937690461893    0.06206017502565676    0.03010226110527593     -3.469395073212715
                   2000      2.508641102046706    0.06134741031342997     0.0309759553928631      -3.45233561157994
                   3000      2.403554811027828    0.05611861845642162     0.3819815124360958     -1.029259993270625
                   4000      2.591210498575051    0.05353760553133028     0.2398553934368893     -1.541679312694972
                   5000      2.713456103083066    0.05065730146617959     0.3993250592152231     -1.087240695629988
                   6000      2.603757514577523    0.04818771126618583      1.157794704934417   -0.07272344738834123
                   7000      2.705698672465601     0.0461417515469889      1.159573759715455    -0.1145738595524202
                   8000      1.913098930473081    0.04599534593449076    0.04061610049682362     -3.469395073212715
                   9000      1.967348670285396    0.04560698832901004     0.1154100213273815     -2.433547693367797
                  10000      1.845401402129806    0.04524877368363232     0.1103235217158624     -2.486507116631597
                  11000      2.691705988146162    0.04589643526459308       2.74245457014502     0.7408962366528711
                  12000      2.643097142602479    0.04487121128031049      2.895447616940469     0.7725915690516936
                  13000      2.493062326473486    0.04443358361633114     0.3013085091557781     -1.499969582717553
                  14000      2.443792619973353    0.04376198662090525     0.5265865634686701    -0.9569185549142554
                  15000      1.906954500901128    0.04347800280722077     0.2136596718729483     -1.865460282830172
                  16000      1.866005121534702    0.04305939726486131     0.3400738584217627     -1.410356522259462
                  17000      2.023110851920922    0.04289376130044877     0.1305182942552073     -2.371860047276074
                  18000      2.191919615781627    0.04283766577167058    0.04361002307686174     -3.469395073212715
                  19000      2.587817270068715    0.04178136777920594      2.318317362831552     0.4789475789227298
                  20000      2.534202850506521    0.04085111196376802      1.633630147951461     0.1063941025431043
                  21000      2.243241118462054    0.04077885164858381       0.08095504078472     -2.900042287592687
                  22000      2.302065689409737    0.04063421355620177      0.168019301488731       -2.1734105684211
                  23000      2.189735794434287    0.04048581568792726     0.1756911139532392     -2.132420739559826
                  24000      2.016146815903022    0.04023321788921998     0.3189542834378822     -1.542359090730119
                  25000      1.719574846681722    0.04019414682176421    0.04647819995148854     -3.469395073212715
                  26000      1.919860431391428    0.03975767552433542     0.6368154824666034    -0.8628169766392129
                  27000      2.748747002418526    0.03903679445832565       1.91889086133389     0.2219074295217085
                  28000      2.310949719280083     0.0388085584546809      0.361834749121634     -1.452271426708563
                  29000      2.733581127311353    0.03833066478438558      2.995211589206393     0.6489205372827376
                  30000       2.56694317004224    0.03784871030835947      3.049315362050094     0.6541694372883153
                  31000       2.46968243934573     0.0374296042252746      1.127631855386669    -0.3517628836242281
                  32000      2.733163884507315    0.03712728073073139      3.741372358909997     0.8394599518433221
                  33000      2.642350068183608     0.0367194666261015      3.418975547184289      0.738303436585963
                  34000      1.882049385436212    0.03649135290712632     0.7101775763891648    -0.8395094689826349
                  35000      1.908743202118316    0.03620409594088264     0.9960862900496849    -0.5090936908070834
                  36000       1.82105679728993    0.03605357597002205     0.4743302978282656     -1.255189877780098
                  37000      2.654508719537144    0.03578346663839725      4.001162883438184     0.8697264384954234
                  38000      2.320191260345254    0.03566213221326493     0.4260385952207937     -1.373480496424841
                  39000      1.701634401322425    0.03563336148110611    0.09525088477487648     -2.872303218974769
                  40000      1.586324820716213     0.0356174271558286    0.05245049241451825     -3.469395073212715
                  41000      2.172311129731205    0.03554839494493368     0.2372858661427968     -1.961939234669111
                  42000      2.139723501202464    0.03547095691637527     0.2706478104635912     -1.832567211301404
                  43000      1.914691862201379    0.03516582139849899      1.458731600828414    -0.1567026427566113
                  44000      1.946605402202097    0.03488164662627823      1.403064967978976    -0.2037246494540736
                  45000      2.054572455695069    0.03480331423590926     0.3056160582163274     -1.730057619863232
                  46000       1.80817784343245    0.03467280736242544     0.5444052905673216     -1.156450122071068
                  47000      2.016923384795484    0.03452072833135934     0.6656105424000127    -0.9598351480650045
                  48000      1.638128031931758    0.03449497176205844     0.1008707404467235     -2.847446374172418
                  49000      1.587383779094973      0.034458914047072      0.143049732931249     -2.499139771501275
                  50000      2.675360167717805    0.03439872347250308      4.948389010607054      1.042736964318108
                  51000      2.643543301688106     0.0343686195646612      5.524170753147708       1.15193251008325
                  52000       2.42980134156552    0.03420123467864791      0.937481752088337    -0.6266408028564544
                  53000      2.686592398178586    0.03411580774667311      5.645188468636896      1.166219868806559
                  54000      2.402943440729878    0.03397215903855888      0.877436849415943    -0.6995535175646881
                  55000       1.82514669452354    0.03384478357105292     0.7796561284899765    -0.8214619964081241
                  56000      2.712042122620833    0.03367698585303169      5.287599061567462      1.087834408717514
                  57000      2.491610314997659    0.03350112381265542      1.302717672102629    -0.3183129779278785
                  58000      2.504605459111009    0.03329880106778865      1.657899396924533   -0.08327179234960642
                  59000      2.405942837300536    0.03314783548897715      1.153344653284595    -0.4507010268321665
                  60000      2.712510594708572    0.03302169783440861      5.702692901398784      1.143758795431194
                  61000      2.442506776261582    0.03284263012802766       1.63459139901437    -0.1112243274273538
                  62000      2.541852983487312    0.03264013012796252      2.098114658319311     0.1322371143586764
                  63000      2.584728423199339    0.03241234665737504      3.237138045704983     0.5588844778807081
                  64000       2.70383248287469    0.03231158072451957      6.084118204898789      1.186762943131934
                  65000      2.537961520906661     0.0321132616572448      2.573666701776316     0.3202561326369587
                  66000      2.661798593718031    0.03198029110155898      5.845839874661396        1.1365055234877
                  67000      2.739087362447656    0.03179068773706365        4.6973797950566     0.9118337090683226
                  68000      2.655180518246522    0.03165444694311737      5.954385619396575      1.144662107168828
                  69000      2.703438050628022    0.03155193673783155      6.672803878617358      1.255330554386111
                  70000      2.687509194339651    0.03145807822234482      7.041456551622093      1.306126292464763
                  71000      2.596930212861797     0.0312787346677644      3.557764222066985     0.6177262209017819
                  72000       2.57390238983632    0.03110909047994026      3.317198387519012     0.5422760801403858
                  73000      2.602261704403554    0.03093714096452142      4.260477675891253      0.786994157338311
                  74000      2.399371442729588     0.0308618769341718      1.087864299834534    -0.5806064799595644
                  75000       2.47183781461751    0.03076672776708094       1.47222499707112    -0.2811358635571573
                  76000      2.702397346501756    0.03066325020136391      6.842981028942476      1.251943773111434
                  77000      2.424729284123213    0.03057195160917072      1.505083045132867    -0.2654135115219391
                  78000      2.503649911780581    0.03046461715568333      1.908655979873178   -0.03137932639038943
                  79000      2.679588333323006    0.03036452665574858      6.933790445548905       1.25533710403646
                  80000      1.985597661456929    0.03032713294663276      0.587581317555825     -1.214042403301381
                  81000      2.034793982857327     0.0302955609624215     0.4930933704418388     -1.390400093824718
                  82000      2.510411724773658     0.0301881000499636      2.110558026781119    0.06005562661598637
                  83000      2.382852087058402    0.03012770375756592      1.036802936598581    -0.6527575441708713
                  84000      2.618841046921121    0.02998711714884704      4.888161505699945     0.8932395614252741
                  85000      2.197164631794257    0.02997321696601256     0.2249420443947867     -2.185952837538924
                  86000      2.524035833976492     0.0298591998141044       2.56839845378187     0.2454309665312089
                  87000      2.702315688552973     0.0297704176815082      7.091528236073162      1.258071508412709
                  88000      2.720076023658487    0.02966336929313252      6.575234857783435       1.17887866248296
                  89000      1.883908721270327    0.02961715271514994     0.8999604502505111     -0.811395345897451
                  90000      2.618139557240162    0.02948941542216346      4.970402814020885     0.8931877234141319
                  91000      2.429838534136473     0.0294180326055391      1.577743054490944    -0.2567413426603903
                  92000      2.690365110656721    0.02934207319385697       7.57243797206815      1.309192941676834
                  93000      2.514288204587782    0.02924822791742068      2.454303646378515     0.1793174995153828
                  94000      2.669392801108899    0.02916158825985197      7.261445689642954      1.261086750325805
                  95000      2.711716198512101    0.02907437277597393      7.315987537194455      1.265574590353741
                  96000      2.670553734654397    0.02899053240551508      7.529735302103429      1.291484634437336
                  97000      2.624913754437207    0.02887836465639585      5.481606851854251     0.9701464038484784
                  98000      2.563399483485139    0.02878216359517198      3.197032758002909     0.4276344299573022
                  99000      2.514946531934307    0.02870030481556578      2.517999033631747     0.1860277330765214
                 100000      2.453041791345205    0.02864171409649886      1.632598324403617      -0.24930756248404
                 101000      2.504508191863268    0.02856126826801002      2.553499044973795     0.1951715745052769
                 102000      2.302429332158899    0.02855000404137597     0.2755862984268787     -2.031541941076479
                 103000      2.518591226490412    0.02846449739662614      2.900750279855404     0.3192824638574852
                 104000      2.448344810890098    0.02840459825381353      1.776813263176709    -0.1729720616027862
                 105000      2.608941309711382    0.02830439351088446      4.875198128499001     0.8328332234791842
                 106000      2.575153353753453    0.02821065421070796      3.919381583772936     0.6112890353759877
                 107000      2.495644481711613    0.02813480538154069      2.676905710606921      0.227324415212156
                 108000      2.740066658991673    0.02804012288182763      4.895868173178373     0.8276835017454652
                 109000      2.504040258116404    0.02796176280949338       3.00918303570971     0.3381620259187962
                 110000       2.28926039998981    0.02795145412583123     0.2867378934429535     -2.013062081771837
                 111000      1.659061690494632    0.02794738935237145     0.1111635802923447     -2.960773237359108
                 112000       2.00945271859133    0.02792837135777426     0.5453193203442164     -1.371085242545929
                 113000      1.878161438309361    0.02790055564039609      0.825538031160239    -0.9574179043953123
                 114000       1.91048628061236    0.02786820884051121     0.9820319935555923    -0.7849893823270263
                 115000      2.557964453803049    0.02778461427146362      3.682069096146202     0.5336127103582103
                 116000      2.717117189958179    0.02771042077341356      6.968002971723887      1.168792647463252
                 117000      2.531296451443798    0.02763175150041912      3.499437104738052     0.4772230943042418
                 118000      2.327232611588863    0.02761923901571868     0.3798509229862868     -1.743808377715019
                 119000      2.635363414581188    0.02753772909318654      6.030548730977186      1.018050475949446
                 120000      2.716440689390843    0.02746774534579079      7.113710971380129       1.18069190210872
                 121000      2.465639868741526    0.02741241716949608      2.177073279958561  -0.005367027447033598
                 122000      2.331423433207492    0.02739923344473116      0.428256226990787     -1.631863127022128
                 123000      2.434378391707327    0.02735040229244785       1.87465323381561    -0.1571896240613422
                 124000      2.659038680907387    0.02728156387622944      7.024860864503146      1.161322005210291
                 125000      2.219796444411928    0.02727577872476551     0.1900800098023616     -2.448655671286566
                 126000      2.371167199473615    0.02725277602571556     0.8074652770694354     -1.003044399141257
                 127000      2.385973507911414    0.02722113879709806      1.159450042015503    -0.6424049381101316
                 128000      2.469741268747527    0.02716418640596815      2.457841836687935     0.1068385299790068
                 129000       2.38015526845546     0.0271336500001541      1.135173382036495    -0.6667845084121274
                 130000      2.467609143732665    0.02707572852088745      2.587174666626646      0.154859555796745
                 131000      2.613399436204049    0.02700045452560803      5.286406739165513     0.8666478976378451
                 132000      2.465721205958974    0.02694272741654483      2.698622112363311     0.1921101580358361
                 133000      2.675056739209456    0.02688580923468517        7.5656479909777      1.220872047457873
                 134000      2.663665495206787    0.02682779926598155      7.509252871522848      1.211230050072193
                 135000      2.675326046794216    0.02677431414989137      7.890311532118815      1.258734056970784
                 136000      2.675159053457099    0.02672233994091495      8.051838158460301      1.277055763281246
                 137000      2.691476855679733    0.02667041533635016      8.107860706519871      1.282044397700947
                 138000      2.675968643176387    0.02662030812123193      8.299889320279865       1.30357200528758
                 139000       2.75625675620982    0.02656279900106375      3.309616314582462     0.3819994065353145
                 140000      2.374799859444875    0.02654148635064959     0.9437297042708738    -0.8735510147755442
                 141000      2.546395231511116    0.02648701844379107      3.101489174581968     0.3141925557424307
                 142000      2.549330130779344    0.02643145883155132      3.273415548242022     0.3660443108726842
                 143000      2.475919032878244    0.02638340679834996      2.644940478498872      0.151039281610606
                 144000      2.522897409498017    0.02632874875130814      3.307268820607198     0.3724396074245377
                 145000      1.656834018542084    0.02632586807162915     0.1234412889948401     -2.915782158268533
                 146000      2.065101912855122    0.02631957928713704     0.2735307883608742     -2.120372532176447
                 147000      2.766446279902312     0.0262740696144593      2.528456692190029       0.10184705790356
                 148000      2.150729040606083    0.02626964580730924     0.1928849369075189     -2.471591891088465
                 149000      2.051463422884292    0.02626094109262711     0.3870496650892177      -1.77546411711681
                 150000      2.106777005306089    0.02625690729538456     0.1759989786524525     -2.563692559808046
                 151000      1.706332215288412    0.02625426341759218     0.1147611348693046     -2.991418569315311
                 152000      2.192686215045097    0.02624884261134864     0.2382131352591811     -2.261312144908771
                 153000      2.580714647880024    0.02618965254410717      4.152182244567885     0.5946538675712429
                 154000      2.508838016550458    0.02613477332057876      3.606698228079192     0.4517149120665633
                 155000      2.566836411027833     0.0260774666204452      4.082502774054859      0.573437256692763
                 156000      2.522810793604692    0.02602178605282082       3.92979952791598     0.5331779639162924
                 157000      2.552051665798675      0.025965410194777      4.184390287773437     0.5937817163669245
                 158000      2.642070176910555     0.0259136636909491      7.331107863137045      1.152552468434249
                 159000      2.562805493633312    0.02585783235543919      4.403670013277459     0.6407072725007378
                 160000      2.517691008959239    0.02580387740976599      4.148687000996879     0.5789721044939747
                 161000      2.441284108224749    0.02576532818789011       2.37403440013376     0.0192759436682467
                 162000      2.669840792899326    0.02572650360900451       8.54578004860941      1.298614766660454
                 163000      2.575851899599486    0.02567251834434782      4.591389007396828     0.6752591267044737
                 164000      2.497774500375351     0.0256231260321252      3.774649209899084     0.4774581959618512
                 165000      2.659454929098619      0.025583202919721      8.410535665866544      1.277076603840028
                 166000      2.732047438979165    0.02552951672025055      5.769376582146436     0.8980547689696262
                 167000      2.472870146974254    0.02548672252337555      3.123805568103558     0.2828650608982703
                 168000      2.706786046974166    0.02544291835968632      7.903058653035497      1.209342740878824
                 169000      2.750743356434782    0.02539426634860149      4.196742132773492     0.5744873936324164
                 170000      2.548685689429932    0.02534533524125577      4.389888381197966     0.6175539377993813
                 171000      2.509884845516418     0.0252978439441967      4.184892443058874     0.5678556133108786
                 172000      2.511573003499557    0.02525011040654938      4.365443987754123     0.6082058655528105
                 173000      2.361558219637817    0.02523759609423591     0.7561313997798337     -1.145549879666226
                 174000      2.595017500195294    0.02518904444211102      4.828899222242439      0.706683130798594
                 175000      2.261091321611475    0.02518528565055994     0.2190159842417193      -2.38669520542186
                 176000      2.301291107128255    0.02517876753104046     0.3860152667571707     -1.820221840263564
                 177000      2.700426008636815    0.02514188206231754       8.45878606979867      1.265396174151184
                 178000      2.642124235829835    0.02509886985681967      7.607375133761961      1.157596446360964
                 179000      2.116728829827655     0.0250957059802374     0.1904934233599221     -2.529785415260522
                 180000      2.238337293046031     0.0250921525896772     0.2145377681038863     -2.411058891834922
                 181000      1.691326183423226    0.02508987005671411     0.1369298235777086     -2.860167101994994
                 182000      1.663360246467509    0.02508725679261536     0.1571225683036896     -2.722713630892949
                 183000      2.148102965962553    0.02508322715229596     0.2443293402489995     -2.281383389071918
                 184000      2.646421085083539    0.02504169335658509       7.79975729801108      1.180290225356802
                 185000      2.537241674362084    0.02499632310440865      4.581975699686542     0.6465144565935889
                 186000      2.685234438951376     0.0249616491543309      8.711935332981499       1.28769001383549
                 187000       2.78449148266924    0.02494200478115963       1.38804706037881     -0.549893474350556
                 188000      2.363462933334012    0.02492970024597069     0.8264883235453142     -1.068854177999542
                 189000       2.56345422969638    0.02488510915156026        4.7551224083316     0.6791474750610115
                 190000      2.456482487671146    0.02485214787123735       2.73691224660715     0.1254299876901549
                 191000      2.611762754250199    0.02480695565009553      5.709129346907226     0.8588460547781059
                 192000      2.698480841671097     0.0247683529982603      7.963634289153594      1.190107651923926
                 193000      2.613170191860725    0.02472420661916116      5.490791653797199     0.8165106709282339
                 194000       2.69726121051084    0.02468687628919087      8.113549455054754      1.205462652266974
                 195000      2.444134218166346    0.02465906601493427      2.342826658194503     -0.037841765754994
                 196000      2.505435568066944     0.0246202653325862      4.000561928263942     0.4956601689109342
                 197000       1.63220177152352    0.02461820305441122     0.1424182500143409     -2.839845559361942
                 198000      1.883634891027311    0.02460852871108263     0.7029824821576608      -1.24367478997294
                 199000      1.973770595588592    0.02460209625674859     0.4579131258446298     -1.672588703647015
                 200000      2.019208159084657    0.02459588995926341     0.4417039652471252     -1.708880591248488
                 201000       1.71809706768638    0.02459396058897811     0.1337506538249473     -2.903621658745184
                 202000      1.966573036433775    0.02458665324512772     0.5248037658376296     -1.536871683149234
                 203000      2.074369095774485    0.02458266513210305     0.2805767360095848     -2.163211059877535
                 204000       1.91571460583597    0.02457220453256849     0.7700672864474177     -1.154006038104366
                 205000      1.656052853428515    0.02456963146986523     0.1799049885412108     -2.608159783879964
                 206000      1.476723407349966    0.02456853446776079    0.07603838134150254     -3.469395073212715
                 207000      1.743097872763043    0.02456655523841727     0.1379670002845759     -2.873699338248161
                 208000      1.447888901549359    0.02456536509349266    0.08258887118358769     -3.386887373333295
                 209000      2.010988710527995    0.02455792532683616     0.5378669046919455     -1.513454074648782
                 210000      1.953394138988091    0.02454844887827388     0.6961396749599967     -1.255900848493301
                 211000      2.678506872452592    0.02452055367231576       9.27206646648562      1.332173403556322
                 212000      2.320899129241304    0.02451405512926285     0.4759849576243108       -1.6374669572964
                 213000      2.567246535491128    0.02447368379712023      4.858541060734126     0.6839920468877553
                 214000      2.220020580686758    0.02447045077817967     0.2344469126955841     -2.347404365088915
                 215000      2.490855005168265    0.02443362478078943      3.966256941370513      0.479438500226584
                 216000      2.556744282116914    0.02439381862091266      4.953271356832254     0.7000334412373744
                 217000      2.287171593793189    0.02438886135885678     0.3710557670893692      -1.89162094790395
                 218000      2.118579591287456    0.02438561521498191     0.2404033157560969     -2.325788427893362
                 219000      2.626813200796734    0.02434632668855298       6.86593006019135      1.024607929832859
                 220000      2.441216028857876    0.02431924474037474      2.546372516618902    0.03159324320413859
                 221000       2.67638007428314    0.02429182374058409      9.231468285294843      1.318413373284248
                 222000      2.197877280387482    0.02428842900620588     0.2605645138450456     -2.249249292400047
                 223000      2.673472672483391    0.02426156284722013      9.353132544988922      1.330260078701344
                 224000      2.710542070551332    0.02422757995863764      8.209002218809625       1.19837847338056
                 225000       2.64768917696289    0.02419486018540574      8.456188425528241      1.226694190726441
                 226000      2.668567158569444    0.02416857161728365       9.53155046609362      1.345315931028887
                 227000       2.65765779185012    0.02414042691613191      9.304067008835416      1.319994955644361
                 228000      2.684187576210721    0.02411501470113244      9.755550066855605        1.3663264616064
                 229000        2.6954705533616    0.02408740487550606      9.476129418151441      1.336120466057508
                 230000      2.532289806604351    0.02405246506572822      4.620931627526486     0.6164892623572132
                 231000      2.373333663032483    0.02404237163212574      0.912925152425194     -1.005628185405199
                 232000      2.530445606259867    0.02400740212254387      4.759829623205918     0.6442295165048815
                 233000      2.352180736574255    0.02399948882761985     0.7109249317529776     -1.257500466922578
                 234000      2.446790462582728    0.02397542145950686      2.578759418305725    0.02999307518952753
                 235000      2.102870237255253    0.02397262664316762     0.2429843708223293     -2.332190094652074
                 236000      2.520785691927367    0.02393809958172205      4.811732895102006     0.6521840406937341
                 237000      2.669444273007147    0.02391381652283008      9.869333805538226      1.369544181132515
                 238000      2.522001248297355     0.0238796236896375      4.916415482115725     0.6712606722171673
                 239000      2.077041018858226    0.02387614877586198     0.3136882649139057     -2.080820133857988
                 240000      2.054894431335534    0.02387154792038834     0.4192705022790909      -1.79089625323015
                 241000      2.048203631335771    0.02386639001075111     0.4725558522642154      -1.67147270190301
                 242000        1.7662876255268    0.02386445699896614     0.1729285553021661      -2.67683110996602
                 243000      1.773122973439751     0.0238621497713205     0.2070611518346973     -2.496792160079493
                 244000      2.035202684837419    0.02385638244023527     0.5320054046079553     -1.553394403785817
                 245000      1.865217381676525    0.02384958899443209     0.6327395158139859      -1.38027402690733
                 246000      1.985126358876092    0.02384344660436514      0.569817884433566     -1.485273628342374
                 247000      1.712323478685755    0.02384158787168771     0.1669428065953772     -2.713017117587246
                 248000      1.714743614223946     0.0238395347797983     0.1847341197282131     -2.611836912796759
                 249000      1.683881584303399    0.02383727190748543     0.2040126677889511     -2.512667350044998
                 250000      2.075029739370532    0.02383273100940989     0.4168623126799081     -1.798283970968479
                 251000      1.874081424109564     0.0238248166194941     0.7478931514421712     -1.214111966566289
                 252000      1.798342161609226    0.02382156941346834      0.295831642046217     -2.141717877433584
                 253000       1.58463256061002    0.02382030967594021     0.1131242621324157     -3.103074397279959
                 254000      2.460263933928444    0.02379520175023141       2.92288388318053     0.1477101511163033
                 255000      2.311900023457102    0.02379004066898824     0.4805900936610128      -1.65781809674228
                 256000       2.66412842194684    0.02376599968627695      9.797709869398155      1.356060084016641
                 257000      2.491062210106797    0.02373575686428502      4.067818142433206     0.4757448501529454
                 258000      1.690054776218405    0.02373329313545769     0.2295607099739824     -2.399053479191202
                 259000      2.755145570306673    0.02370632616413935      3.383673729926559     0.2903593986466781
                 260000      2.669367023071481    0.02368389237976304      10.03913489772196      1.376941553416728
                 261000      2.701960794806854    0.02365634549687432       9.13829978292039      1.281761174051627
                 262000      2.671134382460767    0.02363455329680678      10.23139954768536      1.393826580559386
                 263000      2.485955514450703    0.02360628338194791      3.895125955920513     0.4268943760188569
                 264000      2.497286657789912    0.02357603877666531      4.501548973526815     0.5703078818503211
                 265000       2.50253614397797    0.02354515030146132      4.810722492320286     0.6354225841774508
                 266000       2.46841276175686    0.02351934235033117      3.470779198785749     0.3078577208366754
                 267000      2.443924534010498      0.023497409853677      2.756406709381008    0.07647354846901253
                 268000      2.468158692955686    0.02347117805824558      3.629627808622598     0.3505587515570744
                 269000      2.692495353958622     0.0234480596170418      9.861298773142714      1.349061065058768
                 270000      2.688709291788583    0.02342632917677948      10.16037926210378      1.378011776498367
                 271000      2.530071471335817    0.02339616562430531      5.052256975156672     0.6780626537247919
                 272000       2.53534998575507    0.02336613430129831      5.099565857318502      0.686098569870328
                 273000      2.235767910425814    0.02336387466876138     0.2386970686659246     -2.375713576470647
                 274000      2.459171348203414    0.02333994718456148      3.353626504190085     0.2658641006403272
                 275000      2.659033078902957     0.0233167040206251      9.806547164401406      1.337875692860142
                 276000      2.642783716608912    0.02328876903646674      8.588373010414585       1.20403597952319
                 277000      2.750378917165886    0.02326367241592238      3.768388424318581     0.3791958942825593
                 278000      2.737819429092748    0.02323433018880882      5.310700679855889     0.7210101535410212
                 279000      2.424234804481275    0.02321772160274084      2.154259259037921    -0.1819817797953133
                 280000       2.41237469749495    0.02320347391467489      1.795589920133233    -0.3647089427962526
                 281000      2.698184488005066    0.02318011469746258      9.677607242561388      1.318764908846293
                 282000      2.542569441504137    0.02315211666031317      4.968742637654136     0.6509084642308126
                 283000      2.503395001013604    0.02312412577071181      5.059580484550207     0.6678154876226616
                 284000      2.636958128407933    0.02309606721632498      8.012623255991757      1.126335995527427
                 285000      2.320125697509962    0.02309179185187982     0.5021595454427696     -1.643704729104106
                 286000      2.586542737117458    0.02306584183219076      4.423440828885409     0.5309261136881214
                 287000      2.459539479215282    0.02304353675655284      3.440815075201201     0.2787491506684248
                 288000      2.417998850538449    0.02302820952521551      2.085512071061908    -0.2226101740064349
                 289000      2.418504327814385    0.02301242094571303      2.172904464750351    -0.1822457153169056
                 290000      2.382173586390153    0.02300386498766851      1.073458627580783     -0.887796519622209
                 291000      2.290804527474284    0.02300046075849626     0.4052408771241476     -1.862103943858518
                 292000      2.175987031261518    0.02299833943218409     0.2496168799222718     -2.346750564379898
                 293000      1.976292231024892    0.02299362675799671     0.5690049542854579     -1.522993620059347
                 294000      1.882191260210017    0.02298741195101123     0.7629692358390668      -1.22993537110936
                 295000      2.095724218100262     0.0229847535003404     0.3152687965063208      -2.11384313917873
                 296000      1.980992006185657     0.0229798721665142     0.5920999547138616     -1.483805668560183
                 297000      1.642212721453719    0.02297829137957781     0.1858564490014256     -2.642575327870899
                 298000      2.271511530465975    0.02297547281035264      0.335403171653021      -2.05233928815932
                 299000      2.356613918261492    0.02296931527583703      0.758464308447912      -1.23664489220495
                 300000      2.567000410707557    0.02294363272426118      4.604263888406601     0.5656787010027925
                 301000      2.575302829357969    0.02291809281922958      4.614737050051212      0.566837004926513
                 302000      2.608389487038805    0.02289114266238653      5.397353611427886     0.7223142517041605
                 303000      2.766858798050761     0.0228748176817236        2.3637574700759    -0.1040554200398258
                 304000      2.738891189918041    0.02284830413259394      5.309152319090774     0.7039645188928596
                 305000      2.413171239904197    0.02283390400105689      2.047228279914145    -0.2496112934713948
                 306000      2.544637489928764    0.02280789884746081      5.172001960003179     0.6760221942934894
                 307000       2.38484360511382    0.02279869940066161      1.229745882667964    -0.7608335231366193
                 308000      2.646078242844513    0.02277515281309426      8.943100421959054      1.222207923001384
                 309000      2.675883970528179    0.02275710646140862      10.40928875452961      1.373231463327624
                 310000      2.633574999172899    0.02273132532651334       7.88297561376012      1.094104829862476
                 311000      2.716634230323245    0.02270556334430589      7.791468869305283      1.081294813911516
                 312000       2.60624763655239    0.02268020754140196      5.379945964993333     0.7098263978927658
                 313000      2.457671514414972    0.02266040158003758      3.377439291738986     0.2433922315715317
                 314000      2.314653038271339    0.02265644019458297     0.5264869883611735      -1.61542907658455
                 315000      2.283694206707105    0.02265324541889221     0.4214474604606446     -1.838101593231151
                 316000      2.368220382904502    0.02264627553703484     0.9606428150549612     -1.014501778851116
                 317000      2.697172849158875    0.02262551225176803      9.663044488656094      1.293042331097404
                 318000      2.524221539056198    0.02260084776633623      5.293985143789794     0.6902141527029514
                 319000      2.334100271176669    0.02259608034785101     0.6525935054493986     -1.403368953602917
                 320000      2.223570146576166    0.02259418140047999     0.2521685376953025     -2.354309763888004
                 321000      2.349419537009017     0.0225883990819274     0.8021439704706177     -1.197375275617922
                 322000      2.441854862776182    0.02257046421134168      3.034001401153372     0.1321799387662753
                 323000      2.411700665893151    0.02255706048297506       2.08415593031733    -0.2439324981210655
                 324000       2.64569594648791    0.02253492679825419      9.073492636820331       1.22607911128613
                 325000      2.378354273850095    0.02252665178822431      1.207745523507828    -0.7908900121125947
                 326000      2.513797863692349    0.02250266474026213      5.276202415362415     0.6824957723028378
                 327000      2.508729741377661    0.02247882825990288      5.278060887078495     0.6817881118030529
                 328000      2.287503347291871    0.02247543231035748     0.4741758952627858     -1.728098685953879
                 329000      2.576146304030086    0.02245284263709471      4.705911426382708     0.5658921334613324
                 330000      2.552046699292856    0.02242953836420189      5.142959691618156     0.6536629341601706
                 331000      2.659693633934429    0.02241118987960732      10.08538204123196      1.326302872916784
                 332000      2.651800693233149    0.02239157150297462       9.73230532474755      1.289790851349885
                 333000      2.703343228515917    0.02237033572436158      9.163991837837109      1.228673094875737
                 334000      2.576957855658009    0.02234826307160037      4.817920819564641     0.5847465106625169
                 335000      2.666722301859371     0.0223315143019183      10.54214025376612      1.367034898644666
                 336000      2.694089097627756    0.02231276933347763      10.00657002905633      1.314056448380845
                 337000       2.51374662557287    0.02229015202515227      5.369530794994419     0.6905409349517857
                 338000      2.580119161286667    0.02226861647571951      4.831384830714103     0.5839669330968305
                 339000      2.633069620897408    0.02224588757244711       8.06613721204935       1.09548730857324
                 340000      2.668085263660469    0.02222946491388605      10.63227006890694      1.370967817617117
                 341000      2.549207854684041    0.02220759782442979      5.245274938624235     0.6634175721067962
                 342000      2.631077177125111    0.02218504027922817       7.94001351148041      1.076988615168913
                 343000      2.111117824143516    0.02218320214432546     0.2821374533820291     -2.260370123376841
                 344000      2.234591154881441    0.02218149674231569     0.2614599991641909     -2.336560075002502
                 345000      2.603712176666686    0.02215962227705002      5.447275395315804     0.6990428104569977
                 346000       2.45383542115872    0.02214329601996735       3.23199016473279     0.1762883232661206
                 347000      2.699564968430175    0.02212389218198834      9.557453641667715      1.259634892658023
                 348000      2.563997751834688    0.02210292856092208      5.094186727105514     0.6294655837596881
                 349000      2.507865468634265    0.02208188627647608      5.213083252129486     0.6515845604842572
                 350000      2.322766110020696    0.02207801770284075     0.6285343536399175     -1.464126715510781
                 351000      2.533292675264097     0.0220566009422785       5.57451825921325     0.7174732600414558
                 352000      2.168367963990889    0.02205503681720233     0.2486519824321343     -2.392504580402348
                 353000      2.483937187366783    0.02203608336978909      4.302497827645078     0.4575324449243129
                 354000      2.357474855511091    0.02203075832446613     0.8936800570918032     -1.114312425481546
                 355000      2.569623387070446    0.02201042749460177      5.025374076252577     0.6116716500816711
                 356000      1.794069331430621    0.02200884048825354     0.2554038012564241     -2.367809801158096
                 357000      2.736460609002135    0.02198816868295739      5.313597905574816     0.6664291368156871
                 358000      2.481851121804525    0.02196988718945634      4.163482808296218     0.4216801269454662
                 359000      2.503955232583821    0.02194940784451816      5.329690115002178     0.6676886961776026
                 360000      2.451913048053189    0.02193344904775486      3.404470122085548      0.218757573056429
                 361000      2.619989001370481    0.02191204207282486      6.800561707639588     0.9096970026534671
                 362000        2.3855468609703    0.02190482780173239      1.292076798701874    -0.7513866568134134
                 363000      2.485354551389857    0.02188589397708643       4.63875729645734     0.5259442627641919
                 364000       2.54907176131557     0.0218656637332917      5.490248502196932     0.6935464971661774
                 365000      2.731796661600816    0.02184500087440303      6.023660059293127     0.7853225980539654
                 366000      2.466807596849919    0.02182782960123538       3.99813876291013        0.3746701241984
                 367000      2.514808426661086    0.02180764672263605      5.729863148985715     0.7336077603548173
                 368000      2.426208099877663    0.02179496791937276      2.612956116173756   -0.05218325648397987
                 369000       2.25432000971572    0.02179320494643706     0.3017968954897022     -2.210747360069298
                 370000      2.433646787200825    0.02177925677740131      2.983604333228987    0.07974550806120353
                 371000      2.765732909580004    0.02176735570286443      2.429754561229795    -0.1261429108986964
                 372000      2.600931497694878     0.0217479548617043      5.340914576956567     0.6605720689448444
                 373000      2.717288699425561    0.02172783744339533      7.669564385544025      1.021509526874612
                 374000      1.820240508342536    0.02172586113894068      0.345900840852582     -2.077444385829761
                 375000      1.935340689220665    0.02172238611922263     0.6212544893370863     -1.492015690331198
                 376000      2.096720701456662    0.02172058805790498     0.3143277767146285     -2.173402955678751
                 377000      1.717656267105908    0.02171946212152061     0.1951693433681453      -2.65002350142001
                 378000       1.63508262947597    0.02171845467201089     0.1744041378651786     -2.762562258882516
                 379000      1.811101502709279     0.0217165345319887     0.3365041968841669     -2.105415289628568
                 380000      1.991484594479664    0.02171354342390454     0.5321894043258663     -1.647164205273668
                 381000      2.104192943716424    0.02171171521117648     0.3203416545054478     -2.154859758284525
                 382000      1.933256598460968    0.02170802217098516      0.664421968911193     -1.425500520692786
                 383000      2.528040726464751    0.02168843742870877      5.780125942015914     0.7368601906523461
                 384000      2.240173910782983    0.02168677677543886     0.2923712085310531     -2.247372874591943
                 385000       2.71123158564334    0.02166763733563165      8.377057425599043      1.106971928407079
                 386000      1.421395752219941    0.02166711511439357    0.09128163829756951     -3.412354509165511
                 387000      2.550383972777276    0.02164786918318827      5.672714811947893     0.7162302722457242
                 388000      2.701778185453404    0.02163078850116103      9.523756144146008      1.233562455075423
                 389000      2.657285144863512    0.02161488578847407      10.03533582926663      1.285150119466975
                 390000      2.606674852736851    0.02159578078964271      5.852578515203142     0.7450357355370415
                 391000      2.447535210064323    0.02158099656471677      3.541233354462414     0.2419436482383534
                 392000       2.57316835097335    0.02156262387234413       5.34742697730034     0.6532323837547215
                 393000      2.668758583060639    0.02154828241691056      10.55515780550247      1.332566180890112
                 394000      1.708827309730824    0.02154708876047952     0.2200749808290727     -2.537890815865322
                 395000      2.142706457177614    0.02154555894352654     0.2834386296143776     -2.284934501688518
                 396000      1.859866992297303    0.02154253925004762     0.5717770844605201     -1.583321088151549
                 397000      2.631744295349653    0.02152379892501705      8.133763838126541      1.070838460612265
                 398000      2.232943975497262    0.02152217390126331     0.3039097827665331     -2.216285203149138
                 399000      2.347604368879287    0.02151785643576696     0.8409085503753734     -1.198733803964214
                 400000      2.427854390014064    0.02150545200156065       2.85847872837799    0.02425149239433264
                 401000      2.687049769206787    0.02149086777261239      10.42736238906657      1.317716877992521
                 402000      2.496988680872703    0.02147309575076712      5.280364864368297     0.6364514273075517
                 403000       2.70281826894097    0.02145663809529892      9.570860039449181       1.23041257329674
                 404000      2.199658819266847    0.02145519532718014     0.2759531671099928     -2.315901851827058
                 405000      2.511870689232237    0.02143697223249801      5.858261900267453     0.7386254990521048
                 406000      2.555730153333633    0.02141910320848191      5.596815361445714     0.6921363854254785
                 407000      2.680784608026811    0.02140543648328497      10.71915122730272      1.341332344768127
                 408000      2.485626032975384    0.02138872112823844      4.881786435775287     0.5540303965651636
                 409000      2.650011491045019    0.02137288817428419      9.765680966420172       1.24665294617763
                 410000      2.560789317252256    0.02135545404309213      5.529593502065621     0.6770769085898701
                 411000      2.749675863282924    0.02134061127523397       4.03483112952321     0.3612317772432595
                 412000      2.578665472691748    0.02132356633649685      5.335012176042679     0.6397594667034217
                 413000      2.207107948506142    0.02132207786269245     0.2979753024086051     -2.245346180681544
                 414000      2.735026935850311    0.02130450713829788      5.914751496583706     0.7420235749814873
                 415000      2.351057923054929    0.02130027458174154     0.8901687365211499     -1.151968841057606
                 416000      2.264837171735745    0.02129845284463002     0.3689396896219234     -2.032832219606067
                 417000      2.118443827565622    0.02129683123598993     0.3275506914615475     -2.151898721633003
                 418000      2.510419714280819    0.02127941148551625       5.88192366084851     0.7352793077262233
                 419000      2.590836974882782    0.02126261078816242      5.371667859347723     0.6437440546130029
                 420000      2.599007797200006    0.02124558133247635      5.646287760571052     0.6928026699211198
                 421000       2.39062061406575    0.02123918260740256      1.425858837982632    -0.6837225247377439
                 422000      2.474933614777584    0.02122390450876621      4.491663873412413     0.4630067616451514
                 423000      2.545103403289249    0.02120678175015615      5.949430139362937     0.7432719022498644
                 424000      2.344192415589037    0.02120275691895888     0.8682835008024214     -1.181450349472717
                 425000       2.50346677512961    0.02118585800286514      5.805479601482034     0.7177915519503749
                 426000      2.533767876311324    0.02116874339554484      6.196823814982694     0.7822180362517471
                 427000      2.426164043011386     0.0211578218144737      2.784627119055501   -0.01822092396829472
                 428000      2.608378737628639    0.02114086532264872       6.15983770880469     0.7749137815614179
                 429000      2.783174608474544    0.02113545730048438      1.221402795982476    -0.8433924603533565
                 430000      2.716047816800053    0.02111873779517945      8.243248716534628       1.06521065928025
                 431000       2.72892986262567     0.0211016986060237      6.805610617304073     0.8727563404366991
                 432000       2.54866981875263    0.02108508556619239      6.060162302211245     0.7559579653886009
                 433000      2.474121968858332    0.02107039878244673      4.536903930613888     0.4657694177745541
                 434000      2.646944926567812    0.02105524227173205      9.386093118396492      1.192034144249714
                 435000      2.698256803676911    0.02104093752364181      9.890093877321702      1.243659021498476
                 436000      2.317932497160575    0.02103801042629058     0.6559549176586766     -1.469676955792774
                 437000      2.555403302627974    0.02102175222398824       6.01156852454676     0.7448988598774124
                 438000      2.484395383334925     0.0210065858287918      5.046893643545825     0.5692643711639052
                 439000      2.719547581742537    0.02099027286973184      7.996209830999494       1.02868222980294
                 440000      2.634706461269046    0.02097425088438036      8.343550644869962      1.070439837368952
                 441000      2.571943476432047    0.02095850130125114      5.763652274288183     0.6997711410355754
                 442000      2.466019280599204    0.02094472672537118      4.344365547301817     0.4164220738654375
                 443000      2.401690400882525    0.02093778812491772      1.741167487155368    -0.4982331336849227
                 444000      2.326903982141735    0.02093460677787994     0.7404176597688347     -1.353481792835667
                 445000      2.509943025618751    0.02091874944717497      6.129202845882236      0.759365997365372
                 446000      2.580358685386103    0.02090329077008711       5.71316480387759     0.6883351639638849
                 447000      2.580559677018928    0.02088782016780463      5.804913478644972     0.7035263701958251
                 448000      2.588757239886836    0.02087239339647845      5.835087195982365     0.7079720427236431
                 449000       2.28156002076353    0.02087042912015853     0.4564339872284023     -1.840322475459225
                 450000      2.089785283900564    0.02086889616207467     0.3537287414785098     -2.095309660254649
                 451000      2.565228609820116    0.02085329111156104      6.201920242435842     0.7680261812641337
                 452000      2.150502535537659    0.02085205109150051     0.2862101361222121     -2.307921241389353
                 453000      2.719940575945423    0.02083652026713309      8.156317890975869      1.041155495261517
                 454000      2.678419691591619    0.02082476709216555      10.82845563862183      1.323975892251171
                 455000      2.525574115162959     0.0208092184985743      6.509698789293201     0.8143447095734729
                 456000        2.4825995012483     0.0207948316870446      5.179430568218411     0.5850550383387572
                 457000      2.254177989921407    0.02079331626995879     0.3593433563547451     -2.083189883518219
                 458000      2.387722216276152    0.02078785277675236      1.400355617225027    -0.7232495305584372
                 459000      2.653271567279657    0.02077474114486838      10.07332785600237       1.24928444293836
                 460000       2.55122488489661     0.0207594157564934      6.524622755734218     0.8142384892530197
                 461000      2.519886161341095     0.0207441308526623      6.595896283057772     0.8243664743264409
                 462000      2.473270359409231    0.02073047504659049      4.837740533634534     0.5137080596971423
                 463000      2.132524746255119    0.02072908035220747     0.3373638151221953      -2.14940036074465
