#! FIELDS time e sigma_e height logweight
#! SET action OPES_METAD_kernels
#! SET biasfactor       5.011348439085033
#! SET epsilon    0.001910020759284688
#! SET kernel_cutoff       3.538542402811424
#! SET compression_threshold                       1
                   1000      2.461810099248297    0.06321896844457647   0.006322704301097473     -5.011348439085033
                   2000      2.676515044815108    0.06297494299204558   0.009427662437465409     -4.615714744037424
                   3000      2.574498351452567    0.05585015315592511     0.6017064719515774    -0.5796578351414048
                   4000      2.680424752229119    0.05188122515010137     0.5569852022447207    -0.7306041942708482
                   5000       2.38951907845283    0.05160413885537431    0.03299214691608714      -3.56222840065112
                   6000      2.497561474318444     0.0485786478115568     0.8829096197414343    -0.3356929128129711
                   7000      2.344520809948611    0.04808222386462853    0.09635368427942899     -2.561161665994063
                   8000      2.106170760577022    0.04803809593022872   0.008320788656486743     -5.011348439085033
                   9000      2.006479822787937     0.0479657944688812    0.01375432133459374     -4.510258645942051
                  10000      1.873527159721535    0.04791209936674365    0.01025333896987887     -4.805128366604215
                  11000      1.677528189943245     0.0478685191193154   0.008350265499109213     -5.011348439085033
                  12000      1.527191557227665    0.04782287777162214   0.008784449717097638     -4.961612620978836
                  13000      2.095340821847259      0.047408177590602    0.08568174727284318      -2.69266528543651
                  14000      2.261442218141386     0.0466778878627078     0.1688749197811855     -2.029670960705276
                  15000      1.574849263770351    0.04641832154262437     0.0587116354158765     -3.091767673556846
                  16000       1.91008096405826    0.04607970245283854    0.08003467743185454     -2.789267273372119
                  17000      1.765596071859095    0.04594623756771951    0.03128886119090179     -3.731365715048853
                  18000      1.966770341440971    0.04489852093182722     0.3215030113092484     -1.424688078313262
                  19000      1.986189383098981    0.04377046438184316      1.326704860695787   -0.03268698180053405
                  20000      1.632861560299268    0.04334754955327082     0.1666276735867504     -2.117087842702878
                  21000      2.610262418315093    0.04292767558790682      1.922045836947919     0.3185623331433889
                  22000      2.766498144960801    0.04228834356192611     0.3890184113225817     -1.293961686662655
                  23000       2.69590107965674    0.04153276565374709      1.889176256947437     0.2682789785013913
                  24000      2.438502580840527    0.04070881948756325     0.8624861651586849    -0.5358359688234015
                  25000      2.182440133496689    0.04050977958411849     0.1581293361677813     -2.237143143517685
                  26000      2.539852974546941    0.04019205662250345      2.492444858954721     0.5125889172456577
                  27000      2.386501429046134    0.03959613167215054     0.7749775145457156    -0.6705343973189529
                  28000      2.198862991966537     0.0392746414652799     0.3757291934552193     -1.402652132204979
                  29000      2.753600467111766     0.0386037703326188      1.560068874038941   0.003735356801269729
                  30000      2.675725924269054    0.03842511319023981      2.971295682563698     0.6433647873806636
                  31000      2.691853469071613    0.03875435028061273       4.26562540640182      1.013487259681083
                  32000      2.722055278133561    0.03867589605501483      4.478896977336123       1.06024880850803
                  33000      2.550979614872081    0.03806359246263804       2.34513981890874     0.3972587090348986
                  34000      2.642266974688892    0.03758557509489673      3.618757473471299     0.8184065010164987
                  35000      1.665927504009901    0.03753214514890492     0.1341886185202764     -2.477655660339558
                  36000      1.848978485208489    0.03750300130142117    0.07267506596403187     -3.091680522623569
                  37000      2.144473774669338    0.03740660379391908     0.2510603946374494     -1.854559054067004
                  38000      1.819735740717147    0.03736858115208933    0.09681051186875206     -2.808513983920689
                  39000       2.62058467122129    0.03699399247468591      4.136343215252327     0.9362230878647639
                  40000       1.91257234341095     0.0368616285406444     0.4088501420300392     -1.381580020155169
                  41000      2.124135263599618    0.03676093292976921     0.3096997816893527     -1.662060783031721
                  42000       1.71420670616118    0.03672335374845159     0.1122864745331423     -2.677633532601353
                  43000      2.629738542713944    0.03656462464198944      5.302311873191695      1.172879598886466
                  44000      1.772967371060735       0.03653229362979     0.1095967652281099     -2.707095355065698
