#! FIELDS time e sigma_e height logweight
#! SET action OPES_METAD_kernels
#! SET biasfactor       5.011348439085033
#! SET epsilon    0.001910020759284688
#! SET kernel_cutoff       3.538542402811424
#! SET compression_threshold                       1
                   1000      2.640293108546227    0.06321896844457647   0.006322704301097473     -5.011348439085033
                   2000      2.685015185373818    0.05527368356768305     0.8898398777420782    -0.1987613969064931
                   3000      2.287233741897766    0.05519382804208347   0.007242020672867622     -5.011348439085033
                   4000      2.492858944746098    0.05507629141132073    0.01076874450798086     -4.616732589261766
                   5000      2.645175350455352     0.0523209128535314      2.219160619485606      0.660180617336776
                   6000      2.451146815317018    0.05218826955457014    0.02793976116508743     -3.717191287089508
                   7000      2.261538511897851    0.05207385727783064    0.02432825787307103      -3.85779824790902
                   8000      2.577058900931972    0.04903657413996391      1.301371155914945    0.06164031242622356
                   9000       2.50561719678891     0.0476308186997849      0.566577860292626    -0.7990053258329962
                  10000      2.359012157198587    0.04754144357706711    0.03206362554709892      -3.67277578711039
                  11000      1.602625874797716    0.04751793025989338   0.008411874033849511     -5.011348439085033
                  12000      2.049947067738873    0.04749445774912515   0.008416031314787079     -5.011348439085033
                  13000        2.7148766737083    0.04562860993666042      2.072776735882755     0.4550794951303612
                  14000      2.399158401483311    0.04536349634955056     0.1407870198759182     -2.240143853645637
                  15000      1.851908166303905    0.04534644102917083   0.008814690516469357     -5.011348439085033
                  16000      1.968770258910988    0.04531853953322556    0.01447809382818593     -4.515746894628498
                  17000      2.242338970849099    0.04518518800260447    0.07100708140172805      -2.92855089700823
                  18000      1.994136231712054    0.04509743057814004    0.04689622961525739      -3.34533728775657
                  19000      2.125059093672269    0.04504745639424269    0.02672120353290219      -3.90892593052783
                  20000      1.997707750993179    0.04480005144196805     0.1392219747123081     -2.263820953772124
                  21000      1.756767256367577    0.04477815449720304    0.01199727763602505     -4.715699683154295
                  22000      1.470912404092931    0.04476082591375469   0.009505594105357864     -4.948886027384776
                  23000      1.885571993576203     0.0446561511524814    0.05868515603516745     -3.130920963188894
                  24000      1.678369089563174    0.04461134812602173    0.02504092585525264     -3.983600051657322
                  25000      2.110548093324521    0.04442209410246546     0.1100196232649739     -2.507704137414747
                  26000      2.201456941950484    0.04409733165727113     0.1998000753969356     -1.918383323643459
                  27000      2.122128350916904    0.04353368183479085     0.3886161765850926     -1.265972743735131
                  28000      1.994331948316798    0.04297220197215442     0.4171102328620524     -1.208195866067419
                  29000      1.829687206853343    0.04281835063308433     0.1068278417686769     -2.573914494125268
                  30000      1.629835575589614    0.04271770795289583    0.06997510996951592     -2.999346693825043
                  31000      2.656351097219374    0.04355480344136053      4.551161042378787       1.19505780671576
                  32000      1.894544753065026    0.04333194326060673     0.2173846152321619     -1.851541553451049
                  33000      1.769892004729875    0.04321719358841913     0.1112683551531324     -2.523916527825644
                  34000      2.000781951585845    0.04260623660130481     0.7128294367715129    -0.6808570268699998
                  35000      1.513134716401316    0.04257918244547641    0.02783452646293085     -3.924457173156679
                  36000      2.247481721864328    0.04227583261188287     0.3418447084610475     -1.423527686362548
                  37000      2.389267452971009    0.04202248744425002     0.2910494908663756     -1.590401626448537
                  38000      2.497255251681467     0.0413465486682147      0.982138570049204    -0.3903784810957008
                  39000      2.626631745305402    0.04113783196021518      4.781239414410544      1.187283426153735
                  40000      2.509474901651543     0.0404353697822255      1.515855138385026    0.02134005688601413
                  41000      2.552318569055374    0.03964315686341219      2.659754232246322     0.5638075070316693
                  42000      2.453096464620888    0.03915314708376547      1.213731031263465    -0.2331646454406081
                  43000      2.579909246632396    0.03863546499599028       4.26274976756125      1.009740512094378
                  44000      2.351263059165255    0.03851254958219065     0.3032358858856587     -1.636604685943933
                  45000       2.37672240093899    0.03827620821119156     0.6345501166002968    -0.9043550635608781
                  46000      2.368537383328367    0.03797040791938477     0.8961361699745796    -0.5672003469702133
                  47000      2.466470649936111    0.03748816401157854      1.861243492218043     0.1509255031281118
                  48000      2.562319283440554    0.03710137030276098      4.538816156043271      1.031975561562637
                  49000      2.550572076535856    0.03677068442776353      5.054383411594093       1.13061221575962
                  50000      2.462565441656711    0.03636395378780226      2.184560502220967     0.2806481063812324
                  51000      1.882300544590704    0.03630081557277941     0.2439859900851449     -1.913148826655233
                  52000      2.045704257827372    0.03618395772063135     0.4744476685772844     -1.251332653024672
                  53000      2.423862566796947     0.0358301888627193      1.981371054823974     0.1682352971622404
