#! FIELDS time e sigma_e height logweight
#! SET action OPES_METAD_kernels
#! SET biasfactor       1.927441707340398
#! SET epsilon     0.01821196306674905
#! SET kernel_cutoff       2.830433390657354
#! SET compression_threshold                       1
                   1000      2.670697846813344    0.05785834540142751     0.1509064987297364     -1.927441707340398
                   2000      2.658311634960471    0.05261753755863989      1.137632865639579  -0.002345414406392749
                   3000      2.404132647924265     0.0514422705226323     0.1697281289904153     -1.927441707340398
                   4000      2.573652580384675    0.04852421823739542     0.8651641189020917    -0.3571176010214716
                   5000      2.711229783106798    0.04636808100867139      1.209616424927779   -0.06742994384365116
                   6000      2.535944525804268    0.04467709688034208     0.9930249375059625    -0.3018830679058178
                   7000      2.413116165937154    0.04366467850437478     0.5100674461943187    -0.9910173737276124
                   8000      2.197846865035095    0.04322783327595162     0.2019809845912977     -1.927441707340398
                   9000      2.357836877902883    0.04216532549958307     0.7611807454891094    -0.6256307883858976
                  10000      2.490302497151003    0.04117265151892007      1.247372013120822    -0.1555313756749636
                  11000      2.690537041075354    0.04054583351129875      1.844455463311355     0.2202725557400403
                  12000      2.660601720039605    0.04002766149411471       2.13940622909812     0.3557545177384356
                  13000      1.746290882457678    0.03980144059866651     0.2193689523669578     -1.927441707340398
                  14000      2.536113732806083    0.03910200885651383      1.702275053697002     0.1037949041156551
                  15000      2.296670927316515    0.03866070021093419     0.6037009671391641     -0.944197267741256
                  16000      2.425139727087988    0.03806059538485196      1.221286737313585    -0.2552600515009332
                  17000      2.671634088505381    0.03776201100805319      2.559407364170275     0.4767347685861903
                  18000      2.449052387368482    0.03722626379501799      1.600910848621425   -0.00675728640442368
                  19000      2.263875898547127    0.03687463966316095     0.7322081720861366     -0.798510936811984
                  20000      2.467601705572686    0.03642497637211756       1.93764073205578      0.162381256694088
                  21000      2.513955185626901    0.03601004371869103      2.026048450653616     0.1955406494884341
                  22000      2.638605728737517    0.03562766831391697      2.135836364816186     0.2376362835328858
                  23000      2.719209992091125     0.0352545053530847        2.0235581864114     0.1731062105549404
                  24000      2.410998922475189    0.03489835273363585      1.612367176664419   -0.06420153850266114
                  25000       2.48742787575208    0.03457303541589414      2.158629388793293     0.2182029708349263
                  26000      2.512258926724747    0.03426906193445455      2.259314392292808     0.2549598015160644
                  27000      1.907202414386207    0.03418930448430401     0.2553781206878187     -1.927441707340398
                  28000      1.959249882936566    0.03408772295569642     0.3376300963432677      -1.65121164568151
                  29000      2.009829002242248    0.03397797425499826     0.3745351148697121     -1.550701779307239
                  30000      1.644889852666346    0.03389898136232191     0.2642817874290329     -1.901698965048343
                  31000      1.832462148589497    0.03380855439339602     0.3104861840588811     -1.743246577575795
                  32000      1.572609284734577    0.03372329863662656     0.2950497783954334     -1.796766806090302
                  33000       1.97125693653579    0.03354018236398632     0.7499925921386232    -0.8692923182819877
                  34000      1.736509310581978    0.03340783972242133     0.5128543700734604     -1.253317320665955
                  35000       2.09301162654022    0.03332779933317605     0.2940767840462341     -1.811867074206859
                  36000      2.533104253305678    0.03316019262847873      2.930261807922801     0.4820973503665904
                  37000       2.34754606372003    0.03293402507641725      1.281981807179109    -0.3514310745824709
                  38000      2.723426089551297    0.03271895215616095      2.519119438566659     0.3175193357509698
                  39000      2.606638488138346    0.03249286731569601        2.2311844313897     0.1892086154397948
                  40000      2.703717281255158    0.03233704212829865      3.061083468757476     0.5006377540859449
                  41000      2.694573774221448    0.03226221973552938      3.729035181390396     0.6957018514704676
                  42000      2.598695272350831     0.0320514646601347      2.359302271017877     0.2313642467758616
                  43000      2.680456258310699    0.03197851091555427      3.951779863710044     0.7448856569404795
                  44000       2.64846567867467     0.0318433649412746      3.607888522542339     0.6496071804222715
                  45000      2.547240124694578    0.03165313871129166      2.788559950720439     0.3860180667327597
                  46000      2.716421427458261    0.03152129003274351       3.72259735873729     0.6707402687257172
                  47000      2.524920061097919    0.03135111478589324      3.164099798542355     0.5027738548819755
                  48000      2.744044579569532    0.03117637322403092      2.910488011162551     0.4136367458137104
                  49000      2.429440353585009    0.03100741886358796      2.061658890015454    0.06339287695889534
                  50000      2.695943319880549    0.03090825642369676      4.174109659561488     0.7655798645342554
                  51000      2.492084284430056    0.03074536645639932      2.920504321057184     0.4031510503895494
                  52000      2.660532311566329    0.03062367581529249      3.935181574586503     0.6973858913065792
                  53000      2.627610270958117    0.03047160003421249       3.14162276714427     0.4671900124314338
                  54000      2.637265727861765    0.03033543106214038      3.597495920404407     0.5982098349004579
                  55000      2.661547819002503     0.0302287263790059      4.235152885213291     0.7578675425101142
                  56000      2.665732713960608    0.03012919550417056      4.426705924980824     0.7988058136754769
                  57000      2.614856545875685    0.02998968544837112      3.284211041610918     0.4956353950430218
                  58000      2.536470231593747    0.02985129720508562      2.874515909728784     0.3577680149762371
                  59000        2.0219453778339    0.02979939427738534      0.620374592007787      -1.17728829790849
                  60000      2.096292491659273    0.02975796793608702     0.4862751312613494     -1.422228337863094
                  61000      1.881779386724018    0.02971710113591197      0.482592006696189       -1.4312055752267
                  62000      1.832933754118943     0.0296714350507703     0.5501769547128121     -1.301675078685666
                  63000      1.983838262460765    0.02960417865346536     0.8722871592164715     -0.843065638386623
                  64000      2.126264601772713     0.0295583616603898     0.5641234591499864     -1.280460044123721
                  65000       1.93075835856916    0.02949765253110703     0.7886647463012844    -0.9474478353260716
                  66000      1.644369990865657    0.02945829410975069     0.4856493476484061     -1.433637480557266
                  67000      2.678256271732968     0.0293866560782643      4.786467450233224     0.8519887892549978
                  68000       2.56888021301216    0.02926444993820405      2.753743621745554     0.2949902073768166
                  69000      2.523204500440483    0.02914657610157226      3.317082192069853      0.477078424449793
                  70000      2.541800393886011    0.02903253029566187      3.436289785137092     0.5084647119222399
                  71000      2.509578587116672     0.0289214465455951      3.490073334734058     0.5201616014945799
                  72000      1.756026757386683    0.02887942159593322     0.6263738982021191     -1.199023080950272
                  73000      1.920514654320613    0.02882191976370597     0.9136071665224773    -0.8235629575096782
                  74000      2.534167679559901    0.02871868168129961       3.72273260611543      0.577661248598501
                  75000      2.714679845884304    0.02862158255313944      3.968793351133295     0.6382786124546524
                  76000      2.615760865414821    0.02851829348587312      3.445242878900534     0.4931955996734719
                  77000      2.669646991007616     0.0284440337708737      4.736483419727666     0.8088888328690895
                  78000      2.728261573365016    0.02834524865051177      3.612813801390393     0.5346017729067406
                  79000      2.687289935573902     0.0282717186157907      4.788156570950218     0.8136628884143245
                  80000      2.697141172106371    0.02819653305080879      4.769629729538963     0.8071231437560529
                  81000      2.416188843464196    0.02812097220339611      1.742379709114097    -0.2025770947363968
                  82000      2.693874668286185    0.02805090515750879      4.931741220435807      0.835368453083375
                  83000      2.670452836031868    0.02798227109541945      5.022300023794311      0.851114573094906
                  84000      2.698184338228257    0.02791283934719126       5.03279869032647     0.8507184414511509
                  85000      2.648179558816666    0.02783283589855556      4.569116297478205     0.7511917247514887
                  86000      1.973447038211644    0.02778804428183486      1.007022324034453    -0.7627409134899251
                  87000      1.584272569126514    0.02776496423201387     0.4785217852148989     -1.507623156755144
                  88000      1.841144738198973     0.0277334453488052     0.6780014327553843     -1.160311341887229
                  89000      1.646349294047575    0.02770490757114564     0.6103857379670111     -1.266399160433355
                  90000      1.789476566782612     0.0276740853627091     0.6690643608675731     -1.175723152294103
                  91000      2.030456182892712    0.02763821205538106     0.8006026452154883    -0.9975357806557822
                  92000      1.828267306601787    0.02759993066610129     0.8702588609123474    -0.9154958719115059
                  93000      1.769510217107291    0.02756275369976417      0.847736772412966    -0.9430643057985323
                  94000      1.958412431060141    0.02751461312642478      1.170434075033555    -0.6222526279631236
                  95000      2.469479665047201    0.02743703831410927      2.518357857735954     0.1411563470067812
                  96000      2.388840250338961    0.02737977834801375      1.528593662969824    -0.3601916996172981
                  97000      2.682366161575083    0.02732572724769551      5.358649365348734     0.8921960454762516
                  98000      2.718713603108959    0.02725325065342639      4.478165211424406     0.7100416533232892
                  99000      2.413778475919925    0.02718960756051157      1.952553017755085    -0.1223719807677245
                 100000      2.437496346386663     0.0271218773401335      2.234239547093117    0.00989704469313853
                 101000      2.491803723353309    0.02704671962128127      3.060519934286953     0.3218059794805287
                 102000      2.636001432190655    0.02697513758335593      4.197533095856087     0.6350680439089942
                 103000      2.649057259096051    0.02691104440161981       4.75892897721956     0.7582148508149152
                 104000      2.533333550337102    0.02683852287225574      3.350167355267229     0.4045040151865543
                 105000       2.57042982703702    0.02676960146485015      2.844602299999509     0.2383456765228422
                 106000      2.611765259654139    0.02669917525937104      3.500693004254634     0.4432490636562142
                 107000      2.316128532262399    0.02666900106055263     0.8707196424314625    -0.9492779143227907
                 108000       2.67808990272361    0.02661724202663809      5.312603884825819     0.8572967289171846
                 109000      2.566936793848781    0.02655033109469357      3.097982062067228     0.3154486078104139
                 110000      2.711063057339678    0.02649026795799741      4.741324423466764     0.7387493673620006
                 111000       2.56110663697747    0.02642461621887869       3.28126727070139     0.3681811568140755
                 112000      2.470457866284296    0.02636393983373019      2.649502560201861     0.1520245080748344
                 113000      2.683684689659044    0.02631399967779292      5.332304510585018     0.8495400531747853
                 114000      2.361116434161813    0.02627651150872504      1.300871988120484    -0.5626343209148832
                 115000      2.681297371286808    0.02622798236423543      5.406922625854521     0.8601624080788729
                 116000      2.630174536079613    0.02616687778274283      4.199578172029584     0.6051339270102201
                 117000      2.546817924989988    0.02610552365796054      3.517842738358818     0.4256503074344931
                 118000      2.713471275956989    0.02604958695278831      4.738308407163243     0.7213375457981875
                 119000       2.25762776945965    0.02602837274914572     0.7256943537109415     -1.155783712810051
                 120000      2.675244143414956    0.02598104865320638      5.424544141920839      0.853956678827372
                 121000       2.67782863510677    0.02593477010896848       5.51326539658267     0.8683970600061055
                 122000      2.468922461923051    0.02588190605827734      2.623419716673339     0.1236782566200519
                 123000       2.51172996718996    0.02582479633089275      3.434685056051904     0.3909158009749598
                 124000      2.621203744644803    0.02576799150943221      3.891073488631861     0.5134736009542649
                 125000      2.578032735550206    0.02571366595719455      3.119201856772444     0.2902551916157707
                 126000      2.376517608982556    0.02567808426557582      1.520185557310594     -0.429874281847845
                 127000      2.674392097099783    0.02563277875582433      5.407469432277592     0.8373086163649213
                 128000      2.329657228621711    0.02560554499437467      1.117098978171504    -0.7408005059695908
                 129000      2.505568287684956     0.0255522555704246      3.374892731628898     0.3627445717722763
                 130000      2.555600850305691     0.0254994595048762      3.432652443356223     0.3776459632613455
                 131000      2.667243600624961    0.02545484783769177      5.350741959247056      0.819796882679705
                 132000      2.694764257089655    0.02541055476939989      5.376328386277177     0.8228257527032663
                 133000      2.685045041271608    0.02536852847760435      5.584250864829592     0.8591150973483986
                 134000      2.563137772469682    0.02531844798784866      3.360312992187211     0.3492228593500165
                 135000      2.502341277525397     0.0252686584457548      3.451536629896708     0.3740398008102936
                 136000      2.724153543329791    0.02521916269104287      4.289805851755315      0.589501043481728
                 137000      2.674224633178805    0.02517949616665935      5.700543787945474     0.8722470286110318
                 138000      2.495395767559045    0.02513162886220102      3.394926051749291     0.3520645839265007
                 139000      2.740994518777777    0.02508473130447858      3.284899001065154     0.3172506902285204
                 140000      2.688749680677928    0.02504668812820234      5.787169382841229     0.8820403378228429
                 141000      2.668661969563308    0.02500797474768757      5.733279897938082     0.8711379766679255
                 142000      2.425117052899548    0.02497240525229828      2.042101234866415    -0.1625938420428091
                 143000      2.576372183079127    0.02492742861283036      3.290628832406119     0.3127028666861879
                 144000      2.413969992322288    0.02489261286373659      2.034436893927239    -0.1695544049041653
                 145000      2.484623175330937    0.02484873596319171      3.230873921794171     0.2912149870161018
                 146000      2.526236517308924    0.02480365660839408      3.853519214703154     0.4656333364893804
                 147000      2.431331565178419    0.02476728317478024      2.288108028178006   -0.05709571930459691
                 148000      2.706966652974694    0.02472761173769199      5.345308126910601     0.7897951316685933
                 149000      2.029014270818149      0.024711724318251      0.811620452471627     -1.095789233613817
                 150000      2.217931831516285     0.0247002506234225     0.5686885175455849     -1.451953587521444
                 151000      2.344233433483692    0.02467649820971715      1.311377598879953    -0.6174150741615235
                 152000      2.006629252709157     0.0246574858790683      1.009170171158894    -0.8801356406287931
                 153000      1.785344344007367    0.02464122184063086     0.8468611600852372     -1.056142354480653
                 154000      2.069758474926725    0.02462840769276907     0.6514706124112631     -1.318966992290531
                 155000      1.790908870666612    0.02461050150525405     0.9518424949936327    -0.9405270242319127
                 156000       2.74142644856637    0.02456925796905304      3.297654025913372     0.3003627375891497
                 157000      2.430796765662709    0.02453475670724735      2.302021298766025    -0.0604662463354292
                 158000       2.48460920722093    0.02449440899451458      3.259268161447561     0.2856030048038649
                 159000       2.68899138670298    0.02446019844116655      5.731479230897883     0.8486763337788108
                 160000      2.658088781198963    0.02442295317488651      5.310795717789201     0.7709205084992846
                 161000      2.680994306281113    0.02438985725597883      5.858670777221757     0.8677455454587147
                 162000      2.396175886223985    0.02436044486199987      1.956275926383848    -0.2303412292382249
                 163000      1.969406334736101    0.02434177033176546      1.097215211947455    -0.8093753995550355
                 164000      2.725081279311707    0.02430208765792022      4.421327970026981     0.5826577929550546
                 165000      2.700263684708197    0.02426802530724569      5.647950583934113     0.8261078415303281
                 166000      2.749658596865638    0.02423216762869121      2.915307731810817     0.1633118117417294
                 167000      2.690647087642276     0.0242006479982156      5.939158026409135     0.8736022242996321
                 168000      2.607869296498664    0.02416372598714886      3.291586139194361     0.2818775780536211
                 169000      2.670224389428739    0.02413188167717438      5.866501287972615     0.8584477186225282
                 170000       2.69686456859537    0.02410039169382707      5.915150233875337     0.8654004269016257
                 171000      2.016562839220481    0.02408380601957989      1.055412243346023    -0.8588734543885891
                 172000      1.833240719830632    0.02406953392813895     0.8910952499372774     -1.028701628737973
                 173000      1.932660863132779    0.02405406639269315     0.9804067334434414    -0.9338282584800106
                 174000       2.08940542572973    0.02404276298003548     0.6913617564946043     -1.283602592710571
                 175000        2.5724653982579    0.02400737799839843      3.289289960112479     0.2746883613732996
                 176000      2.449634420219968    0.02397635899286805       2.52919116102007    0.01062329311253619
                 177000      2.604506980869771    0.02394146771621054      3.311621270762994     0.2787053235102928
                 178000      2.572815943923434    0.02390651743573274      3.419555527750941     0.3093171355790297
                 179000      2.488675156226603    0.02387224131001536      3.309974970503969     0.2753123978232141
                 180000      2.632483419236523    0.02383674375342621      4.343586525780721     0.5455840783921901
                 181000      2.660884502166774    0.02380561148752772      5.644032133052757     0.8061754947375595
                 182000      2.400660326111076    0.02377939570860493      2.103901866700174    -0.1817314305459853
                 183000      2.440496470274183    0.02374985658068654      2.581569882543838    0.02162962502217594
                 184000      2.556804367863608    0.02371596019712695      3.669634558609411     0.3718957671062718
                 185000      2.565547369866997    0.02368241081931604      3.644248244888764     0.3635381522205128
                 186000      2.734231991444176    0.02364860753130433        4.0097884970535     0.4576981688640417
                 187000      2.703582852643077    0.02361924660314324      5.736125510658963     0.8145013357483946
                 188000      2.501255481676529    0.02358684447036573      3.525394115714502     0.3263367925778162
                 189000      2.502334157013696     0.0235544880190555      3.616062154753458      0.350357445337722
                 190000      2.622709183532123    0.02352178232418738      4.010957644940151       0.45261236403328
                 191000      2.665411486046761    0.02349372561724689      5.841573456249213     0.8273890162587434
                 192000      2.671127010639915    0.02346695194754831      6.053515024269486     0.8618876681327322
                 193000      2.608363499184523    0.02343559494724272      3.644707977103154     0.3531877021840497
                 194000      2.734642676115191    0.02340387002769253      4.049550857406633      0.457162807828542
                 195000      2.512644203827903      0.023372784185619      3.764240753896624     0.3827738961856264
                 196000      2.694688097448477    0.02334677374425252      6.088327822562005     0.8624877093779617
                 197000      2.434059669455592    0.02332086419169904      2.550256312543959  -0.008802274621167961
                 198000      2.612939787434857    0.02329037519222047      3.816567115471325     0.3930469888381241
                 199000      2.459473903963437    0.02326306232975451      2.889529041293444     0.1136157600382575
                 200000      2.558975397789128    0.02323316645980078      3.736286962089996     0.3693286117436085
                 201000       2.70435497243764    0.02320631417634126      5.780030568584583     0.8044888135466798
                 202000      2.575347187040839     0.0231771736417411      3.600443207966095     0.3298802885636186
                 203000      2.589312094261963    0.02314833207871585       3.56772074855944     0.3195051133955112
                 204000      2.475287973859676    0.02312096658458364      3.156190465148403     0.1957610393362501
                 205000      2.443472771874099    0.02309580619866412      2.697477208031541    0.03762345780333767
                 206000      2.492625680734946    0.02306764165215597      3.535489218361884     0.3069379615176848
                 207000        2.4258175407846    0.02304338062310794      2.590457229673411  -0.005131612040326471
                 208000      2.431274516817501     0.0230186126679035      2.717683954286218    0.04173860306611406
                 209000      2.543487344846611     0.0229903894844221      3.848524645159101     0.3884215836874075
                 210000      2.497887212547293    0.02296269663012996      3.665512575674182     0.3384946338767038
                 211000      2.481568186655552    0.02293560624912346      3.489451810741576     0.2880906484289934
                 212000      2.440991616754734    0.02291079934305969      2.878623387633465    0.09457601367802816
                 213000      2.680264597644947    0.02288708284607193      6.021329354718588     0.8315361793207151
                 214000      2.752631154665196    0.02286308061644032      2.778638457574102    0.05713989145617615
                 215000      2.647679045035449    0.02283628517895039      5.040758891280991     0.6515628083476001
                 216000      2.753642323642187    0.02281253139396448      2.799198491312985    0.06229856839386128
                 217000      2.550406848471706    0.02278579502316689      3.868314819698133     0.3846117193783281
                 218000      2.746829399961356    0.02276041940641074      3.327703807902403       0.23296099318184
                 219000      2.572102314167728    0.02273427833218037      3.725240358938378     0.3446606575987985
                 220000      2.563207594465841     0.0227080481652903      3.900322756879806     0.3894341520412125
                 221000      2.691966667375206    0.02268534255921563      6.017291465435062     0.8220116868625316
                 222000      2.637672152384048    0.02265923553711451      4.657951194350779     0.5647986501775473
                 223000      2.690252589847189    0.02263697074644642      6.084324812402471     0.8309556421495299
                 224000      2.718117832957245    0.02261175046146808      5.121891166451988     0.6576488801610749
                 225000      2.674488634645822    0.02258961026674603      6.086392478912456     0.8292010538488004
                 226000      2.649678836931563    0.02256489183862498       5.25014235745854     0.6803058696628326
                 227000      2.596199371586807    0.02254045839947757      3.593041796120081     0.2999664240540293
                 228000      2.670781261834413    0.02251850216744966      6.069029623483522     0.8231914555791724
                 229000      2.444363927871352    0.02249651421195581      2.900938437716809    0.08405009493143824
                 230000      2.243574100149908    0.02248932081649455     0.6976365757093275     -1.341360973048224
                 231000      2.147368222479305    0.02248402661977775     0.5021891855142906     -1.670317799851189
                 232000      2.723094881242374    0.02245937760137917      4.861980679334438     0.5988095773543054
                 233000      2.678722602590979    0.02243843079035383      6.227170659499441      0.845352668748761
                 234000      2.711106195782867    0.02241524071152423      5.553161054031253     0.7297638790925558
                 235000      2.507280009994206    0.02239158704651775      3.720847346354145     0.3282921714360837
                 236000      2.081612965913087    0.02238434247917178     0.7306058292033543      -1.29986403023909
                 237000      2.572340957742388    0.02236082893298683      3.750116175217885     0.3347529770753501
                 238000      2.523818853652975    0.02233723542857814      3.892517998814521     0.3709667226097061
                 239000       2.45011030031431    0.02231609095589424      2.976807214746491     0.1018147452739698
                 240000      2.542124792994145    0.02229257011346646      4.062866764428077     0.4117977060146973
                 241000      2.696617753168754     0.0222719568096867      6.122986843245356     0.8210338064580869
                 242000      2.636580033492116    0.02224852034392551      4.696713311476705     0.5547939114466532
                 243000      2.561922342670243    0.02222551285885969      4.002350086855168     0.3937780049862131
                 244000      2.731154796732975    0.02220233692960027      4.484904373593706     0.5065701621147184
                 245000      2.522637478187571    0.02217960880333385      4.012516247825627     0.3942473199338907
                 246000      2.505582059549489    0.02215717780144374      3.892214713631681     0.3627952667604888
                 247000      2.771629936567758    0.02214255764334017      1.821562566488284    -0.3971484344758603
                 248000      2.686653723137506    0.02212354401808108       6.37124874632747     0.8540933053159638
                 249000      2.693937119946677    0.02210435805000299      6.325355218607291     0.8459964177748235
                 250000      2.667281779133308    0.02208461718261721      6.164799767997596     0.8193924061139537
                 251000      2.747602198473158    0.02206359040532235      3.482497306281865     0.2473338478910826
                 252000      2.623828514996733    0.02204151974927063      4.255190697213092      0.446722952053965
                 253000      2.503802805500972    0.02201989135187857      3.950762243755379     0.3715101683935449
                 254000      2.523361804788819    0.02199813437209687      4.189342093897294     0.4291567897145274
                 255000      2.702161635930621    0.02197878539727201      6.142250091464708     0.8109242652110454
                 256000      2.749982322665493    0.02195860580956171      3.392770901802137     0.2164615273649929
                 257000      2.708664973168931    0.02193882559809986      5.940324056089125     0.7756770500862579
                 258000      2.506890256665363    0.02191768986164157      4.063846024023704     0.3950793265491744
                 259000      2.578642015959978    0.02189699634914288      3.826856055063281     0.3340485049267568
                 260000       2.48985722797216    0.02187639153210096      3.845826044839146     0.3380518968870527
                 261000      2.691161562504076    0.02185858139799629      6.458143289009014      0.855590883464254
                 262000      2.721728586330992       0.02183804510712      5.320179323907385     0.6608160851879706
                 263000      2.618430127355075    0.02181753914607936      4.039755387500305     0.3845537745745299
                 264000      2.706568882956209    0.02179877261823581      6.095670460451251     0.7950878626703572
                 265000      2.671617958765019    0.02178066529942977      6.306824409897716     0.8283103879458751
                 266000      2.653733687446686    0.02176093633655119      5.611201575051889     0.7105367701138667
                 267000      2.625687189617127    0.02174060190966257      4.374003084834996     0.4605156333453739
                 268000      2.620272102254656    0.02172048410789761       4.23155317952693     0.4264803287571473
                 269000      2.342945941087992    0.02171207532315811      1.104555835978261    -0.9170326941687033
                 270000       2.46392729756825    0.02169388782093725      3.222888650756989     0.1529640453248517
                 271000      2.351765706488524    0.02168475124443264      1.226607353422539    -0.8134831471647226
                 272000      2.422781014833639    0.02166848271107001      2.658936058460461   -0.04055970231437851
                 273000      2.535336358257785     0.0216487915207184      4.192099997699978     0.4138068729113948
                 274000      2.739785867460478    0.02162922971106764      4.169314818738409     0.4074527753021617
                 275000      2.598750408718189    0.02161035946378472      3.727499231074011     0.2945658036713392
                 276000      2.706603310270643    0.02159242072527187      6.061961318769638     0.7800311962222278
                 277000      2.526173772828563    0.02157315035383891      4.195072218637514       0.41101549525909
                 278000      2.340771838974514    0.02156447964637599      1.203506738107334    -0.8380574849727253
                 279000      1.899388796892026    0.02155900540660261     0.7185039758288925     -1.354134988630208
                 280000      2.555864182288273    0.02153993396994749      4.170341711032517     0.4035620215845206
                 281000       2.35473486497584    0.02153044400752273      1.354105960298307    -0.7217351996569927
                 282000      2.669808373489029    0.02151326015852714      6.220599636003049     0.8021912409644103
                 283000      2.511769514341729    0.02149446445348714      4.144483438559911     0.3952290305185535
                 284000      2.508609593725787    0.02147574687039826      4.167185824004827     0.3998206292813943
                 285000      2.449267929507458    0.02145937252483592      2.997269492180644    0.06951864020237941
                 286000       2.46818143939194     0.0214420722910378      3.386179960538639     0.1907128553904667
                 287000      2.464414209930895    0.02142493632318606      3.350070421418927     0.1791922971124421
                 288000      2.551999988273983    0.02140650825824925      4.250017881519378     0.4162736281303629
                 289000      2.543298209365641    0.02138809695394235      4.367321120600584     0.4426397932096564
                 290000      2.719668363845394    0.02137011027255104       5.44667326169056     0.6626536788521667
                 291000       2.66759359809455    0.02135339304469338      6.135925255028637     0.7810269722422193
                 292000      2.674704053548995    0.02133730946605362      6.377638279357283      0.818910449499354
                 293000      2.678160491757303     0.0213215352245874      6.483379881965137     0.8346150042491144
                 294000      2.700241581888823    0.02130541836815847      6.343701938284712     0.8120793616072848
                 295000      2.540250467324963    0.02128754067300863      4.390634953232674     0.4432512473170198
                 296000      2.556521014999011    0.02126981371637844        4.3025037716928     0.4221414346378523
                 297000       2.44290339798581    0.02125443598018558      3.010173375236123    0.06421874021959233
                 298000       2.69287234974071    0.02123906774406176      6.539250645780632     0.8393203204142936
                 299000      2.358299106380235    0.02123029913254276      1.389403291404155    -0.7100408283063404
                 300000      2.671868550333117    0.02121470726142045       6.42739852416403     0.8209199899485704
                 301000      2.231264376666021    0.02120991090180386     0.7074637415311813     -1.385944893915125
                 302000      2.530509568709263    0.02119249491162134      4.436821561367823     0.4492407987094455
                 303000      2.552867476926695    0.02117517273183279      4.424334566666985     0.4456047223676058
                 304000      2.494782787706419     0.0211583097505874      4.004285686748873     0.3450533713601625
                 305000      2.644634670334811     0.0211411606184091      5.206053708489828     0.6066994414170916
                 306000      2.621389890947959    0.02112425439574268      4.205914251628057     0.3925690054403316
                 307000      2.456757634951292     0.0211089940766305      3.234996589746418     0.1293825207711664
                 308000      2.706186458469475    0.02109330339614399      6.171964701871471     0.7746282687055586
                 309000      2.457403464186628    0.02107807174356182       3.28776280166675     0.1440960179809303
                 310000      2.548260561691873     0.0210612720397147      4.501318299893343     0.4574616528108992
                 311000      2.644400822105663    0.02104460887930904       5.26092646676441      0.612607000463498
                 312000      2.497751438387349     0.0210282408835899      4.135650787062333     0.3711664771558478
                 313000       2.71923494649703    0.02101197506483731      5.563942515888481     0.6670548967298675
                 314000      2.568247026981385    0.02099572838037847      4.174099343791461     0.3788730533450779
                 315000       2.70144452330661    0.02098092271079931      6.398743405082455     0.8053706484065725
                 316000      2.626452575355957    0.02096461528225337      4.461251277532821     0.4439207499396989
                 317000      2.605975841327276    0.02094896539619347       3.85856888215412     0.2980410573078384
                 318000        2.5057064299019    0.02093293554179536      4.271946759795537     0.3990488586084683
                 319000      2.626441621794166     0.0209168173788687       4.53180286297046      0.457328775776368
                 320000      2.538725724256506    0.02090074782311356      4.597439547170563     0.4709399054629729
                 321000      2.301517630666742    0.02089535119313929     0.8999012639599074     -1.160288087330303
                 322000      2.567165407120791    0.02087957096801344       4.26982027707145       0.39599838974822
                 323000      2.727928254263326    0.02086365000573281       5.06286409670672     0.5655961985331052
                 324000      2.589048652798498    0.02084841727863489      3.890012827895834     0.3013459285283153
                 325000      2.472903538484944    0.02083356497746662       3.67333938374374     0.2433219868812012
                 326000      2.519952936562357    0.02081790992077813      4.518765713391885     0.4497079921691916
                 327000      2.664492896711476    0.02080335682893698      6.179038535303763     0.7619324800250197
                 328000      2.127909616639037     0.0207996079908285     0.6254198975051221     -1.528742441105533
                 329000      2.610140734073008     0.0207844628501496      4.061139737968975     0.3413248248554477
                 330000      2.526222005654755    0.02076899158109845      4.619399535668132     0.4693812487949211
                 331000      2.771038244944797    0.02075908227900094      1.957196596150794    -0.3898475698262918
                 332000      2.502673711965909    0.02074384352984637      4.378209648933677     0.4145448279480899
                 333000      2.718469394974875    0.02072886902885502      5.639046047381157     0.6668977161873626
                 334000      2.680285354233188    0.02071545224588597      6.604467041817411     0.8242815894838975
                 335000       2.53487551731438    0.02070026183937634      4.725930211852394      0.488866199017071
                 336000      2.609179481575601    0.02068557542833119      4.052748133731737      0.334487258478018
                 337000      2.661694592531286    0.02067138063848983      6.102034523243807     0.7430278475275334
                 338000      2.662728885354702    0.02065736013184236      6.189247041176529     0.7565405546615752
                 339000      2.653881890913891    0.02064292338219246       5.84840999198513     0.6991978331544711
                 340000      2.517980558590299    0.02062809393656201      4.607367769392344     0.4599660789514227
                 341000      2.478630286539631    0.02061393530837126      3.883404045931771     0.2883348565806617
                 342000      2.505000817579181    0.02059927236531443      4.516318711984407      0.438608408630475
                 343000      2.729431842912727    0.02058456567923569      4.945314956342113     0.5286376488071877
                 344000      2.615757222312612    0.02057017352878561      4.292765668716004     0.3864287806667909
                 345000      2.659752333888555    0.02055641698357885      6.124785454361411     0.7411723199090987
                 346000      2.679886645774946    0.02054369381272811      6.703059683494757     0.8307735525325306
                 347000      2.692857340470769    0.02053092478265899      6.672395129138364     0.8255665985193581
                 348000       2.71431223468412    0.02051700251901446      5.899467534806792     0.7017714698401152
                 349000      2.692117149365508    0.02050440044053301      6.731214017790288     0.8330504728845926
                 350000      2.490621357873554    0.02049041730880168      4.241892345469076     0.3706222438548566
                 351000      2.713067656943812    0.02047676482689051      6.018600652469141     0.7198010405781913
                 352000       2.23460358284484    0.02047282246100778     0.7494942749976184     -1.363602889146831
                 353000       1.87976331705151    0.02046918336685062     0.6878634124924153     -1.449589046601958
                 354000      1.876858225904313    0.02046529150564481     0.7404817286468522     -1.376068528197034
                 355000      2.047819841807559    0.02046118066515073      0.786828093519503      -1.31556058439994
                 356000      1.981545766619895     0.0204561159583681     0.9926891441329299     -1.083400366720533
                 357000      1.884021871928836    0.02045187652420108     0.8157948197389242     -1.279862324402854
                 358000      2.702964308260846    0.02043929065809716      6.631034948590339     0.8148753917541107
                 359000       2.69519776772999    0.02042724823043858      6.898223996472681     0.8537891316048294
                 360000      2.686899547266395    0.02041550816094596      7.035069970631828     0.8728578903783989
                 361000      2.459499308519123    0.02040285738531149      3.497963425447308     0.1735113174216829
                 362000       2.06285603694274    0.02039878299338516     0.7998096239902738     -1.302250869984216
                 363000        1.9893676238639     0.0203936502262957       1.03502521967445     -1.044695179985636
                 364000      2.522361003777292    0.02037983989584814      4.759636924926165     0.4803729986551052
                 365000       1.86724808875515    0.02037563187874043      0.834786067743404     -1.260584684375579
                 366000      1.962695923510703    0.02037043047591687      1.058782489434529     -1.023140546258086
                 367000      2.633381182711611    0.02035667588825735      5.003495686302918     0.5292011547578275
                 368000      2.702460104195346    0.02034451925338373      6.722684120211732     0.8239544866718129
                 369000      2.655415209285578    0.02033150227666066      6.128738359659683     0.7308158719412848
                 370000      2.692082645089669    0.02031997458407231      7.024066711969218     0.8666021637089809
                 371000      2.534755841003436    0.02030645741129221       4.80203190291304     0.4856335137703021
                 372000      2.645767663587245    0.02029315438283992      5.672201215749807     0.6515163083069719
                 373000      2.608483265793007    0.02028016426640489      4.133067908093293     0.3343186824865023
                 374000      2.576358618448991    0.02026725350740661      4.103619660992975     0.3265313219974716
                 375000      2.355008366691879     0.0202611430151985      1.334386846077837    -0.7971677526402042
                 376000      2.486105221853097    0.02024820114727272      4.212872344512794      0.351866077312259
                 377000      2.491337472685129    0.02023516899611479      4.390973276250694     0.3926284732774072
                 378000      2.437903789786426    0.02022389654116068      3.121835718615493    0.05094154023248994
                 379000       2.27285185159954     0.0202200099229964     0.8110940483778432     -1.297043123527976
                 380000      2.706491045568559    0.02020800565135178      6.572100451574442      0.794567767883383
                 381000      2.530220110602373    0.02019492810890754      4.819872537225941     0.4838344100947281
                 382000      2.528186071337294    0.02018189213108744      4.860027965040301     0.4914854030174427
                 383000      2.705780620203703    0.02017006647991029      6.619432881408795     0.7998647845366185
                 384000      2.005312857888994    0.02016531991367286       1.03558831352503     -1.055410585130278
                 385000      1.670775605973168    0.02016272019241346     0.5383752859951119     -1.709708602330801
                 386000      2.039254478995661    0.02015843563470113     0.9252054899336766     -1.168461134376839
                 387000      2.408583719045188    0.02014918205446826      2.374060516447691    -0.2265790802783506
                 388000      2.701633773514359    0.02013776335706013      6.806095722669958     0.8260709045708585
                 389000      2.589713920012759    0.02012556227833895      3.956472190421867     0.2829989671978924
                 390000      2.502132508665265    0.02011287277871507      4.634963503628028     0.4406438095072318
                 391000      2.677331765676708    0.02010187076247393      6.989594341593771      0.850890841726744
                 392000      2.657217526772625    0.02008978523690064      6.239078729542356     0.7366994584829947
                 393000       2.37287791445235    0.02008348914956456      1.486411665340243    -0.6980815829692181
                 394000       2.63924790800164    0.02007088423648925      5.361515122687068     0.5841722645199977
                 395000      2.609341757316884    0.02005869770787512      4.203702587384082     0.3402840037184839
                 396000      2.609528479690509    0.02004651141332119      4.256261838538251     0.3521018544034989
                 397000      2.643802102348877    0.02003413917684684      5.629993870107178     0.6312015683358247
                 398000       2.41384911513436    0.02002476106856509      2.576205852999195    -0.1510572840681423
                 399000      2.599825056284843    0.02001283993967974      4.099867784749492     0.3129842278921943
                 400000      2.588131908268366     0.0200009752352308      4.085843035067819     0.3089645522581487
                 401000      2.642678166014106     0.0199887598058604      5.611929001427407     0.6257200545916409
                 402000      2.615510698378298    0.01997662073849275      4.575587785834314     0.4209532327391858
                 403000      2.711452140223482    0.01996507209209297      6.351021202989727     0.7482554085533427
                 404000      2.538256026452876    0.01995292650346268      4.812032044954279     0.4701507197323992
                 405000      2.677748968425939     0.0199424000926901      7.025798601620825     0.8480924495046772
                 406000       2.26888941944793    0.01993872697973626     0.8496976093814032     -1.264555388729301
                 407000      2.710298770651964    0.01992738930531918      6.444974569447783     0.7610512608153136
                 408000      1.778880094349805    0.01992376601563308     0.8422883921238055     -1.274064085846846
                 409000      1.635954577486739    0.01992107209008585     0.6118084859983421     -1.593902468548763
                 410000      2.631478277246933    0.01990903771615369      5.159524482024061     0.5376736436015646
                 411000      2.718521745208835    0.01989736419713462      6.000121297175554     0.6880223935500924
                 412000      2.380373358746346    0.01989092799045531      1.653913583503399     -0.600936466051486
                 413000      2.645856432836191    0.01987918749754646      5.807890966311488     0.6545462721546518
                 414000       2.54854878935457    0.01986739612309845      4.711752907588245     0.4447954461201196
                 415000      2.546741122058035    0.01985562211318498      4.778881134973113        0.4583490816153
                 416000      2.412198597695701    0.01984682440393493      2.560182609045763    -0.1662219599316533
                 417000      2.602356888919111    0.01983543530633038      4.240508522996395     0.3378086345987203
                 418000      2.639760522101808    0.01982378045014238      5.579635621231711     0.6116611610573897
                 419000      2.408273614174986    0.01981521646639495      2.497089672618948    -0.1927684884742409
                 420000      2.610562723044215      0.019803744805057       4.52116820207898     0.4002969014024187
                 421000      2.653802466326215    0.01979259249322977      6.211777620997001     0.7174102953273623
                 422000       2.72727482051456    0.01978103285800029      5.381568219178673     0.5733588021516288
                 423000      2.655810591480594    0.01977005367946865      6.327944791683611     0.7347992961327525
                 424000      2.716912578781698     0.0197589070444436      6.102278676754859     0.6979220720437439
                 425000      2.675367619889119    0.01974880401217013      6.991997870994463     0.8335147048071536
                 426000      2.668888238805847    0.01973852261217694      6.859912791917228     0.8139223557492934
                 427000      2.547207750333732     0.0197272238674128       4.75237610494113     0.4462997673409358
                 428000      2.228932604291247    0.01972402252613211     0.7952643218100273     -1.341587991116676
                 429000      1.921032674883005    0.01972061731985309     0.8515724395605452     -1.273350618899493
                 430000      2.254010238951896    0.01971705718268826     0.8951570883748788     -1.223616512641754
                 431000      2.097771444994677    0.01971410092098775     0.7313293263209295     -1.425901805617997
                 432000      2.305796256370173    0.01971020838921427     0.9902316233498085     -1.123024268586512
                 433000      2.148293149618327    0.01970775577958194     0.5995517906738393     -1.624905228025173
                 434000      1.825685091214631    0.01970446177067293     0.8247269404144504     -1.306202395050917
                 435000       1.58334980672697    0.01970225575474048       0.53655818796239     -1.736191692051802
                 436000      1.839453534464613    0.01969882716024054     0.8630393202368188     -1.261080489932784
                 437000      1.847770933529553    0.01969526560290339     0.9008496549110329     -1.218383180077387
                 438000      1.966962483580005    0.01969104889025674      1.089181530054423     -1.028753876465192
                 439000      2.678626682134405    0.01968130924267853      7.106311178797888      0.846308141381349
                 440000      2.628856021847482    0.01967011716445047       5.23708724402699     0.5405215009857282
                 441000      2.669142774049818    0.01966014686829415      6.924739777608074     0.8193494970073715
                 442000      2.338901777588239    0.01965519803730335      1.331143351825854    -0.8299644917665595
                 443000      2.650081926701087    0.01964448373854167      6.208099964475472     0.7093068961846698
                 444000      2.282479080071542    0.01964068388155805     0.9906322498333691     -1.126153342548243
