#! FIELDS time e sigma_e height logweight
#! SET action OPES_METAD_kernels
#! SET biasfactor       3.469395073212715
#! SET epsilon    0.007640039155174105
#! SET kernel_cutoff       3.122291642622147
#! SET compression_threshold                       1
                   1000      2.681911031752266    0.06206017502565676    0.03010226110527593     -3.469395073212715
                   2000      2.608393856516234    0.05513302510517965     0.6640214952619961    -0.4940364165586906
                   3000        2.6820247940376    0.05094236176534714     0.8372718263352651    -0.3412562286455662
                   4000      2.408258694292117    0.05068379043554981    0.03685895582803759     -3.469395073212715
                   5000       2.71022397551203    0.04824156424272229      1.427227682081637     0.1376102946627498
                   6000      2.470611312955692    0.04771802404910365     0.1317565487395479     -2.255834760028214
                   7000      2.419520131297481    0.04674672310179848      0.286658863784489     -1.499062801152867
                   8000      2.493744938216884    0.04540829379023596     0.5141555701446595    -0.9438791849248087
                   9000       2.50500459994504    0.04389321164693861     0.9921357563507942    -0.3204802161864062
                  10000      2.473419561510287    0.04272183742946936      1.453440075518045    0.03429885494748874
                  11000       2.56316969674094    0.04165180963842417      1.041164494010225    -0.3246599533220796
                  12000      2.454075061404684    0.04080229059147984      1.627774187557384     0.1016072120884286
                  13000       2.55998757437725    0.03996650400341902      1.317526518203451    -0.1305467299383843
                  14000      2.648650159695646     0.0392368395142258      1.128856664760319    -0.3035231538086584
                  15000      2.718377430830544    0.03857132625306464      1.232068218917592     -0.233141168904508
                  16000      2.715476810161491    0.03798865286505865      1.618349455002579    0.02434971901965581
                  17000      2.687442090520821    0.03753897801883831       2.03782581978158     0.2429187096710548
                  18000      2.647554897425926    0.03704688396772538      1.814376416708521     0.1135815191688808
                  19000      2.572988409330328    0.03657770529033476      1.280651811422285    -0.2475364764990645
                  20000      2.324339281846928    0.03652880629379152    0.08190599860925962     -2.998426447083312
                  21000      2.741677299003312    0.03609387318826846      1.714893950341126    0.03112981310670526
                  22000      2.685094952078602    0.03588953745994208       2.73599973548284     0.4925981582203501
                  23000      2.641188245816574    0.03553156893659265      2.235356589570626     0.2804777681616235
                  24000      2.373608545616108    0.03539117537334326      0.347927898197992      -1.58364206615801
                  25000      2.246272679960428    0.03536552191557488    0.05865488148331149     -3.364691650473151
                  26000      2.691462296966523    0.03528839856048018      3.369958910103318      0.684110246463665
                  27000       2.71092674394218    0.03512505078012828      3.378838746027148     0.6821020953267261
                  28000      2.494853931868037    0.03479799479972683      1.472885246087569    -0.1575615682499867
                  29000      2.148940992362939    0.03477966424705244    0.05434572056677166     -3.457701113900639
                  30000      2.570298201280043    0.03445794818717696       1.65651915326218   -0.04988636958505056
                  31000      2.428291838868388    0.03419299373816416      1.204226763705456    -0.3764861294971393
                  32000      2.354997836471409    0.03408246747668774     0.4017462028313591     -1.477496186377111
                  33000      2.651551268450402    0.03387568259709042      3.162977267067632     0.5798666243973419
                  34000       2.27045652688958    0.03384649456856901      0.106997942304633     -2.807454801526339
                  35000      1.686943587358601    0.03383128103235385    0.05521965281405917     -3.469395073212715
                  36000       2.04229221334091    0.03381607535669091    0.05530538003842087     -3.468293357495742
                  37000        1.7973766814569    0.03380091050901331    0.05526926833415582     -3.469395073212715
                  38000      2.219714556616887    0.03376721438140801      0.125401667974966      -2.65108756882836
                  39000      1.921321527768459    0.03375212816497751    0.05534914965154433     -3.469395073212715
                  40000      2.111021707326721    0.03372747460477705    0.09151864172575759     -2.967244379588593
                  41000      1.981839336714374    0.03370613187460332    0.07923133893833864     -3.112048151441494
                  42000      1.824633299240154    0.03367932445704746      0.100377304601374     -2.876279577802471
                  43000      2.156768360176653    0.03363633278766163     0.1644084706704254     -2.384139019434329
                  44000      1.864927755690139    0.03360201258833878     0.1308212341136438     -2.613682111400744
                  45000      1.601159415157261    0.03358655545227068    0.05804227342957874     -3.426802392362939
                  46000      1.926050652916268    0.03354410888943484     0.1644105527636489     -2.386871915051851
                  47000      2.036649889209878     0.0335057198120884     0.1489365047842482     -2.486863603554997
                  48000      1.972037373431496     0.0334461922783939     0.2379825661705828      -2.01996447473701
                  49000      1.796103730630579    0.03339383799191322       0.20938710023637     -2.149543756419137
                  50000      2.009025727761132    0.03331106067092494     0.3467541479942092     -1.647594325472465
                  51000      2.499190896947288     0.0330982683629126       2.93572856034976     0.4820920577539144
                  52000      2.767153747993858    0.03285667956462879      2.455263455364304     0.2960445666222072
                  53000      2.620461868616584    0.03276403639384391      3.894870731268483     0.7546473906123758
                  54000      2.671784074707733    0.03307418836663838      5.968764090355248      1.190948494230246
                  55000      2.405818269722535    0.03287604476835039      1.410092734398378    -0.2579448208990294
                  56000      2.641149831790428    0.03293704740122142      5.624742319162412      1.127428659960177
                  57000      2.263461361665676     0.0328993163048903      0.222013561759949     -2.105909495640012
                  58000      2.764233551687757    0.03266117212667619       2.59105828505287     0.3439088099523038
                  59000      2.061669908727022    0.03261941645038338     0.2612473698100674     -1.951724397975651
                  60000      2.751083841245887    0.03241843934266543      3.789671257289317     0.7166620900364791
                  61000      2.822464637190252     0.0323184251659038     0.7354035345535418    -0.9260429598846586
                  62000      2.320658725660307    0.03225952080028482     0.4111521390760721     -1.509323308848174
                  63000       2.65720912835906    0.03237110316016514      6.574734189364714      1.266155734617451
                  64000      2.674769548208988    0.03244574048614717      6.937755029776603      1.322202847848721
                  65000      2.710887878475032    0.03234202192307162      5.962388639386013      1.167493989992383
                  66000      2.215538106389479    0.03231488213758418      0.223917883084346     -2.115292578523634
                  67000       1.75437113789886    0.03229729991142997     0.1438131784429111     -2.558601123206974
                  68000      2.536111340136988    0.03211138348389418      2.220913799352926     0.1727847632370501
                  69000      2.467679256676436    0.03192301513951712      2.439353340648816     0.2607156450122701
                  70000       2.49212193712504    0.03172682978284759      3.005739064445275     0.4633416087400212
                  71000      2.524182119926604    0.03153690025987475      3.064112891557099     0.4765718305367364
                  72000      2.431253026655693    0.03137790468596498      2.161593927219665     0.1226052894054721
                  73000      2.412081597504659     0.0312304668140346      1.991883744269624    0.03613035272564234
                  74000      2.559508384299793    0.03105809375830028      3.009280936616888     0.4432160394657988
                  75000      2.513888863638725    0.03088844413333703      3.751904803185397     0.6583012340043796
                  76000      2.363301912869576    0.03081005063152101     0.9651318801209499    -0.7019941299108389
                  77000      2.718194899840259    0.03070673147301228      5.756599792239715      1.080484321114334
                  78000      2.417137261018139    0.03056818414761321      2.317130162546682     0.1659445931612817
                  79000      2.605399776046176    0.03041370209052422       3.85737005398817     0.6705342894054371
                  80000       2.64804042434054    0.03032346208081771      6.063418739190161      1.119850966147594
                  81000      2.291394620559859    0.03029741290989134     0.3425809759446988     -1.754529458972106
                  82000      2.262199276760166    0.03026952050381758      0.369772256857154     -1.679071264817255
                  83000      2.270702189602198    0.03023373099357575     0.4847109693039262     -1.409588846082387
                  84000       2.69196802375707    0.03016850022924345      6.644567845977586       1.20625343463347
                  85000      2.455384552481219     0.0300334972468997      2.934671320502455     0.3845642322395507
                  86000      2.542532694052876    0.02989693117531896       3.30464048694934     0.4987389654842289
                  87000      2.228251143162338    0.02987081194418556     0.3876894700902289     -1.645013342382838
                  88000      2.759303435455041     0.0297383996191846      3.323502514764101      0.499113766121239
                  89000      1.743042659170318    0.02972776123656558      0.157928050757757     -2.547878955844658
                  90000      2.454777689965883    0.02959988504074352      3.247030436172603     0.4711667820472498
                  91000      2.691182067294023    0.02953892263412038      6.803919304251607      1.208863057209497
                  92000      2.581544785783993    0.02941761711517881      3.188124842164178     0.4466820744533181
                  93000      1.726861036937763    0.02940691549911906     0.1751235546077437     -2.455378222327128
                  94000      1.844184371747414    0.02939596163210608     0.1796596150718503     -2.430178502484419
                  95000      1.935877290046571    0.02938316882373439     0.2110663851342709     -2.269505114300079
                  96000      1.771819824727245    0.02936811767740383       0.25013676847219     -2.100182345862953
                  97000      2.032570715543807    0.02934987759209214     0.3061684394615689     -1.898676059302068
                  98000      2.138066997538634     0.0293394559397039     0.1722967140361438     -2.473948539782356
                  99000      1.686053992881787    0.02933129025762556     0.1345388617701209     -2.721591875726032
                 100000      2.036709769551784    0.02930919575339925     0.3766371931141941     -1.692916154575073
                 101000      1.885728543856439    0.02929729541928417     0.1987113080568349     -2.332751577811872
                 102000      2.002805105746474    0.02927327662496412     0.4137733296480631     -1.600106490984976
                 103000      1.830392906979167    0.02925692233641312     0.2775919465513123     -1.999831417222716
                 104000       1.96896328572882     0.0292357129131912     0.3652930560799853     -1.726008909462081
                 105000      1.908405060732238    0.02921904936132734     0.2848162997321499     -1.975434559140695
                 106000      1.815045765660479    0.02919831432418119      0.358976256927276     -1.744732612611968
                 107000      1.870625012411638    0.02917686893201578     0.3732428026820885     -1.706494452317836
                 108000      1.804475837633593    0.02915145110500501     0.4485717770745488     -1.523526442264615
                 109000      1.577699902775567    0.02914645538819409    0.08423052732732432     -3.196209121962395
                 110000      1.929621008936075    0.02912385445859211     0.3980095076132639     -1.644066368511075
                 111000       1.58203904691458    0.02911673049041098     0.1212416291872601     -2.833001411490766
                 112000      2.707471575616059    0.02904601287856796      6.497015620323786      1.145879597480551
                 113000      2.689374838302083    0.02900138697001515      7.302014016952172      1.261149296009085
                 114000      2.417294939165609    0.02890698610753032      2.445257670858054     0.1638892417359922
                 115000      2.621165853286018    0.02879669696000265      4.556495046562995     0.7824698272927297
                 116000      2.693606899680001     0.0287695627930071      7.917547392075396      1.334054903747785
                 117000      2.127795171532189     0.0287589708145694     0.2139700563522043     -2.277314012654943
                 118000      2.642910479996849    0.02867413285713887      6.360601674991245      1.111773835820813
                 119000      2.665476002518711    0.02862537655391789      7.696598659105536      1.300727552971165
                 120000      2.681351090978082    0.02858585499528566      8.150008214390292      1.356586387826883
                 121000      2.633199763615927    0.02849424879114822      6.261282418784077      1.089742731248877
                 122000      2.388156284964876    0.02843555994235594      1.612624553155325    -0.2688410806737798
                 123000      2.489550292579214    0.02834326929902934      3.293326963001341     0.4419433140465204
                 124000      2.704752571812415    0.02827998995834003      7.536427769100974      1.267558222805109
                 125000      1.946204335876575    0.02826365554035447     0.4109878781861559     -1.641959397846809
                 126000      1.937109385362206    0.02824441838889587     0.4897308840903873     -1.467347958199073
                 127000      1.633119659523896    0.02824009786697395     0.1056582331324811     -3.001147293643186
                 128000      1.977955271236961    0.02822004134497496     0.5140271121314397     -1.419791418284349
                 129000      2.026200380827111    0.02820023283350582     0.5090830493002686     -1.430158441855739
                 130000      1.737637457434971    0.02818953735244994     0.2683060976132554     -2.071020463953063
                 131000      1.652758122088513    0.02818401844213052     0.1366571352982091     -2.745869618940239
                 132000      1.938113338864347    0.02816056060669358     0.6139293281297372     -1.244297581447762
                 133000      1.930291214630046    0.02813464600963827     0.6867764117550844     -1.133089286959085
                 134000       1.82225938028882    0.02811624632967538     0.4779655671084153     -1.496213576178175
                 135000      2.156589645588041    0.02810650461378025     0.2472294489586236     -2.155781962155035
                 136000      2.101357824024955    0.02809653193638541      0.253679852191268     -2.130380643543492
                 137000      2.167755781698373    0.02808480956516926     0.3002576214336827     -1.962230151638785
                 138000      1.776696962318641    0.02806706231464902     0.4640999441762125     -1.527403186038803
                 139000      1.697289302326829    0.02805840215102015     0.2209111663324191     -2.270051053750899
                 140000      2.071781661166467    0.02804431775139176     0.3657681489649728     -1.766314145565306
                 141000      2.656952073314617    0.02800459050489681      8.347749553817987       1.36001586914317
                 142000      2.450505001953415    0.02792308904044198      3.166087988959616     0.3876061014471363
                 143000      2.530611158205116     0.0278414556678091      3.288904044436545     0.4227359508845196
                 144000      2.539029512911064    0.02775935327007035      3.459537704336245     0.4703632446367649
                 145000      2.492932965754323    0.02767503330252567      3.891282360459661     0.5849248786661986
                 146000       2.53918901572744    0.02759305817523494      3.776762389818352     0.5520867954622828
                 147000         1.714914102339    0.02758265718059539     0.3029022101272262     -1.971502614441885
                 148000      1.610284374869909    0.02757703858275914     0.1613734207203756     -2.601395287415618
                 149000      2.054641857864203    0.02756055099359689     0.4917570380443155     -1.487729633340505
                 150000      2.408123970470865    0.02749754753874118      2.397496636246144    0.09417738281308445
                 151000      2.227548821422114    0.02748433585686409     0.3957236742915711     -1.707767428532137
                 152000      2.626812378623046    0.02740924903919931      6.243884386194462      1.048138436885345
                 153000      2.252358660108126    0.02739309412598858     0.5030535524039128     -1.471112268330536
                 154000      2.675668687443673    0.02736560532716289      8.839716832424491       1.39419722622278
                 155000      2.774099329253536    0.02731040655074301      2.164634697342474   -0.01482512413348696
                 156000      2.434894836940428    0.02724151917714756      3.129730483841818      0.351344581036125
                 157000      2.657461954177853    0.02720505454682456      8.603417029283751      1.361217676074854
                 158000      2.575027606851542    0.02713517066339744      3.435554302699462     0.4406644164023919
                 159000      2.785080325058364    0.02709077136826637      1.761073485218089    -0.2292278743512527
                 160000      2.738004318829184     0.0270152333351286      4.852976903006915     0.7816486533690082
                 161000      2.140145345530123    0.02700516428468421     0.3491675944377283     -1.850519703460981
                 162000      2.636062362989056    0.02694673000409977      7.380065736483658      1.198299938071535
                 163000      2.774638503013981    0.02689081864213636      2.596299022300781     0.1515273297005423
                 164000      2.712742013195744    0.02683093767168726      7.216680565425223      1.171606141936177
                 165000       2.40468641030263    0.02677896552863587      2.439834466767366    0.08520234430480551
                 166000      2.457595431759362    0.02671509105637984      3.531555965255543     0.4526226088055469
                 167000       2.28125861636597    0.02670216946319165     0.4950172297528323     -1.512762456251447
                 168000      2.685027031203806    0.02667047815688135      8.954782770140158      1.381400481730725
                 169000      2.693784429109926    0.02663470506637653      8.882929761706064      1.372001935635113
                 170000      2.520134439641091    0.02657226605511868      3.727847466667718      0.501354460535346
                 171000      2.632705901097957    0.02651238176520964      7.083824762000197      1.141081280532629
                 172000      2.533060325159778    0.02645068054218797      3.892913434719497     0.5400951573788084
                 173000       1.44050988753782    0.02644893865081731    0.07063238406368778     -3.469395073212715
                 174000      1.921900817155375    0.02643395132485088     0.6436693426329003     -1.260265471123801
                 175000      1.474576697935912    0.02643199859325674     0.0794837093734066     -3.351972409966308
                 176000      2.680223185758349    0.02641392533723035      9.945483899690394      1.476665352467231
                 177000      2.744751134632491    0.02634959745825927      4.867767112006106     0.7597437693126955
                 178000      2.727144461289216    0.02628962608943729      6.842562163149515       1.09799210062977
                 179000      2.506048002439162    0.02623027395011168      4.112419586141145     0.5865812381327296
                 180000      2.515343916545864    0.02617045017983635      4.360903911278914     0.6429657112795766
                 181000       2.68191597366371    0.02614610154738134      9.812836380788507      1.453046900134816
                 182000      2.721645147804215    0.02609249447774443      7.564264984558727      1.190738325362981
                 183000      2.694172789304339    0.02606601113643019      9.899396933508029      1.458761487603874
                 184000      2.613111996518943    0.02600623931780698      5.294236604033942     0.8306107164445566
                 185000      2.529596775241586    0.02595017264434561      4.380588483471691     0.6390167726492358
                 186000      1.906260789283629    0.02593899976089945     0.5703630593173512     -1.400079118542717
                 187000      2.485170676067451    0.02588469143038912       4.20014629582427     0.5944265242939921
                 188000      2.557755301966237     0.0258317863234295      4.067896616769922     0.5603872635116215
                 189000      2.673202094458137    0.02580655849471446      10.04522227353335      1.463381228422703
                 190000      2.488457808387933    0.02575337782451432      4.366321972681552     0.6281422348050709
                 191000      2.523880425625047    0.02569916010038598      4.785537560743029     0.7177121097141395
                 192000      2.678390667927231    0.02567580172956769      10.28381171969184      1.481775400338324
                 193000       2.31856158855413    0.02566832831530156     0.4125526321892274     -1.734478179735551
                 194000       2.55068165789123    0.02561663467528713      4.476979018808957     0.6478458630514392
                 195000      2.549821604584657    0.02556467374233711      4.697085712591819      0.693809159588496
                 196000      2.470700973008167    0.02551610563312756      4.093159665391433     0.5542824901562574
                 197000      2.455220237476309    0.02546987478458406      3.788678527507825     0.4751690953777751
                 198000      2.474662255504391     0.0254201263459142      4.571533094573078     0.6610452917826831
                 199000      2.425700381241442    0.02538039862526873      3.041335818532394     0.2519294391111557
                 200000       2.26284156495866    0.02537167204321368     0.5205517193933688     -1.513577315502264
                 201000      2.473080795420414    0.02532243682286751      4.738260268792342      0.693016307886468
                 202000      2.645560601803004    0.02528065299493223       8.36313940467554      1.259528720697797
                 203000      2.658453235475188    0.02524871566203325      9.541815534667844      1.390114502306809
                 204000      2.559890821249037    0.02520282645591053      4.327948363225786     0.5977051975647421
                 205000       2.42788805949214    0.02516402862470719      3.231123751089658     0.3039009642929472
                 206000      2.623805371511932     0.0251158232696528      6.592996245046589      1.015161405035387
                 207000       2.53672877905822      0.025068834978015       5.06950849123606     0.7505247464813238
                 208000      2.619687582878462     0.0250214112506259       6.38327701218202     0.9790689498898402
                 209000      2.665292966422891    0.02499555744218135       10.1190316549084      1.438771517549649
                 210000      2.746798120747229    0.02495138825600659      4.645824972106208     0.6585538607753953
                 211000      2.559425578812913    0.02490788749315687      4.590108633880254     0.6447436491864224
                 212000      2.703676053505373    0.02487351338007165      9.173261197634471      1.335751816157581
                 213000      1.781451483772371    0.02486765892629018     0.4067875747076629     -1.780240600531927
                 214000      1.982401370452745    0.02486089296629901     0.4733416400402617     -1.628986424809874
                 215000      1.708440368122833    0.02485701725757817     0.2667198896653279     -2.202760738583726
                 216000      2.055911343355727    0.02485108465387088     0.4137331335771571     -1.763977280478888
                 217000       1.89319713228614    0.02484425760120763     0.4793440597815924     -1.617054570601583
                 218000      1.672037089950528    0.02484124837557051     0.2066748917220738     -2.458447341502027
                 219000      2.322669945311261    0.02483508448076249     0.4318002598685115     -1.721879371062482
                 220000      2.131344599884885    0.02483053994994443     0.3155605835372514     -2.035674808614007
                 221000       2.07544524844875     0.0248249871021495     0.3883147144235629     -1.828433020332149
                 222000      2.093128043583182    0.02481969557047605     0.3698359689384672     -1.877402746849118
                 223000      1.594806379699421    0.02481735938749126      0.160553749442902     -2.711927683597199
                 224000      2.030661056354937    0.02481025327995769     0.5031234069767684     -1.570007352857103
                 225000      2.648267105842568    0.02477715676016246      9.281547656209575      1.343605874287937
                 226000      2.446262549078363    0.02473927242629365      3.799591944076971     0.4489410733387411
                 227000      2.671079205962777    0.02471553629708842      10.40741736340344      1.455606243511353
                 228000      2.413401942341735    0.02468495034985363      2.807061434923911     0.1439873816065286
                 229000      2.564109178006463    0.02464519204185093      4.415314165160095     0.5953162603408626
                 230000      2.527836183178785    0.02460342600681061      5.170724126358985     0.7515538814267296
                 231000      2.635575142659517    0.02456551406368047      8.315130943677088      1.225075890258346
                 232000      2.521207294844997    0.02452442985992077      5.254461244950093     0.7644026723611804
                 233000      2.699492952421344    0.02449367417829663      9.523404840559742      1.357822761366415
                 234000      2.446487119022755    0.02445825880917659      3.900181377916488     0.4636464394813964
                 235000      2.247880816449248    0.02445223047728802     0.4788393194492124     -1.634013312245918
                 236000      2.161959862257749    0.02444820183815749     0.3160521408952933     -2.049635969630871
                 237000      1.967072819445353     0.0244414576503515     0.5394665438447784     -1.515238297172017
                 238000      1.892725711005481    0.02443513889238392      0.504604977866702     -1.582301725207035
                 239000      2.657051935253035    0.02440827020085923      10.03970221984253      1.407124909752635
                 240000      2.611296161255858    0.02436806865405775       5.74108311771378     0.8465769403089117
                 241000      2.541420526833317    0.02432897084805938      5.315203351986026     0.7678945650470249
                 242000      2.034176551199527    0.02432274931358014     0.5161425081768127      -1.56430483707376
                 243000      2.357379193855832     0.0243137736130526       0.76103303503328     -1.176380069134832
                 244000      1.938478354198162    0.02430591893901877     0.6615559882129385     -1.316785324541214
                 245000      1.699363179629839    0.02430250701222175     0.2787984113324692     -2.181031346315558
                 246000      1.770233088743353    0.02429781108215639     0.3874080856326647     -1.852234951548587
                 247000      1.452908050922561    0.02429659281229237    0.09824853059324747     -3.224263419330863
                 248000      1.832282285720837    0.02429162794317394     0.4108501835100277     -1.793739448272479
                 249000      1.749706613783649    0.02428702397694939     0.3803866286529655     -1.870969446901881
                 250000       2.17531838519322    0.02428312133612283     0.3211536486665486     -2.040398662529319
