#! FIELDS time e sigma_e height logweight
#! SET action OPES_METAD_kernels
#! SET biasfactor       3.469395073212715
#! SET epsilon    0.007640039155174105
#! SET kernel_cutoff       3.122291642622147
#! SET compression_threshold                       1
                   1000      2.495199286948263    0.06206017502565676    0.03010226110527593     -3.469395073212715
                   2000      2.692827097894544     0.0613590197611887    0.03044624246170084     -3.469395073212715
                   3000      1.901137928268378    0.06068546309135327    0.03078416967914062     -3.469395073212715
                   4000      2.704639802948726    0.05402194960027722      1.102110843476976  -0.007726834576927182
                   5000      2.055429210338554    0.05364626317006556    0.04254460672471837     -3.269134931045592
                   6000      2.048057440436025    0.05161658753182605     0.2990481880914226     -1.357652031989563
                   7000      2.279920064540268    0.05135730704938554     0.0363755753599973     -3.469395073212715
                   8000       2.49485273432531    0.04996669527217888      0.238364473729992     -1.616942247774341
                   9000      2.536106227998147     0.0474703252206801     0.8201752557631872    -0.4324770136238152
                  10000      2.528294588108266     0.0467806516148691      2.153785499119076     0.5183521193781204
                  11000      2.368373849445956    0.04658829296677876    0.06796099580162798     -2.941816606066273
                  12000       2.47672456610519    0.04533036546776716      2.398414219600431     0.5944403422146181
                  13000      2.649465007975522    0.04414592632456856     0.8672971340481223    -0.4492175541583159
                  14000       2.65490930923531    0.04285938172551378       1.47596933125493    0.05289494995614148
                  15000      2.752321500552819    0.04195398428296749      0.939387384707108     -0.420298491446467
                  16000      2.472944408401578    0.04116698188877876      2.546441218669668     0.5579887462570106
                  17000      1.719744771229418    0.04112054064433824    0.04564697828439881     -3.464654660441062
                  18000      2.035521450603558    0.04075386904517085     0.4130865965579456     -1.270891812253022
                  19000      1.831778608028579    0.04068101432704947    0.07595308682084079     -2.966222465023216
                  20000      2.206989106175928    0.04061204719441481    0.07240026266698921     -3.015825162303221
                  21000      1.721552695395604     0.0404873896477252     0.1348054274304526     -2.397276821794396
                  22000      1.742851675892477    0.04023767169796261     0.2895534715387223     -1.638956194447943
                  23000      2.756912909726758    0.03947993676894866      1.535677619237064    0.01041978013254563
                  24000      2.440412315319199    0.03892269924612957      2.696228826274883     0.5590871120570706
                  25000      2.701406462226705    0.03830825403616531      2.348056745629871     0.4049088901467493
                  26000       2.45681272953084    0.03808310191984833      3.776143303983057     0.8741293011925757
                  27000      2.579337869381984    0.03758262741677684      1.478059403126652   -0.07707264210697944
                  28000      2.609221952976915    0.03707450138152332      1.876242607489882     0.1478560407101303
                  29000      2.700777173737199     0.0366072922386188      2.671105614618638     0.4883953744051713
                  30000      2.721151754781151    0.03619723977177935       3.02716385359969     0.6022644635690499
                  31000      2.431813100918065     0.0358102196540552      3.096660750039455     0.6142131091561228
                  32000      2.698207743079572    0.03548846320862158      3.594903876894009     0.7543803542196431
                  33000      2.560146657301004    0.03513998433503398      1.893175371498131     0.1032505847871093
                  34000      2.170082818855207    0.03511029110971441     0.1067523642139845     -2.773093760629334
                  35000      1.662491638255808    0.03507275620920867      0.136363777333785     -2.529349040416595
                  36000      2.416581236721774    0.03473396559752916      3.016983261768749      0.557630893836758
                  37000      2.500803319552812    0.03442931069011212      3.369347803863908     0.6592828899338335
                  38000      2.715518276963939      0.034158953200806      3.724238457641531     0.7515425522532535
                  39000      2.593438288759029    0.03388302025587291      1.989511295618866     0.1164584777610848
                  40000      2.755302396480088    0.03359846259484424      2.740646093987552     0.4283294409231304
                  41000      2.505009619236775    0.03334219489182277      3.461418271353022     0.6541575566184245
                  42000      2.343719342998758    0.03325799260523526     0.4946650823214219     -1.293923791684164
                  43000      2.549995774558981    0.03300348816227781      2.970457181677673     0.4909845697384457
                  44000      2.629095054949842    0.03277075772398887      2.236247315280318      0.199991178005702
                  45000      2.566341413475075    0.03253880982084932       3.12601554549081     0.5278481679720315
                  46000      2.642400491763222    0.03231469511585778      2.820644600325908     0.4181429621972514
                  47000      2.283001038622962     0.0322925809247882     0.1495636964173883     -2.519539965005817
                  48000      2.384920522763542    0.03211375945063503      1.702800416852043   -0.09278578082976389
                  49000      2.334152064125194    0.03203251313607425     0.6245109994775353      -1.09837947605172
                  50000      2.670911185178003    0.03184085719125403      3.633567788536316     0.6566207476675976
                  51000      2.684417528717442    0.03168025583549122      4.246594433407582     0.8074664322363478
                  52000      2.699616904534726    0.03154091035805728      4.635764804425631     0.8907420742541778
                  53000      2.678242201283572    0.03140932894847309      4.837696752622545     0.9291991167419599
                  54000      2.707711680249877    0.03128961584929724      5.121117246564429     0.9823143457417434
                  55000       2.58180776229444    0.03111356095250143      2.940640589648123     0.4219266506644873
                  56000      2.621213980517413    0.03094161046347703      3.396844140214082     0.5606041392757506
                  57000      2.695585944302753    0.03084392019741686      5.527090157888862      1.044256577431566
                  58000      2.663853397133366    0.03071608187749243      5.073765446497803     0.9545250284337619
                  59000      2.439639359150434     0.0305605424308518      2.940990812174362     0.4041116871381611
                  60000      2.573985752974388    0.03040668901442722      3.232699865671782     0.4936357151689527
                  61000       2.25946272380485    0.03039299662010193     0.1611015614673609     -2.505852651000273
                  62000      2.329437956734866    0.03034843552585832     0.5595550434648724     -1.262212970121405
                  63000      2.514033087199917    0.03020039270965915      3.308794703337527     0.5100943508154255
                  64000      2.694932510434127    0.03011597102079061      5.862343164279872      1.079260448565282
                  65000      2.535377644744162    0.02997411441746885      3.565335854994917     0.5772478526209108
                  66000      2.530736678963946    0.02983652893649352      3.834340987857801     0.6453864623993679
                  67000       2.41939972283092     0.0297141476397607      2.556896017813012     0.2360727514595575
                  68000      2.416707393120774    0.02959120262517411      2.736386341080954     0.2997707426507354
                  69000      2.360297898987787    0.02951952350754211      1.218735263583209    -0.5114790521256133
                  70000      2.175916557019493    0.02951048763777707     0.1310107533091964     -2.742074721731306
                  71000      2.129274174871364    0.02950038277132146     0.1470614290655849     -2.626846218354512
                  72000      2.537290584935204    0.02937719437531846      4.150636832362567     0.7091358856418094
                  73000      2.704113964841567    0.02929544217836501       5.84385041829006      1.048477282434011
                  74000      2.645300406677358    0.02917862495191713      4.415152198792383     0.7641341633728418
                  75000      2.510710644279708    0.02906151126854942      4.033297210124084     0.6696543074065316
                  76000      2.676824225230146    0.02898600615554409      6.085542069697274      1.078384410353915
                  77000      2.353050818360743    0.02892709201963754      1.183022126767987    -0.5614936773332081
                  78000      2.556885924380429    0.02881577437715831      4.110763006322351     0.6801870539894165
                  79000      2.686760685201222    0.02875097099423905      6.441329574437229      1.127061952628783
                  80000      2.484598884378207    0.02864396555942953      3.650370157920138     0.5554268081371545
                  81000      2.702788167243985    0.02856511627859277      6.038880218295735      1.056060301049861
                  82000      1.934132812559274    0.02856050953195912    0.08991918916169758     -3.151163494362278
                  83000      1.768043572751243    0.02855216427525548     0.1646080403047179     -2.546799966898834
                  84000      1.930941186646395    0.02854632904356853     0.1144996655770087     -2.909999591014143
                  85000      1.844074968580635    0.02854117479755389     0.1010542144505681     -3.035094917242372
                  86000      1.733429674258892    0.02852991212243517     0.2246098769816815     -2.236781738951475
                  87000      1.773147100922984    0.02851870218197826     0.2239455220235445     -2.240136935210472
                  88000      2.028864494545525    0.02850654016022513     0.2440552499751836     -2.154571666964494
                  89000      1.602913721388063    0.02850267898421355    0.07593901602192586     -3.322171161490882
                  90000      2.660210695939994    0.02841686900953734      5.703881516602431     0.9937852967304018
                  91000      1.979655432959625    0.02840742289883306     0.1947460195726674     -2.383753114620233
                  92000      2.071650383074109    0.02839466906695145     0.2657983488468154     -2.073160488320396
                  93000      1.908049101844554    0.02838793188038735     0.1383821505040452     -2.726116655616518
                  94000      1.777207993259919    0.02837446196641781     0.2822210464932323     -2.013919710419556
                  95000      2.011674013532347    0.02835926218975204     0.3207955817483312     -1.886342052462328
                  96000       1.95481906295957      0.028348499634289     0.2248562917713252     -2.242064240475655
                  97000      1.907002983497142    0.02833933165975714      0.191030465721804     -2.405416268426304
                  98000      1.894260456854323    0.02832914498611049     0.2131886120802911     -2.296031431721157
                  99000      1.871327997126214    0.02831913085823412     0.2098324103922747     -2.312253096525408
                 100000      1.927016066190822    0.02830476622553697      0.305293754187682     -1.937795191291279
                 101000      2.123998357198369    0.02829562859174415     0.1917758841805974     -2.403065094864129
                 102000      2.001956152923592    0.02827816702057702     0.3760694931894424     -1.730235869048625
                 103000      2.709483014227425    0.02821450968019415      6.525152511553297      1.121156137418187
                 104000      2.592997850519849    0.02811990448746981      3.587087261957386      0.519473633645045
                 105000      2.763891743153699    0.02804726667178676      2.144178592528044   0.002303158635617786
                 106000      2.322756410949855    0.02801681855010775     0.7378123493590476     -1.065605325743295
                 107000      2.438273457292081    0.02792983736630604      3.129492971374371     0.3762219962685894
                 108000       2.49764999101515    0.02783920405956865      4.046139406224015     0.6298638764928861
                 109000      2.576511644517604    0.02775055515497515      3.910621882777107     0.5926076940088069
                 110000       2.12413341691035    0.02774138574762325     0.2219955600755787     -2.276517090699489
                 111000      2.205616534427777    0.02773487145204811     0.1566432867993227     -2.625438160867939
                 112000      2.278385955844541    0.02772247151806012     0.3041892398808421     -1.962206503412138
                 113000      1.369450367485951    0.02771964585676625    0.06739449712000692     -3.469395073212715
                 114000       2.01604242774999    0.02770060319191863     0.4791713950919692     -1.508587300393767
                 115000      1.938730585965305     0.0276856242067514     0.3729012473896079     -1.759872912150233
                 116000      2.330141633444963    0.02764972579460347     0.9716869975057423    -0.8034502967234357
                 117000      2.523063294077826    0.02756602087353351      4.732070625783007     0.7766021954192128
                 118000      2.468742726860755    0.02748248469626179      3.897976559386242     0.5796619069643518
                 119000      2.417460981948063    0.02740660628498805      2.991045411599722     0.3120624896829549
                 120000      2.073465601169013    0.02739248711558987     0.3767233281344965      -1.76032001786896
                 121000      1.831513075670259    0.02738457144972084     0.2071498078316159     -2.358677831333629
                 122000      2.737906875044582    0.02730424543708053      4.427447331670016     0.7005208332714695
                 123000      2.686993460884965    0.02726877306782177      7.354767072459905      1.206746325884686
                 124000       2.68037875961627    0.02723308374991827      7.486186688679392      1.223147533850902
                 125000      2.756489182903196    0.02716219171998425      3.027835742450957     0.3153295217101971
                 126000      2.695194707245075    0.02713346054657707      7.866233673129763      1.269002490853391
                 127000      2.719148034662096    0.02707617045014636      6.703552195106651       1.10694702392902
                 128000      2.673533876912046    0.02703757379914126      7.707594363870035      1.245089082390051
                 129000      2.629776889699557    0.02696286622895371      4.493303408339046     0.7027041892300663
                 130000      2.641254017169834    0.02689186233723857      5.455730681546821     0.8941457207106476
                 131000      2.404066113872124    0.02683394974363406      2.543581463580274     0.1288964179931327
                 132000       2.52183542073069    0.02676259844299014      4.447688428627262     0.6850452770538306
                 133000      2.418962609804904    0.02669982795723522      3.099394509238107     0.3215193324272335
                 134000      2.490677278380117    0.02663104960044684      4.202323550521397     0.6233708496689974
                 135000      2.162865279519834    0.02662516418208217     0.2020242806488187      -2.41185515932109
                 136000       2.34658517726701     0.0265942323676633       1.19795013673739    -0.6330383214903884
                 137000      2.728665256657099    0.02653080871772717       5.80177530549092     0.9421260464746765
                 138000      2.510246205396422    0.02646409140268141      4.525622546553959     0.6911993575006871
                 139000       2.56692957742432    0.02639952488670826      4.025666057971689     0.5716918284742261
                 140000      2.501888039682317    0.02633487161963776      4.427774751015774     0.6644465601211548
                 141000       2.62150147574863    0.02627140090786003      4.297965073213535     0.6322780392408121
                 142000      2.606631198067204    0.02620921126037233      4.157562964877132     0.5966954384399061
                 143000      2.572888603255786    0.02614763666808518      4.259788307056305     0.6186337140904909
                 144000      2.607909896332357    0.02608660661495617      4.431760955333342     0.6558744758009764
                 145000      2.486331360671897    0.02602630647994581      4.540414601434142     0.6777815817628974
                 146000      2.403738188703868    0.02597831621208059      2.625051747634219     0.1280182452253955
                 147000      2.299940762504951     0.0259652095828722      0.552136592688244     -1.431546826006575
                 148000      2.353619519118032    0.02593623906551297      1.346844201971586    -0.5409391519916268
                 149000      2.665819963068159    0.02589001535020661      6.864445970647408      1.085868156930871
                 150000      2.408191487863436    0.02584107578774991      2.882801135256845     0.2163831863501574
                 151000      2.435560064863911    0.02578585510359341      3.880629907498377     0.5114790153134774
                 152000      2.550449036614449    0.02572952083979074      4.738196344041773     0.7089509864274476
                 153000      2.657167799063322    0.02568131072655327      6.501840472479428      1.023504242485282
                 154000      2.598304160778949    0.02562660318229229      4.441471362053868     0.6402721458881599
                 155000      2.675005745990063    0.02559133981945771      7.665460484239499      1.184634030469583
                 156000      2.414662740625195    0.02554190060362156      3.451160144421985     0.3846861506181405
                 157000       2.36114982893732    0.02551083385812514      1.709362878397975    -0.3191206277475193
                 158000       2.25465833918388     0.0255059948564772     0.2250832030381947     -2.346716199129536
                 159000      2.651049179371395    0.02545927278446451      6.494810894454923      1.013739001579465
                 160000       2.70468994614299    0.02541416051686306      6.684435233961747      1.040743681526935
                 161000      2.370581699114909      0.025382518393809      1.841692590933904    -0.2495988422023068
                 162000      2.681459621163776    0.02534394794875453      7.364968876937158      1.134930223717573
                 163000       2.35096814597624    0.02531751061210046      1.510730470181998    -0.4502549978947288
                 164000      2.454302200579637    0.02527035491138471      3.659348007670325     0.4325723954149061
                 165000      2.489968940972599    0.02522173417385935      4.129461455007023     0.5515085279677375
                 166000      1.874784682718754    0.02521740512478719     0.2198722761614336     -2.381518590683277
                 167000      2.009386691825886    0.02521018375705191     0.3731153734493125     -1.852964126963743
                 168000      1.815681311671725    0.02520632958699719     0.1956653790106607     -2.498598753865715
                 169000      1.657936865755008    0.02520411092417991     0.1117223262446924     -3.059076165122184
                 170000      1.990057312691134    0.02519682330351625     0.3776422439211414     -1.841434611212301
                 171000      2.326154412040058    0.02517741079965372      1.090951497630766    -0.7813471174854592
                 172000      2.669774745969998    0.02514017122875089      7.357778469864394      1.125880500769979
                 173000      2.668671433925633    0.02510362558532822      7.459496076371827      1.138155580964833
                 174000      2.638604503158147    0.02505625673566847      5.593282544909228     0.8483453361669832
                 175000      2.500936457705186    0.02500880227539655      4.958147904596637     0.7259155563644748
                 176000      2.739551061701635    0.02496260166908304       4.40527152258454     0.6058361065059346
                 177000      2.290770813782053    0.02495294588755431     0.5512426696238359     -1.472932825393053
                 178000      2.329255401278572    0.02493145513041659      1.342698375047066    -0.5835329958582984
                 179000      2.697752546255014    0.02490625141561637      8.463497302444546      1.256536751525025
                 180000      2.661081590203304    0.02487587131555685      8.080078974358202      1.208955394509649
                 181000      2.695211255950067    0.02485389081955765      8.882804377202136      1.302787065670622
                 182000      2.472045936412645    0.02480967262958314      4.425005423667979     0.6041605444419436
                 183000      2.554263346987468    0.02476631949355465       4.28476682662397     0.5702062173570651
                 184000      2.694868553444544    0.02474061290929016      8.623722294079748      1.268618390583596
                 185000      2.690766192076643    0.02471766878444783      8.952060983867622      1.305057544388228
                 186000      2.647540306734123    0.02467768122887401       6.90343893277531       1.04357436245154
                 187000      2.604841111321392    0.02463537771115009      4.520257338534186      0.618407891481359
                 188000      2.741588368563927    0.02459452196922131      4.180758684622204     0.5386719053054506
                 189000      2.425829599462941    0.02455691635255964      3.534506008261983     0.3692225240141749
                 190000       2.58530376071291    0.02451683297822607      4.179420949028609     0.5351880877465607
                 191000      2.474373673229348    0.02447682441927986      4.277092473784064      0.556655615763209
                 192000      2.573962983884023    0.02443716135415417      4.292323383229335     0.5585885853070566
                 193000      2.552594064926444     0.0243973319289144      4.495633739028133      0.603235862456323
                 194000      2.594070850399278    0.02435764401106102       4.60654820413583     0.6259799743541145
                 195000      2.677266579560649    0.02433439979764802      8.877661687244371      1.281084615418236
                 196000      2.665094090626529    0.02430681693028271      8.452398727877579      1.230862555099365
                 197000      2.676421655899423    0.02428538256020188      9.199295037224172       1.31465692112412
                 198000      2.712880828290257    0.02425092690577312      7.484581023089458      1.106955318115146
                 199000      2.708828330031887     0.0242201608744358      8.124077203125061      1.187672964860991
                 200000      2.518328297111861    0.02418264696461767      4.579294101617037     0.6128356061097617
                 201000      2.205905773940785    0.02418041726566942     0.1635768743885773     -2.719273679937665
                 202000      2.564856652540129    0.02414342234021918      4.519853791841262     0.5981470602964526
                 203000      2.491011378414792    0.02410690748272228      4.466982982258842     0.5848670874528692
                 204000      2.639693715286808    0.02407020354310778      6.494423102908564     0.9575739702903409
                 205000       2.38755529374601    0.02404590865484079      2.283127044016856   -0.08883368460537015
                 206000      2.537148521969245    0.02400964905578619      4.743783472174396     0.6409462495136592
                 207000      2.578099387393964    0.02397401245108562      4.607749333430564      0.610365390707455
                 208000      2.384784811755257    0.02395023815089967      2.290269336204862   -0.08969687003106697
                 209000      2.462176935465956    0.02391666462227989      4.072879090206686     0.4845810608109921
                 210000      2.537888414979255    0.02388102630889051      5.082690600536902     0.7045804702905719
                 211000      2.704155103468289    0.02385657648556149      8.770551098376442       1.24911500418068
                 212000      2.471843843677454    0.02382248689107543      4.552834547112045     0.5920354161232864
                 213000      2.617450468266007    0.02378746607172005      5.373628726368405     0.7563176648813235
                 214000      2.633506155216363    0.02375318147808801      6.342756291918977      0.920685336593019
                 215000      2.602533979635961    0.02371891917375484      5.198142362484506     0.7202297686176327
                 216000      2.484489977693765    0.02368543630137752      4.846978604666569     0.6488713376977804
                 217000      2.166245738166106    0.02368311349131077     0.1967162861069273     -2.555575039287439
                 218000      2.455706574149032    0.02365056506532981      4.539264413430947     0.5818074207088733
                 219000      2.514229655445331     0.0236170772409255      5.324978797661403     0.7400342299599538
                 220000      2.210725611525381    0.02361487849463672     0.1895461336652208     -2.595590438817273
                 221000      2.263430271335905    0.02361137967507441     0.3049506927133885     -2.120220955463224
                 222000      2.523465561203945    0.02357816269764347      5.424692689988784     0.7569376628398931
                 223000      2.742700899178415    0.02354737877226483      4.204762033378806     0.5008876477333146
                 224000      2.540949166425741     0.0235147701653256      5.313238914822336     0.7334857935942821
                 225000      2.735123840638857    0.02348258137011694      5.151760276854379     0.7012528234028436
                 226000      1.913540242951893    0.02347951055769472      0.276803758240779     -2.222662890423427
                 227000      2.647793272850519    0.02345014836170225      7.392856713564408      1.061046484396797
                 228000       1.74884545464697     0.0234475049927893     0.2403282222110006     -2.365330167283604
                 229000      2.718154079517988    0.02341774004723931      7.212242841448529      1.034929271222754
                 230000      2.570005896250313    0.02338674960829509      4.882761830084668      0.643536052266562
                 231000      2.212597992318431    0.02338446078975575     0.2117440101247864     -2.494650062599983
                 232000       1.85376545893715    0.02338218074489667     0.2110128602706408     -2.498206534793685
                 233000      2.140456050428064    0.02338000628211958     0.2011523459231723     -2.546156055580094
                 234000      2.475509901815523    0.02334939054803872      4.836342041710451     0.6323849793051735
                 235000      2.366127442237024    0.02333339729652769      1.729983293912653    -0.3963471157996775
                 236000      2.545913309937715    0.02330260461667833      5.253873600149897     0.7131862113672911
                 237000      2.272438840511797    0.02329872552009341     0.3721200042285866     -1.934484786573188
                 238000      2.657634450123695    0.02327296620389294      8.062018793598213      1.140111871805664
                 239000      1.859773439179313    0.02327052951257791     0.2336478148831009     -2.401097191980607
                 240000      2.574849019510935    0.02324054279061243      5.004524185086943     0.6618960657004439
                 241000       2.39122833574577    0.02322021311860688      2.454025427548075   -0.05159169985082772
                 242000      2.478324268443307    0.02319068625209626      4.951093002165228     0.6490145419188623
                 243000      2.435000096631289    0.02316308943507799      4.162352493660156     0.4742958946034467
                 244000      2.366399512008727    0.02314723785113737      1.823580894467056    -0.3516670116140573
                 245000       2.56071950628976    0.02311793626375912      5.222453695610711     0.6992315637327984
                 246000      2.695556226239241    0.02309765044238319      8.992121988931599      1.241735197125695
                 247000      2.745211408250393    0.02307086171555531      4.134708380504371     0.4636426628013033
                 248000      2.650761164191206    0.02304465385894647       7.60656990114113      1.072101578151752
                 249000      2.025275011279217    0.02304105287924306     0.3746256126597216     -1.938895147506708
                 250000       1.82086989260455    0.02303900685146912     0.2098980138408868     -2.518289347335227
                 251000      1.963520598653312    0.02303608735241369     0.3020992715625956     -2.154282162427509
