#! FIELDS time e sigma_e height
#! SET action OPES_METAD_state
#! SET biasfactor       3.469395073212715
#! SET epsilon    0.007640039155174105
#! SET kernel_cutoff       3.122291642622147
#! SET compression_threshold                       1
#! SET zed      0.1506244679286388
#! SET sum_weights       355.6408613221627
#! SET sum_weights2       794.8125706229747
#! SET counter  252
                      0      2.516998936723569    0.03565324516003072        124.50866385001
                      0      2.686909136023012    0.03253763675239069      292.3994972718909
                      0      1.919802320570639    0.03216109139732267      1.732803012542056
                      0      2.025916831316243    0.03794227664607037      3.188310446334863
                      0      2.280008710708355    0.03050062113169015      2.656763235417838
                      0      2.350856007699362    0.03071198019645832      19.45174319756184
                      0      2.444634368614568    0.03832579021081008       98.9797965199166
                      0      2.739208520247143    0.02927509741815437      49.90645180946449
                      0      1.752832011521929    0.03720584817180565       1.60571858526775
                      0      1.855713516921814    0.03123255497463059      1.258522470810475
                      0       2.19060506644129    0.03420820862933016      1.430414251923823
                      0      2.622827814911826    0.03563091368694567      125.6882606194617
                      0      1.660440456138129    0.03110225369193229     0.2480861035784774
                      0      2.129400503382518    0.02802983401205473     0.7619852192449332
                      0      1.602913721388063    0.02850267898421355    0.07593901602192586
                      0      1.973714846959308    0.02950982411640103       1.09934382682773
                      0      1.369450367485951    0.02771964585676625    0.06739449712000692
                      0      2.073465601169013    0.02739248711558987     0.3767233281344965
                      0      2.565080127616105     0.0269719353733466      59.76701204318385
                      0      1.818366644844414    0.02424798453826936     0.4055633928515475
                      0      2.387935033085263    0.02387779540581559      7.027421807769793
