#! FIELDS time e sigma_e height logweight
#! SET action OPES_METAD_kernels
#! SET biasfactor       3.469395073212715
#! SET epsilon    0.007640039155174105
#! SET kernel_cutoff       3.122291642622147
#! SET compression_threshold                       1
                   1000      2.668759958183782    0.06206017502565676    0.03010226110527593     -3.469395073212715
                   2000      2.512872190029078    0.05987038277955364     0.1065851297319683     -2.240973896722064
                   3000      2.665295969151999    0.05391653807294729     0.6633786743785406    -0.5173166014910525
                   4000      2.441285532610983    0.05165567345675835     0.2794544056011158     -1.424660656548304
                   5000      2.517343587268962    0.04864320076566133     0.7687785129309103    -0.4727848920719788
                   6000      2.650538146356796    0.04660876869630477      1.220994593473516   -0.05289010217440416
                   7000      2.677859184437236    0.04542251347537672      1.768146241813338     0.2915949881921984
                   8000      2.623536191165795    0.04410127989392263      1.812087590579832     0.2866237879720624
                   9000      2.562565415008971    0.04284387162995303      1.139433197078197    -0.2062510033258702
                  10000      2.541221942702526    0.04174626639767624      1.308841873809307   -0.09359186212269152
                  11000      2.426940105003903    0.04131706461587593     0.3463995071578548      -1.43323148581753
                  12000       2.31089066790203    0.04123224308411511    0.06297639178310441     -3.140119369230937
                  13000      2.472482500167137    0.04039833406162088      1.040877908526881    -0.3554915143242974
                  14000       2.44157118122697    0.03964406172657785      1.089514906947963    -0.3286708349726066
                  15000      2.731043256829388    0.03899907595899793     0.9629210017256725    -0.4685905137954767
                  16000      2.615598764474067    0.03853437019802455      2.226176332761623     0.3574914780323824
                  17000       2.48533907961003    0.03793272549576149       1.57287324021011  -0.005626317071019837
                  18000      2.693644239464067      0.037401086152118      1.849374176360032     0.1422024820881548
                  19000      2.418557750423814    0.03695046285615031      1.043486512598792    -0.4421988660581833
                  20000      1.941499820408458    0.03691932721079133    0.05060091106739868     -3.469395073212715
                  21000      1.956445693378424    0.03686277541999722    0.09375508482465682     -2.854211694031794
                  22000      2.075847514522037    0.03683190499998863    0.05072101464374491     -3.469395073212715
                  23000      1.671355407307618    0.03680112698242054    0.05076343433052575     -3.469395073212715
                  24000      2.101476576226852    0.03674239965983261    0.09899966975029459     -2.803051934637866
                  25000      2.268700824995487    0.03668571523092169    0.09615958173987843     -2.833703271528196
                  26000      2.047996039781201    0.03660046780196319     0.1485699243577054     -2.400983100890788
                  27000      1.792124197145895    0.03657038576967125    0.05108372672433634     -3.469395073212715
                  28000      1.901251898928308    0.03649107019417441     0.1398015478443029     -2.464808361176349
                  29000      1.689579355226849    0.03641936235836336     0.1270580569524665     -2.562355151706321
                  30000      1.652347660929708    0.03629834761186503     0.2247274168323037     -1.995439434280736
                  31000      2.029794182451681    0.03614784413273119      0.291588878011273     -1.739137672937072
                  32000      1.877641334101978    0.03602459864950424     0.2385377358616861     -1.943370320813905
                  33000      1.630150838865655    0.03584730155285745     0.3674807444245338     -1.516160626327246
                  34000      1.747278472337701    0.03576577855737498     0.1592603690325703      -2.35456790718878
                  35000      1.715113133878635    0.03556377818787079     0.4487889465081045     -1.324219463037094
                  36000      2.012961304685719    0.03534431179547342     0.5167043292036519     -1.189491559007033
                  37000       1.92988998379876    0.03515032269985249     0.4600581885360827       -1.3111130640389
                  38000       2.25976462788896    0.03504800402939139     0.2263612130183637     -2.023249164663136
                  39000      2.290844325412923    0.03488361524519907     0.3955632084671779      -1.46977200587853
                  40000      2.296770248607347    0.03463679913366083     0.6959299940935233    -0.9119340934655424
                  41000      2.506375345523135    0.03458949968843948      2.928041390306106     0.5235393286029768
                  42000      2.600225352248303    0.03454607956397119      3.203332634250573     0.6121412262555957
                  43000      2.722685543467597    0.03424396210422636      2.164106095276928     0.2111730851924443
                  44000      2.677507902816018    0.03425893000231453      3.752689245124112     0.7620754134956691
                  45000      2.625614639156648    0.03425349630125962       4.04888799777441     0.8378863540316113
                  46000      2.437145306027637    0.03395020049443508      2.172620617128679     0.2064842939283971
                  47000      2.504095556454828    0.03369977167797292       2.98117219183313     0.5154630761173843
                  48000      2.373915436179224    0.03351921058041628     0.9007116685238991    -0.6867959229149849
                  49000      2.444471340773633    0.03328147331155942      2.981106824248799     0.5029509720221306
                  50000      2.200071954397418    0.03325140002124763     0.1335030870496142     -2.603878367546522
                  51000      1.991709762899156    0.03313949367508884     0.5564556916002346     -1.179786559904567
                  52000       2.45405452131055    0.03299748230756789      3.819274659875943     0.7421472275992428
                  53000      2.677338162110761    0.03288280901896381      4.176944437705224     0.8281854202316575
                  54000      2.660678504632628     0.0328209560355364      4.751117930391739     0.9551025968003634
                  55000      2.731835462422288    0.03258531804314807      2.545795191757243     0.3239603116866115
                  56000      2.654787405970494        0.0325083729727      4.934461468563065     0.9833966658815863
                  57000      2.699806095851771    0.03234402114786264      4.310755646884097     0.8431978368092832
                  58000      2.524461856251302    0.03213031899684782      2.565958059932739      0.317787460702677
                  59000      2.169008647740115    0.03211316380033356     0.1194295682920608     -2.750106996955606
                  60000      2.599499925430337    0.03191238671108239      3.444812377594832     0.6055191110994099
                  61000      2.178328026954468    0.03188641811394207     0.1932713940911912      -2.27582429837928
                  62000      2.622039439266027    0.03176150952672693      4.810055142630532     0.9346191504227266
                  63000      2.603161725460133    0.03160722145269317      4.480057696868906     0.8586769843557571
                  64000      2.484664988259901    0.03141840119843597      3.188519475659323     0.5126058793231971
                  65000      2.523577738532622    0.03123610580069548      3.183546918148743     0.5052260589924766
                  66000      2.667675246345299    0.03113875286818172      5.360681533058376      1.023199672880038
                  67000      2.333734019896828    0.03109342703805805     0.4530403132570917     -1.449122280354021
                  68000      2.668815997151626    0.03101759244079777      5.808057280274291      1.099456119167193
                  69000      2.644709612288333    0.03094790076474711      6.108360999690067      1.147619096319228
                  70000      2.529538354350744    0.03078391527135904      3.072202651587883     0.4550425403211513
                  71000      2.334790137116598    0.03073834458220476     0.5314224736042196     -1.301031633036458
                  72000      2.505924259124571    0.03057817949142215      3.567448489933852     0.5977927354155934
                  73000      2.314237711482577    0.03052859971496743      0.611622036103304     -1.167321397720262
                  74000      2.325224218845091    0.03047052587795964     0.7370283625633349     -0.982713614226728
                  75000      2.546732534065458    0.03032009702749464      3.163976069242607     0.4692956850885092
                  76000      2.459977871888347    0.03017504610427795      3.066442771320522     0.4331889160264316
                  77000      2.205118831104586    0.03015876719747934     0.2039530867802441      -2.27773417368075
                  78000      2.570341931184455    0.03001605274463278      3.367105198603187      0.521441151524657
                  79000      2.667453235604063    0.02991340082584116      5.442472693415701     0.9981955027504665
                  80000      2.238342809087589    0.02989191859454631     0.2942990001623649     -1.919915420566926
                  81000      2.760648330673128    0.02982790112327967     0.9805996701213315    -0.7184913136121132
                  82000       2.49163547013208    0.02969400023180515      3.743620683125688     0.6166536909972661
                  83000       2.66637806918294    0.02961070542567091      5.906137675112118      1.069783497615978
                  84000      2.650392656555034    0.02953272073656654      6.146741641337023      1.107076390951946
                  85000      2.754460094434417    0.02946145750710696      1.287138541650774    -0.4588401085165448
                  86000      2.625090955759039    0.02936298102826521      5.615639132785256      1.010945577706539
                  87000      1.954415346538457     0.0293425250308709     0.3356700572310269      -1.80693330616828
                  88000      2.084058198184158    0.02933097438061291     0.1862348904228515     -2.396447008748248
                  89000      1.902434424221956    0.02931345922050358     0.2869035231314079     -1.964907068682878
                  90000       1.86573871102766    0.02929964542084284     0.2249496295750099     -2.208647918345558
                  91000      1.979422041288796    0.02927398613001704     0.4310953055491707     -1.559071372718215
                  92000      1.869782781800891    0.02925607965791258     0.2963786144214229      -1.93437469782785
                  93000      2.664841808176627    0.02918476145592221      6.394758143734005      1.134780757611306
                  94000      2.572041628602448    0.02907012126969707      3.309697627919771     0.4722231581187558
                  95000      2.639041175246677    0.02899591484211482      6.392987810406475      1.128012125401652
                  96000      2.701828624696928    0.02888413757431549      4.533274906300674     0.7803926250241944
                  97000      2.695869699828581    0.02878229583623453      5.259306934715228      0.925415164595938
                  98000      2.697498051891233    0.02868396002020953      5.406435628174069     0.9495835469519837
                  99000      2.581930462223851    0.02857927784033609      3.655435223425189     0.5545525042418038
                 100000      2.676957355176227    0.02851133361216471      6.690640088695695      1.156666664597875
                 101000      2.241503308605379    0.02849614916844618     0.3236275456594901     -1.872737575836612
                 102000      2.736383586515865    0.02840900419175608      2.607826067210887     0.2108785315211698
                 103000      2.338569658870446    0.02838026577247632     0.6518442758767652     -1.176600112015621
                 104000       2.52269391211816    0.02828495416198889      3.339761585008179     0.4538848687017691
                 105000      2.492574264868938    0.02819060173454497      3.443553142521271     0.4811479169389229
                 106000      1.783382472061202    0.02818478072079053     0.1292990912801023     -2.801189441940751
                 107000      1.841270963667063      0.028175260787004     0.2139103561077575     -2.298098494782085
                 108000      2.137245821519041    0.02816842408490677     0.1526829112395172     -2.635534908624197
                 109000      2.124655237100352     0.0281602255849404     0.1840183694346234     -2.449153712607895
                 110000      1.936889854337856    0.02814203257696759     0.4214081901982888      -1.62123362437865
                 111000      2.049457512586609    0.02812750151497901      0.333840641743496     -1.854688283289988
                 112000      2.056217000943788     0.0281112644334385       0.37595315833854     -1.736464918931433
                 113000      1.667034719368311    0.02809874914920423     0.2872912807442946     -2.005878163552067
                 114000      2.145555090132276    0.02808834888879047     0.2377355743112677     -2.195585957427646
                 115000       1.57565589465458    0.02808337655077238     0.1120726303127609     -2.947774875686191
                 116000      1.754863863546636    0.02807352425760191     0.2254262105381835     -2.249280026851853
                 117000      1.844840721985205    0.02806051822930489     0.3009367830043901     -1.960836078636929
                 118000      1.902146671064248    0.02804085638876352     0.4656949904089717     -1.524906345012279
                 119000      1.824087931060798    0.02802886205051981     0.2782352933634865     -2.040397939687878
