#! FIELDS time e sigma_e height logweight
#! SET action OPES_METAD_kernels
#! SET biasfactor       1.927441707340398
#! SET epsilon     0.01821196306674905
#! SET kernel_cutoff       2.830433390657354
#! SET compression_threshold                       1
                   1000      2.667042067135199    0.05785834540142751     0.1509064987297364     -1.927441707340398
                   2000      2.610654173038673    0.05250207206407661     0.9171942573823582    -0.2199279145651832
                   3000      2.608787575779018     0.0492948697847276       1.21895580592683   0.001470047725189501
                   4000      2.502407013697054     0.0476400020123272     0.4446634397063418     -1.041109373727942
                   5000      2.521213995995494    0.04565971017783928       1.03935560595608    -0.2345273570796233
                   6000      2.700575948725058    0.04423293641161403     0.7356904225085628    -0.6118207532854267
                   7000      2.554637683797957    0.04306527445217626      1.527877754116363    0.09225209666721466
                   8000      2.515283968400675    0.04199707339414416      1.535397930871441    0.07204495833705757
                   9000      2.548683892051355    0.04115713764872544      1.845010139413678     0.2355375773580821
                  10000      2.643200890392869     0.0402919959477439      1.209725897125694    -0.2077979220684164
                  11000      2.680210828864795    0.03953333058982156      1.167237920677618    -0.2625602274392896
                  12000      2.544886491944111    0.03888543000615533       1.82363774072099     0.1671083331369247
                  13000      2.640302303064429    0.03825133366590243      1.432742001677553   -0.09057604353776394
                  14000      2.501813872108304    0.03767503296127898      1.558208914331622   -0.02180991301082369
                  15000      1.946193234548276    0.03751910336785269     0.2327134590936489     -1.927441707340398
                  16000      1.914691200643648    0.03728641607646197     0.3761543574082338     -1.453471176970462
                  17000      2.059297624479866    0.03713676676054808     0.2351093293372186     -1.927441707340398
                  18000      1.676386267543366    0.03698944128812326     0.2360457477260849     -1.927441707340398
                  19000      2.113088527371795    0.03678728164581802     0.3457753631046115     -1.551158338587575
                  20000      2.627182089348342    0.03645556973205754      2.320707472675219     0.3436217735900209
                  21000      2.695284484437059    0.03602616218799853       1.78268318351852    0.06802047551828602
                  22000      2.625259435763708    0.03573940771913505      2.537261097600342      0.412994566646145
                  23000      2.316712534237001    0.03563137227807681      0.245042493976503     -1.927441707340398
                  24000      2.441840521601991     0.0353006928819226      1.051039970274647    -0.4806618482122296
                  25000      2.477552586670376    0.03495881517070911       2.09667912811815     0.2001808224780521
                  26000      2.648816453897924    0.03471845029047792      2.720819348846778     0.4538597582236245
                  27000      2.344037751438014    0.03457439098353143     0.4409404041868848     -1.370076849751051
                  28000       2.70803340094607    0.03425543713929569      1.925574438176278    0.09472507114621211
                  29000      2.674446104190699     0.0340242685183191      2.760125299052997     0.4480055646310669
                  30000      2.468239771395533    0.03373314021982509      1.975941700411003     0.1051812762878699
                  31000      2.269944180853881     0.0336279455128629     0.3958029515702992     -1.505825917855955
                  32000      2.542904946502178    0.03338878995093675       2.60153308296543     0.3699765697608275
                  33000      2.460577149451815    0.03313110230146505      2.186999016600078     0.1886582175768749
                  34000      2.734265711844295    0.03288725230742251      1.679075395149315   -0.08301616551401329
                  35000      2.654741858490446    0.03270929789235187      3.034945244175129      0.503508197370792
                  36000       2.53309761601258    0.03250020102203253      2.714190352894702     0.3853954087376576
                  37000      2.728958855727439    0.03227785659113847      2.014121827513681    0.08022016124415579
                  38000      2.640013793418527    0.03210704189979766      3.091696266602688     0.5034507115632756
                  39000      2.699125212189872    0.03191350190466752       2.74178477644182     0.3772937018289214
                  40000      2.663577555087111    0.03175610282281035      3.256666964923239     0.5444446285073162
                  41000      2.593063432462965    0.03156676361686922      2.629436716656802     0.3245298676558012
                  42000      2.602747593457955    0.03138870676650338      2.814659192809509     0.3869447948708369
                  43000      2.467157455119819    0.03120886619059845      2.105655234638479    0.09098435906040969
                  44000       2.54557906921869    0.03103508019649777      2.543717724298352      0.274400303598233
                  45000      2.539652354315902    0.03086917138705339      2.697820852914961     0.3278577895421416
                  46000      2.205572503657115    0.03082622656395131     0.3269799253795782     -1.783835223002349
                  47000      2.755023877901328     0.0306845313403538      1.499464450550563    -0.2654778883562692
                  48000      2.712100488399187    0.03052820661305078      2.644678261591922     0.2968559186876192
                  49000       2.50204020745064    0.03037783457687596      2.743792083283542     0.3287095900826664
                  50000      2.623427274897765     0.0302430675338988      3.172843919447681     0.4695507447337785
                  51000      2.769678005441438    0.03012280198508292      1.411244529031526    -0.3445901764324856
                  52000      2.644384009136791    0.03000192731564729      3.397380123098878     0.5299216437959817
                  53000      2.522465210683051    0.02986902025547984      2.991874800426563     0.3983774836422309
                  54000      2.505437409547234    0.02973951931746528      3.019773039136092     0.4033138918090167
                  55000      2.474102332584978    0.02960813823368652      2.647614300816813     0.2673636723205433
                  56000      2.484966811962567    0.02948363301722377      2.981034179286872     0.3817610145245409
                  57000       2.67116117036965    0.02936706085027161      3.241722678583946     0.4616339842137436
                  58000      2.650392335807843    0.02925796278292002      3.453092187020657     0.5210773220137632
                  59000      2.764413883535427    0.02915579068984982      1.611784135933422    -0.2443492932950424
                  60000      2.676445064134437    0.02904803178171831      3.369885124818877     0.4894848221921527
                  61000      2.492592616428917    0.02893648661758341      3.079741141250641     0.3956042977214134
                  62000      2.563793337433756    0.02882473727668632      2.774731435708699     0.2874433520561582
                  63000      2.636618928611512    0.02872439686208598      3.463021129483214     0.5055436312224051
                  64000      2.559135508429957    0.02861808474772223      2.948245005624946     0.3409043695744379
                  65000      2.404555280639219    0.02856263993009835     0.8449747162170573    -0.9106935682045145
                  66000      2.561525764376865    0.02846162259032654       3.15165226423233     0.4021388854749701
                  67000      2.339971017191625    0.02842236701090282     0.5867073049730339     -1.280397368396347
                  68000      2.711683730216714    0.02832179814020999      2.789632296724514     0.2751969920983352
                  69000      2.379019827037876    0.02827832464914195     0.6846766158076568     -1.131057610395039
                  70000      2.399587355870617    0.02821851368365639      1.023976460552562    -0.7306727474725226
                  71000       2.67133125878364    0.02813191708707806      3.615827288434697     0.5278808871729843
                  72000       2.72776078290468    0.02803763001456526      2.583991614661735     0.1885383155954561
                  73000      2.701975696464719    0.02794789602440388      3.272880771545768     0.4216679251124821
                  74000      2.570984195823346    0.02785805145515583      3.104618230936485     0.3656682179199398
                  75000        2.6748665174486    0.02777815579007052      3.720759989061811     0.5438333322077996
                  76000      2.662185527635577    0.02770123185389152      3.835685440795533     0.5714804730227309
                  77000      2.531141340005217    0.02761769373219531      3.376665899976878     0.4410008848894535
                  78000      2.398612977675743    0.02756500339568023      1.096259731675788     -0.685893445086187
                  79000      2.492192705558269    0.02748179610784836      3.121713300563544     0.3575612494418128
                  80000      2.526206965162386     0.0274032024889389      3.504365659852927     0.4703248461108422
                  81000       2.67362062387478    0.02733029585307773      3.828240638160973      0.556056597120938
                  82000       2.61052403507606    0.02725130593373875      3.202203743539553     0.3745961245502458
                  83000       2.43810857379566    0.02718377711406011      1.839086490961454    -0.1824552204510416
                  84000      2.675471110169442    0.02711499133191837      3.917524025622548     0.5712020265182679
                  85000      2.728901721886807    0.02703946734533766      2.719066958169233     0.2032417813663281
                  86000      2.711145110887776    0.02696588651862801      3.344207303691733     0.4074577286995593
                  87000      2.667306209387172    0.02690145194760602       4.04505720860711     0.5953313921294821
                  88000      2.649266905183963    0.02683593012012452      3.953737577443935     0.5700584571797315
                  89000      2.464830495030538    0.02676586407454114      2.600860873103106     0.1486252801150188
                  90000      2.614475732448703    0.02669633605338322       3.36898845954994     0.4047943062388342
                  91000      2.339755432678185    0.02666642696895859     0.7438016251138106     -1.106920117534244
                  92000      2.576433933536448    0.02659765449740052      3.127862295986994      0.326828271580259
                  93000      2.706220134803575     0.0265317946826494      3.569816937324354     0.4565135673476733
                  94000      2.694303173586327    0.02647040617646219      3.948598958894927      0.555043620727903
                  95000       2.39959281014652    0.02642852861271269      1.216825216617398    -0.6236553207958982
                  96000      2.742845310072885    0.02636559767704249      2.497581664463597    0.09303840932925385
                  97000      2.557573887188429    0.02630153782090839      3.284168290794417     0.3643962834815389
                  98000       1.74334022540642    0.02628799073488616     0.3474582298738292     -1.882343176377796
                  99000      2.489663513189411    0.02622486025898487      3.198249185470155     0.3349667940391389
                 100000      2.561533455767881    0.02616333963620111      3.452115432477544     0.4090018301192394
                 101000       2.49008595018671    0.02610210491565419      3.292959333177963     0.3594580508067292
                 102000      2.706598425851541     0.0260444494932105      3.816379901927143     0.5047624156395805
                 103000      1.877861825052463     0.0260290977913857     0.4293704256704206      -1.68056477367765
                 104000      2.025042609277679    0.02601466485680221     0.4029443937695878     -1.744640857529782
                 105000      1.747917391958671    0.02599837730369599     0.4605576379720172     -1.611627704772261
                 106000       1.67447867929248    0.02598343945213115     0.4207031934703048     -1.702712868849684
                 107000      2.719207527533825    0.02592600820964011      3.638078905727622      0.452357849787968
                 108000      2.529585871865065    0.02586986525679512      3.737732301177781     0.4772133164355437
                 109000      2.752516705363573    0.02581480032651887      2.510855865600247    0.07722709862764394
                 110000      1.919822684983619    0.02579680361109967     0.5447899368082166     -1.451448964680295
                 111000      1.858931916736595    0.02578033766450844     0.4958333331428466     -1.546247897486398
                 112000      1.760920880163155    0.02576263241930847     0.5388768079267886     -1.463687766934771
                 113000      1.956572336522534     0.0257445341951184     0.5541790568536353     -1.436389659048905
                 114000      2.714957704600642    0.02569172696647358      3.883582742202173     0.5085825846773018
                 115000      2.544923055128901      0.025638509160328      3.756762838213408     0.4733085623570326
                 116000      2.378025375440679    0.02560652276432725      1.130601922673154    -0.7287472818745937
                 117000      2.611538361366893    0.02555306485972651      3.504923212420425     0.4005813148397217
                 118000      2.686438891414778    0.02550709032179373      4.382661735001136     0.6222681449953699
                 119000      2.730494999368747    0.02545471223872205      3.494615043871018     0.3937795451670504
                 120000      2.656090254607528    0.02540766527284991      4.233842707277496     0.5838163707826649
                 121000      2.658434275107422    0.02536199199104743      4.343157292154596     0.6075086830987472
                 122000      2.511274410399909    0.02531169107323485      3.649216574126489     0.4314343318643184
                 123000      2.522044056260998    0.02526278102765246      3.839784899713304     0.4804039940777399
                 124000      2.455621408717251    0.02521545707417969      2.537919752437982    0.06445737058421473
                 125000      2.534276441234543    0.02516796681094441      3.914425225353839     0.4958959706097182
                 126000      2.366363711350184    0.02514049152114965      1.112681400874256    -0.7630920291612059
                 127000      2.666927237383273     0.0250975441487274      4.409248304203123     0.6121296588169627
                 128000      2.703263670130251    0.02505307659512507      4.209798876986404     0.5640669498017287
                 129000      2.430761819741786    0.02501452693155622      1.881717837014106    -0.2427027261262951
                 130000      2.626493714853282    0.02496846030335048      3.795904877157928     0.4571917000374597
                 131000      2.257290228469977    0.02495617577398669      0.471601025114499     -1.628845181269008
                 132000      2.684337577344455    0.02491613554051965      4.575941890374144      0.641983600268841
                 133000      2.428606720661741    0.02487840170775449      1.933792693665731    -0.2208613356228806
                 134000      2.655863374697775    0.02483798335819747      4.482493112765698     0.6182088963140164
                 135000      2.693428438218371    0.02479839657765828      4.557016667288087     0.6331026045203376
                 136000      2.579591780670556    0.02475377778332736      3.374233746043585      0.330801813192954
                 137000      2.523634077976155    0.02471056739640547      3.895044913149628     0.4725916299644821
                 138000      2.523928710914287    0.02466808739767475      3.978846758260011     0.4921578559352106
                 139000      2.656047759500206    0.02462932304001915      4.530241497189516     0.6203684130645681
                 140000      2.436673860631915    0.02459238630484418      2.156903982419087    -0.1232338149849152
                 141000      2.289101226737585    0.02457876507784067     0.6010260536088491      -1.40157869523623
                 142000      2.705266976379925    0.02453931255945556      4.334107990107346     0.5724476833705401
                 143000      2.365369308055157    0.02451537261885587      1.185382300544014    -0.7249788485569956
                 144000       2.58443364848788    0.02447372454209621      3.380483937074227     0.3212743880493856
                 145000      2.131431630703952    0.02446380837563529      0.440759886503371        -1.716404772843
                 146000      2.352211547618248    0.02444036257340412      1.181824762765632    -0.7310489396414216
                 147000      2.525867639565393     0.0244005579878138      4.015966989729852     0.4905396008354676
                 148000      2.454089399403554    0.02436221978994977      2.652369524967317    0.07414240169011328
                 149000      2.548259850655381    0.02432296043226363       3.97083269879637     0.4760520362806437
                 150000      2.520457804896568     0.0242845162061482      4.100241831825636     0.5065403472108531
                 151000      2.651069452977356    0.02424807120925785      4.435801585958139     0.5837008545804303
                 152000      2.729459689999976    0.02420905327639784       3.52555025340582     0.3524186276510249
                 153000      2.398231020781913    0.02418230990957388      1.552037978061212    -0.4691542999771817
                 154000      2.381053633945324    0.02415666254859332      1.476692744376245    -0.5199793831611367
                 155000      2.679307096596655    0.02412321017547508      4.730457368601293     0.6428517857268496
                 156000      2.645627678919976    0.02408768832225825      4.387125860642769     0.5660306009729036
                 157000      2.688961177166971    0.02405449841057043      4.731279182395498     0.6401730671318823
                 158000      2.670538837620894    0.02402228578817051      4.850758518016745       0.66377249996261
                 159000      2.065816888459991    0.02401266154479322     0.4968462659416173     -1.615237931418122
                 160000      2.746042648682811    0.02397720985034118      2.872154472895105     0.1378216629774861
                 161000      2.523313727472837    0.02394154667263627      4.099392242958062     0.4921094713272742
                 162000      2.570735796363138    0.02390538326619487      3.586282626350989     0.3568752985109385
                 163000      2.534496278803704    0.02387068880395404      4.219509554740903     0.5180256362211618
                 164000      2.530743020385858    0.02383650417948896      4.289516775515383     0.5330477193120138
                 165000      2.459330569878988    0.02380316992806312      2.760540251911836    0.09090060386117407
                 166000      2.581541541765835    0.02376825532837736      3.516535355100891     0.3314825491824031
                 167000      2.493921251725191    0.02373364735835715      3.688668564602654     0.3778147691710299
                 168000      2.551923423470599     0.0237000998793233      4.156388166164541     0.4957811680839922
                 169000      2.464566477793449    0.02366700453395193        3.0135067263712     0.1728417281495256
                 170000      2.706073190835659    0.02363477558790813      4.394928196437007     0.5488258005191924
                 171000      2.516624787526333    0.02360229209061523      4.262504429868962      0.516856149451618
                 172000      2.516639144616277    0.02357027222456871      4.334833132706244     0.5323248207399377
                 173000      2.405524154562527    0.02354645400936883       1.72545387270684    -0.3898791954600788
                 174000      2.497181440554727       0.02351395466367      3.964338806975645     0.4405885819627491
                 175000      2.568162664595739    0.02348157356276102       3.85004340636478     0.4099558702622111
                 176000      2.448306177182438    0.02345170284746442      2.673459886080539    0.04397201715306167
                 177000      2.258012060211394    0.02344186156381671     0.6129625739116349     -1.429272581302738
                 178000      2.677326520780521    0.02341292540754502      4.781688699902698     0.6237374440979586
                 179000      2.664764847950526    0.02338387193644883      4.734893359511291     0.6126611936597725
                 180000      2.570099438728064    0.02335250273022188      3.824684194715179     0.3978354998530247
                 181000      2.488931124388005    0.02332135474326026      3.767712948296352     0.3814930635567669
                 182000      2.667079721661663    0.02329308317242205      4.789683618548699     0.6202762535593632
                 183000      2.678484675267791    0.02326544658778048      4.893983902967568     0.6406313944614359
                 184000      2.708723853137073    0.02323579862043765      4.345844915905821     0.5205697680338733
                 185000       2.62692681186399    0.02320557559950569      3.827751522823422     0.3923255761817527
                 186000      2.610637030187077    0.02317566422981518      3.533022074553817     0.3109118267619478
                 187000      2.656275079757656    0.02314797556451679      4.745842009256115     0.6048316340864911
                 188000      2.358272056905823    0.02313102142564458      1.300069787565348    -0.6907519809751365
                 189000      2.663339795984826    0.02310435828949904      4.917675685125245     0.6385127052060887
                 190000      2.641755162106719    0.02307615949348242      4.484229532730612     0.5450221589889459
                 191000      2.560608911930324    0.02304724343184084      4.007053995818394     0.4312579161954096
                 192000      2.710820895610073    0.02301894299587529      4.289842466459051     0.4982229344045567
                 193000      2.707392590622597    0.02299127456566046      4.481272444726822     0.5406772489583104
                 194000        2.4861310068446    0.02296293632376792      3.648374796090842     0.3338186968092141
                 195000      2.280511649715059    0.02295364544721528     0.6877622885019937     -1.335179806963547
                 196000      2.635153038257581    0.02292598805397362      4.292159526153991     0.4947165467351999
                 197000      2.703150754994689    0.02289944537933245       4.66333998705657     0.5765000556269321
                 198000      2.679599726119553    0.02287487483111462      5.122301637986717     0.6692984537691329
                 199000      2.490264448705685     0.0228473456134274      3.774980071092426     0.3628854861622557
                 200000      2.732699821387989    0.02282025145949541      3.478575079875707     0.2799265515393329
                 201000      2.759586352201193    0.02279753325799099      2.288787968125531    -0.1396698166620937
                 202000      1.687401823524782     0.0227909483847785     0.4998374077988132     -1.661453523601175
                 203000      2.650944368495193    0.02276564955070888      4.797412827794704     0.5989850174190356
                 204000      2.383376903929668    0.02274872432390325      1.513621779283074    -0.5553301837987284
                 205000      2.230309149533375     0.0227413856120826     0.5709620805562085     -1.530590623311329
