#! FIELDS time e sigma_e height
#! SET action OPES_METAD_state
#! SET biasfactor       2.698418390276557
#! SET epsilon     0.01374333274381851
#! SET kernel_cutoff       2.928208142815685
#! SET compression_threshold                       1
#! SET zed      0.1518250924108549
#! SET sum_weights       558.5522409189766
#! SET sum_weights2       1217.397404584762
#! SET counter  403
                      0      2.491551439889264    0.02991052213944485      173.5221891210183
                      0      2.696535725699107    0.02957612494898502      304.3586298685686
                      0      2.547593759665645     0.0312753500450136      220.6035909643098
                      0      2.650872795450745    0.03044129981931024      397.8562344195939
                      0      2.367897944457991    0.02896806348064515       12.2029988921785
                      0      2.296988888332653    0.02840857424716373      6.971976890110877
                      0      1.848455792155782    0.03490754610385723      5.143486583193266
                      0      1.989209987111501    0.02983991947768442      4.424582803254329
                      0      2.056806891224751    0.03137340074237394      5.314284026947012
                      0      2.171716382317517    0.02798481797456149      3.459872393047915
                      0      1.722444198462107    0.02560084583628386     0.5005437689996253
                      0      1.573931130445326    0.03331719719125478     0.3084574113968174
                      0      1.929541729060582    0.03004843495727311      8.705633697949427
                      0      2.120574585731077    0.02658889751554243      2.749970505641071
                      0      1.651059145460498    0.02978002717343892     0.8283032840811445
                      0      2.437024405409727     0.0299145863996933      76.18774666919673
                      0      1.755631164571756    0.02963888557359394      3.140707276056357
                      0      1.481906309093541     0.0279768776329464     0.1455684067083092
                      0       2.74034588794099    0.02706054810582858      56.22872677385976
                      0      2.242705341277277    0.02665668463179468      2.982307259783288
                      0      1.895603305842705    0.02398055063962445      1.468072615345931
                      0      2.327352630690337    0.02336222141694281      1.538785473609781
                      0      2.616162714381435    0.02379387806624621      57.54241743363166
                      0      2.201641881719696    0.02257456037180364     0.8927473715001282
                      0      2.774601257868727    0.02210158388787118        4.7745697788907
                      0      2.400367136738363    0.02105473726819587      1.906642905380445
                      0      2.581006145780398    0.02103929869660404      4.468227189002314
