#! FIELDS time e sigma_e height logweight
#! SET action OPES_METAD_kernels
#! SET biasfactor       3.469395073212715
#! SET epsilon    0.007640039155174105
#! SET kernel_cutoff       3.122291642622147
#! SET compression_threshold                       1
                   1000        2.3439018738918    0.06206017502565676    0.03010226110527593     -3.469395073212715
                   2000      2.638249113288962     0.0613590197611887    0.03044624246170084     -3.469395073212715
                   3000      2.728782716450443    0.05536967453319156     0.5040021210759156    -0.7654873118753546
                   4000      2.520426771611207    0.05433281845739907    0.08797956919435766     -2.529866786077622
                   5000      2.607255712409113     0.0505174842226433     0.6917622516732755    -0.5405380129745582
                   6000      2.632927173551765    0.04930700543519306      1.921550306530009     0.4568539183524686
                   7000      2.646801441445942    0.04773492588562667      2.495745569816791     0.6859062767473671
                   8000      2.620758476996874    0.04602795523586239      2.710543947530566     0.7320537055934767
                   9000       2.10236167555234    0.04595599020027506    0.04065088326288013     -3.469395073212715
                  10000       1.83184604568462    0.04588442302972572    0.04071428754048368     -3.469395073212715
                  11000      2.083912972649686    0.04570250660242199     0.1066830701140643     -2.510084218118192
                  12000       1.95427574003042    0.04562524208858719    0.04514752993047254     -3.371703152971678
                  13000       1.85653057549569    0.04542851158110234      0.118900613599801     -2.407671960556421
                  14000      2.005906884937871    0.04520349875339196     0.1397403180355596     -2.251139522282279
                  15000      1.989139561577472    0.04472029245022641     0.3284931594396476     -1.407156458709857
                  16000       2.68895241117672    0.04346740351019752      2.811346110420647     0.7113301618759615
                  17000      2.432055239186731    0.04336373727298167      0.088972623454942     -2.744147575283893
                  18000      2.508912276154663     0.0429032433079201     0.4472150805943144     -1.140112773013196
                  19000      2.360718112425484    0.04277590540407552      0.117305243907756     -2.481345395229309
                  20000      2.546566665702792    0.04180234067123093      1.412588080248037   -0.01596868754773487
                  21000      2.016530269539857     0.0414190006108844     0.4531902212745266     -1.162048161848563
                  22000      2.280674992311368    0.04133007435165689    0.09840100063883744     -2.691458440606348
                  23000      2.456536361838202    0.04093951680842416     0.4941062139550415     -1.087253561389811
                  24000       2.29403786344364    0.04075628414792248     0.2227728011630339     -1.888337377952009
