#! FIELDS time e sigma_e height
#! SET action OPES_METAD_state
#! SET biasfactor       1.927441707340398
#! SET epsilon     0.01821196306674905
#! SET kernel_cutoff       2.830433390657354
#! SET compression_threshold                       1
#! SET zed       0.118295747155647
#! SET sum_weights        1520.91857246681
#! SET sum_weights2       2828.246598051478
#! SET counter  1074
                      0      2.661445461860763    0.02399699362100399      1340.685057104286
                      0       2.50387466220116    0.02454246501702534      546.8200230019014
                      0      2.374474588575887    0.02466222334928327      63.89884628068905
                      0      2.701838143306993    0.02254276595892465      884.4733047939878
                      0      2.549091068556977    0.02444180178949786      435.5114777633968
                      0      2.620633494655416    0.02305941344982261      508.2657042669063
                      0      2.421234427574437    0.02277351422413791      159.8494815086543
                      0      2.038686899968149    0.02264051483908761       7.77160963828939
                      0      2.735205134530878    0.02161240543672243      200.7804222856848
                      0      2.292106290861319    0.01998460404293607      10.53559228960106
                      0      1.888627125815986    0.02187477305129776      30.59305548683295
                      0      1.925517693163067    0.02362826528258437      23.73502426835792
                      0      1.963178170272637    0.02266806099974997      20.56815825522507
                      0       1.83940954114855    0.02156766540830164      14.44432595051652
                      0      1.999775036401361    0.02216724308962556      22.68692797532123
                      0      1.484036232639711    0.02449530802554531     0.3564437857943939
                      0       2.21776973077655     0.0222381768231428      4.394229517570987
                      0      2.325004191013115    0.02091016446189186      22.14358429303112
                      0      1.748409300260376    0.02005001048971441      5.151240523110896
                      0      2.260847368467312    0.01949259832926786      7.221928859071834
                      0      2.456575997030315    0.02225435665982449      195.4904260423701
                      0      1.789358136043497    0.02370382468469473      3.151647954087722
                      0      2.074968377712874    0.02209565765050562      13.08247126101826
                      0        1.5389058680651    0.02178229887038395      1.476250269600527
                      0      1.664480669329884    0.02060214658421981      1.466286870689972
                      0       2.77216298603385    0.02157789828406166      13.35284010935536
                      0      2.116713964672955    0.01949364357833911      6.092760031168737
                      0      2.180944796060845    0.02082022445606314      5.468904853332614
                      0      2.587387326599289    0.01958474342305526      125.4031714612076
                      0      1.616200896262306    0.01926981070357328      2.246134422357132
                      0      1.586278192432522    0.01910538312053905       2.41036127387075
                      0      2.151859016654294    0.01944528470972579      2.070278655817857
                      0      1.446026018268607    0.01863544236201216      0.480295377954099
                      0      1.693903769413864    0.01727330032320825      1.147181846104059
                      0      1.640250096161382    0.01716297134226549     0.6030825994958454
                      0      1.865532036921496    0.01695441218560933      1.438142566747478
                      0      1.512799045402808    0.01661562153449254     0.5866230147793235
