#! FIELDS time e sigma_e height logweight
#! SET action OPES_METAD_kernels
#! SET biasfactor       4.240371756148875
#! SET epsilon    0.003891431002318289
#! SET kernel_cutoff        3.33135957893421
#! SET compression_threshold                       1
                   1000      2.526378896664663    0.06284082615044533    0.01375115918422312     -4.240371756148875
                   2000       2.67136338841282    0.06009981466303491     0.1309807969945441     -2.031042358849368
                   3000      2.486778428250278    0.05628376629591643     0.2634726462097631     -1.397744137374092
                   4000      2.726039944035239     0.0518995243323244     0.6020831274814425    -0.6523946948616091
                   5000        2.6417994426993    0.04878166522469375     0.8742974740978081     -0.341324634425472
                   6000      2.573831628431395    0.04654659191175469     0.8164429862920372    -0.4566889706390626
                   7000      1.955185225030242    0.04646574882163078    0.01859722969234905     -4.240371756148875
                   8000      1.801225900031256    0.04638531959275073    0.01864893491982038     -4.239327784518331
                   9000      2.117485529540765    0.04630546509301142    0.01866160294313257     -4.240371756148875
                  10000      1.983475329101795    0.04594902726315388    0.08898412487069013     -2.686109180507597
                  11000      2.632021878147556    0.04667613649787555      2.518099130200963     0.6723927795605941
                  12000      2.374279205538915    0.04642350984836045    0.09759103855734802     -2.583508161379925
                  13000      2.389364902499326    0.04573905678425522     0.3005155765792173     -1.473647685897182
                  14000      2.482362197137025    0.04457748784611638     0.6630411282449288    -0.7080338446105673
                  15000      2.245806785318378    0.04451748512594454    0.02819541964319003     -3.867058264276496
                  16000       2.31683034851841    0.04398068510214569     0.2891517139843527       -1.5513977663632
                  17000      2.213964905320459     0.0437415884398711      0.125712369660521     -2.389803994153245
                  18000       2.71621655143061    0.04259336898360945      1.851253040598441     0.2732167503310422
                  19000      2.702047523601413     0.0424018897552253      3.223014725615973     0.8231655404600936
                  20000      2.643161075812831    0.04188678675071742       3.57169185461429     0.9136652553483275
                  21000      2.536723570629143    0.04114604178534906      1.121636158870511    -0.2624283542028971
                  22000      2.674398239169485    0.04079122208784496      4.307626680276318      1.074509449356974
                  23000      2.354858847802677    0.04055100971409077     0.3865286055838826     -1.342333283333317
                  24000       2.48775915183894    0.04006690615032371     0.9196426128960721    -0.4875640003316538
                  25000      2.489806641073929    0.03949648608301706      1.270221820221879    -0.1789413073848417
                  26000      2.486451891093106    0.03888387808773332      1.650676726295331    0.06742049842872383
                  27000      2.524327432153346    0.03828050237618229      1.963253275335779     0.2251990595960435
                  28000      2.313937767547617    0.03810443868802231     0.4025230163461593     -1.364016786166911
                  29000      2.466810155377655    0.03756746863168658      1.955294465301424     0.2023347214424972
                  30000      2.512730191478467     0.0370488512417183      2.680187310481682     0.5037794674688849
                  31000      2.379780912850698    0.03684949864936206     0.5853364222771428     -1.023071065082911
                  32000      1.706732446848704    0.03683983473459183    0.02552782904192746     -4.155750923790082
                  33000      2.399429057431662    0.03655123867937996     0.9582237984906686    -0.5383034047822004
                  34000      2.532624315124042    0.03611971546494641      2.989983904327647     0.5877622930225732
                  35000      2.642469012296722    0.03573929988917961      3.393859620266562      0.703874163127908
                  36000      2.466241652784886    0.03535052629346809      2.630389341147067      0.438100591777154
                  37000      2.275772450329085    0.03527091718212669     0.3031620972411195     -1.724773455842942
                  38000      2.637195431677748    0.03495016763513902      3.653557225263842     0.7552799781351581
                  39000      2.151739767423706    0.03493339589371814    0.06691013592279763     -3.245306102916382
                  40000      1.678593876307794    0.03492359000083053    0.03898476227689703     -3.785766450145128
                  41000      1.871278210846711    0.03491480827593122    0.03492880774004514      -3.89587687068715
                  42000      1.587128661959117     0.0349082544910313      0.026050271367039     -4.189348336288333
                  43000      1.860045033704706    0.03489306561039267    0.06085122776744674     -3.341379728669276
                  44000       1.72499615425834    0.03487770644775345    0.06166530555288333     -3.328530535785886
                  45000      2.375298433549686    0.03466066623557043      1.096940426648152    -0.4562141819696308
                  46000      2.619119839806843    0.03439712026082283       4.04349651817614      0.840738077766696
                  47000      2.711378715290835     0.0340895232139844      3.183262011800607     0.5925519986373926
                  48000      2.214967218385248    0.03405153518500494     0.1880157929057641     -2.237698759308518
                  49000      2.484815688990673    0.03377300690950127      3.585509252289798     0.7022178238726176
                  50000      2.576328115454328     0.0334938368385717      2.939710385449134       0.49532795286313
                  51000      2.493131364670737     0.0332477712859036      3.842395747572487     0.7557392382944002
                  52000      2.567731420236313     0.0329931770039546       3.07688699607246     0.5258745907183846
                  53000      2.594522889538288    0.03275794968204981       3.66111807329797     0.6925696940561911
                  54000       2.59254282799757    0.03254396859546892      4.058553018823868      0.789074003440612
                  55000       2.67610427350893    0.03232791995263679      3.825282598189561      0.723219035879923
                  56000      1.952209202276334    0.03231819650422291    0.07179830438504506     -3.252608550370867
                  57000      2.768284353710004    0.03221109389676327     0.9227412443222837    -0.7024400638486643
                  58000      2.720324944816396    0.03200156831013079      2.923795591489869     0.4443229813609831
                  59000      2.614580528111321    0.03183043733262114      4.564741616170924     0.8844403300009241
                  60000      2.772260687356765    0.03171501839466665      1.161184518126615    -0.4881136067081789
                  61000      2.241385842441965     0.0316867214946351     0.2459632084398576     -2.041020162811582
                  62000      2.467577830610399    0.03149529579625219      3.159271399450038      0.505835063874898
                  63000      2.686812425014879     0.0313219284367284      4.161254895194828      0.775790565341382
                  64000      2.621024763914054    0.03117686523688344      4.868173701331624     0.9280506154964361
                  65000      2.293126684413389    0.03113731963116185     0.4067067078769794     -1.555600447084399
                  66000      2.082601141468721     0.0311329835219503    0.04231441338146773     -3.818704250720762
                  67000      1.526730723470101    0.03112982870925305    0.03075027259029194     -4.138034500260929
                  68000      2.103177875149466    0.03112279809865838    0.06897171115451475     -3.330462795476793
                  69000      2.060998754642096    0.03111554080542369    0.07129458294270674     -3.297572093499382
                  70000      2.116079957142063    0.03110447929144579     0.1094384627165473     -2.869385596765921
                  71000       1.98808646036692    0.03109430438948348     0.1006906456274839     -2.953022275454002
                  72000      2.543933831930606     0.0309241478625443      3.727786443212997      0.653007411343185
                  73000      2.527843704535252    0.03076321519361087      4.065590877749183     0.7345341919191544
                  74000      2.186326321816481    0.03074684680151248     0.1783721328286559      -2.39244039342279
                  75000      2.366895075673932    0.03067196975542937     0.9249618374168517    -0.7489981611512533
                  76000      2.491225937524098    0.03052591771825985      4.458331498916839      0.819006114458968
                  77000      2.481282987430276    0.03038681817478751      4.636433007278869     0.8536096616497389
                  78000      2.648178890445061    0.03027278205290736      5.368385007203049     0.9964315842645928
                  79000      2.645367096526337     0.0301754157411133      5.830654716830614      1.075812277734203
                  80000      2.660263253024348      0.030077584858049      5.925271652790226      1.088662177555074
                  81000      2.687828459812716    0.02995259574575795      5.159032261137059     0.9460204435044333
                  82000       2.68346572432384    0.02984400349625164      5.727986009193826      1.047003356664417
                  83000      2.631552964085457    0.02975937439334176      6.459727048066668      1.164386690073308
                  84000       2.61570441821527    0.02966057991404749      6.174498574386806      1.115902003043274
                  85000      2.533120011943426     0.0295313464530391      3.921843091051715     0.6576694481940761
                  86000      2.773828213997221    0.02947756552811795     0.9965024377000803    -0.7142187718385297
                  87000      1.971714595325472    0.02947063237705244     0.1151080690954484     -2.872834167995553
                  88000      1.658542238395913     0.0294674329427362    0.05275414267351498     -3.653171852355275
                  89000      2.429667211993034    0.02938062553709651      1.848004807722993   -0.09990252564937262
                  90000       2.55236523270935    0.02925816052057686      4.245330466940861     0.7276336299481848
                  91000      2.547273044027869    0.02913992277270402      4.607020007029634     0.8053458170154788
                  92000      1.781447399182553    0.02913728861828444    0.04684056913475988     -3.783331402226709
                  93000      1.852648517710987    0.02913358677531492    0.06601224272355002     -3.440367927231609
                  94000      1.826955549129861    0.02912932008658957    0.07622664902623608     -3.296643484857857
                  95000      1.752235324080872    0.02912545498937579    0.06903523332960115      -3.39587030525118
                  96000      1.828562127429522    0.02911958620624363     0.1053691951757776     -2.973218500422337
                  97000        2.0158053076504      0.029113536766437     0.1087590396544061     -2.941761804439549
                  98000      2.070874734829176     0.0291072336270908     0.1134954546853651     -2.899350330372118
                  99000      1.897542461627294    0.02910265691396205    0.08216378375075054     -3.222555750308014
                 100000       1.88387066309673    0.02909601610252235     0.1198761422880039     -2.845039517941412
                 101000      1.974530958010497     0.0290868600710566     0.1664351042067913     -2.517207844034617
                 102000      1.571417385434564    0.02908439739029707    0.04414024831286673     -3.844525956585766
                 103000      2.487052640346708    0.02897184450111367      4.846492974664275     0.8502352622644405
                 104000      1.875593695931022    0.02896342548909793     0.1579085183081469     -2.574050129925169
                 105000      1.924072221002234    0.02895557730003609     0.1471982588784307     -2.644556624936132
                 106000      1.855876040013533    0.02894478376876884     0.2041611551635659     -2.317800175849387
                 107000      1.927326928334249    0.02893452927871196     0.1940477400851652     -2.368959962839479
                 108000       2.01021933827622    0.02892495048272435     0.1812615332261011     -2.437454356742943
                 109000      1.752800020336749    0.02891960562155538     0.1002625191851726     -3.029788142839876
                 110000      1.831759323532002    0.02890851698344482     0.2111301447168759     -2.285488841254003
                 111000      1.480180674236343    0.02890666745040661    0.03449883802755429     -4.097101921958864
                 112000      1.973149241265705    0.02889317487905609     0.2590124833216911     -2.081618178639976
                 113000      1.798982380028576    0.02888378506042043     0.1787995600101523     -2.452554072175479
                 114000      2.209467782785719    0.02886980543872562     0.2697146959581587     -2.041938868091575
                 115000      1.935722610283185    0.02885507543099445     0.2854057103575998     -1.985902225801994
                 116000      1.888532050505762    0.02883974353912183     0.2982658659522928     -1.942360164982315
                 117000      2.121268923301841    0.02883136964608089     0.1604452707178757        -2.562682931007
                 118000      1.958157234893068    0.02881259265748557     0.3701158480565444     -1.727471245087192
                 119000      2.065582651882562    0.02880372834312558     0.1708081085179672     -2.501054252096345
                 120000      2.136410533894523    0.02879321035519649     0.2038174293644622     -2.324735594373851
                 121000      2.185648686603736    0.02877851749803528     0.2883172221250633     -1.978409312926655
                 122000      1.956549903292293    0.02875649504133581     0.4419532055387775     -1.552032178343144
                 123000      2.041119286744749    0.02874589806752727     0.2070019234090547     -2.310876674998767
                 124000      2.045966915402945    0.02873245014702502      0.265116808410911     -2.063902174692941
                 125000      1.842186855982992     0.0287161687310267     0.3241481111177563     -1.863438962234822
                 126000      2.118811748558342    0.02870246346538111     0.2717215209004741     -2.040339165476345
                 127000      2.456798387241149    0.02859595946918234      3.995303950227795     0.6440405273061848
                 128000      2.509825329251653    0.02850867346417563      5.887375903513918      1.028674191990202
