#! FIELDS time e sigma_e height
#! SET action OPES_METAD_state
#! SET biasfactor       1.927441707340398
#! SET epsilon     0.01821196306674905
#! SET kernel_cutoff       2.830433390657354
#! SET compression_threshold                       1
#! SET zed      0.1286557371924103
#! SET sum_weights        1698.43763849921
#! SET sum_weights2       3287.420787344463
#! SET counter  1104
                      0      2.506691050786784    0.02572626879213562      658.9567602873431
                      0      2.691094951486484    0.02432810939776043      1579.893222896601
                      0      2.291900994964584    0.02626892711090858      12.78271830984285
                      0      2.453630607063727     0.0245844539797054      298.0935731099912
                      0       2.39950435151977     0.0249171686047554      134.8611412160878
                      0      2.557247796149745    0.02410467845676422      518.6234902155356
                      0      2.649986377382269    0.02421073690948044      1114.850579558987
                      0      1.735016021614411    0.02764360782987607      5.309306022498807
                      0      2.067730204206151    0.02223074169449417      14.15777680316175
                      0      1.889994864652808    0.02478853327895784      14.40098444535364
                      0      1.815639589487263    0.02269235724889221      7.147193558012016
                      0      1.954532927593681    0.02112671805197609      16.78112536102762
                      0      2.108002145759054    0.02540881209569228      2.960797747099082
                      0      2.729925389384963    0.02198210809379094      346.0984870725928
                      0      2.606986014079915    0.02186943967500426      433.9502015430397
                      0      1.678927762702277    0.02356436422681916      1.574198672039266
                      0      2.334800074181621     0.0224492461226133      26.38980009371999
                      0       2.20219168470801    0.02140398008735607      3.663026235620074
                      0      1.777873025320859    0.02023673401106791      3.397559340802752
                      0        2.1409396331085    0.02044231655635301      4.680922693184908
                      0      2.000998606006744    0.02172094140455609      11.77995323487919
                      0      1.639277824354976     0.0221485538240501     0.4744512329675336
                      0      2.230675763555597     0.0196732812384496      4.484842513615149
                      0      2.801504170181166    0.01889986879027866      1.341031361597973
                      0       2.76266754056976    0.01875014315367122      19.17345503256241
                      0      1.854346063489805    0.01924109929300582      5.857253864745009
                      0      1.919821030027344     0.0187042662715895      10.92196077536728
                      0      2.031292483843802    0.01951036343654781      3.531709237485285
                      0      2.371229511566378    0.01791931036830906      11.58803909271529
                      0      1.556895884927118    0.01890631046081538      1.019899092159942
                      0      2.168806251095446    0.01733979017835083      1.320068648596236
                      0      1.977171090567814    0.01710648688144343      1.127502719272254
                      0      2.250794055331304     0.0167082431659151     0.8396611639283977
                      0      1.593086923361304    0.01741437024644371      1.109629360993188
                      0      2.581644104347451    0.01651379658343945       5.61184103236419
