#! FIELDS time e sigma_e height logweight
#! SET action OPES_METAD_kernels
#! SET biasfactor       5.011348439085033
#! SET epsilon    0.001910020759284688
#! SET kernel_cutoff       3.538542402811424
#! SET compression_threshold                       1
                   1000      2.626058146648978    0.06321896844457647   0.006322704301097473     -5.011348439085033
                   2000      2.337949793463507    0.06305404047490903   0.006339242349656035     -5.011348439085033
                   3000       1.78687760055282    0.06289061590264555   0.006355715204224208     -5.011348439085033
                   4000      1.945920614436375    0.06115729816602494     0.0761377778181051     -2.556106072550978
                   5000      1.634339526369804    0.06041414647178044    0.03472410500577246     -3.353442436041723
                   6000      2.092435885373411     0.0567321171235361     0.2409855346948366     -1.479022441592194
                   7000      2.716801685432587    0.05564729601385628    0.07656951424883317     -2.644867342590894
                   8000      2.546362906940598    0.05436296006096582     0.1021734444444872     -2.379744995568946
                   9000      2.674117991192173    0.05055300303080375      1.060930567602971    -0.1121757944170746
                  10000      2.684554288413723    0.05291688424312168      3.930560855135154      1.243160025484387
                  11000      2.526380072135857    0.05206500004488747     0.2981316671563108     -1.352071677340654
                  12000      2.504819041103969    0.05062576591821591     0.6007457218869171    -0.6794674333389124
                  13000       2.31177639062334    0.05056128676941812    0.02533564836027277     -3.846701211259558
                  14000      2.260790082801435    0.05040849895958697    0.06111087243775767      -2.96925025487414
                  15000       2.38709984851592     0.0500068672770435     0.1688318820925814     -1.961036060382978
                  16000      2.200123508520578    0.04958625749321001     0.1843233017705711     -1.881694821933687
                  17000       2.68142197466803    0.04872738267517861      5.810310309398827      1.551530561414039
                  18000      2.341318414187946    0.04842505787083955     0.2354213784970866     -1.660705428403545
                  19000      2.532887831886953    0.04737301039676979     0.9843204422730649    -0.2520956788300528
                  20000       2.55491284614133    0.04600248818689991      1.635826682940929     0.2264992168695993
                  21000      1.781781296236501    0.04597639491517862    0.02595730603931486     -3.917518617514618
                  22000      1.925539175108153     0.0458706390856018     0.1071929632206172     -2.501643995268911
                  23000      1.894196450987443    0.04570206864922058      0.175007082861193     -2.015129831884253
                  24000      1.781949871554108    0.04562617883865978    0.07859662987675065     -2.817289370445903
                  25000      2.449501789282309    0.04498442303171108     0.7700155014403129    -0.5493729198244477
                  26000      2.661837833867648    0.04377674893388364      5.424324424090448      1.375651629503604
                  27000      2.441114317339902    0.04322652575602444     0.9538304272190611    -0.3751596058556847
                  28000       2.26638318665608    0.04308902835215172     0.2232674578730884     -1.830461023637301
                  29000      2.775097257852779     0.0424683339590529      1.217769117129068    -0.1485652550088681
                  30000      2.559881559491757    0.04160616807002618      2.189653806877618     0.4176473172494455
                  31000      2.472654428264242    0.04095373237095156      1.673855715181156      0.133228165217859
                  32000      2.672906649275515    0.04026291467419632      5.758100571353137      1.351693910054679
                  33000      2.652441762560512    0.03961064457963188      6.054947454244284      1.385629021323854
                  34000      2.527588956460808    0.03907106195194855      2.235970471352271     0.3757128764181299
                  35000      2.694523276879802    0.03850091488737333      6.188825233585867      1.379082726224812
                  36000      2.492202600974908    0.03807317783511764      2.116299664546277      0.294834600536329
                  37000      2.335381735025199    0.03801042467189718     0.2535494425057024      -1.82868054214568
                  38000      2.576102518632388    0.03755482829992465      2.604828300549935     0.4888241524782191
                  39000      2.703473132267253    0.03706889928610781      5.870904744219104       1.28844251380506
                  40000      2.497143847605261    0.03669622553588187       2.45003084224729     0.4044299542653921
                  41000       2.48392959824371    0.03632773765445806      2.633616159128122     0.4665948772061379
                  42000      2.744284559985275    0.03594451031969925      3.148645344616524     0.6346041180891019
                  43000      2.653900679018429     0.0355566319123286      5.644826912942055       1.20752166343099
                  44000       2.35253256778229    0.03551433038110304     0.2669949452007751      -1.84493382708091
                  45000       2.43249325918431    0.03532981974260144      1.340931093643227     -0.236252984298368
                  46000      2.498771144013185    0.03502363618903154      2.833456528788941     0.5031759456601371
                  47000      1.817540831309173    0.03501280495924527    0.07232148205452456     -3.165264781760853
                  48000       2.04950557733935    0.03499985467398418    0.08674025978350126     -2.983837798524855
                  49000      1.981705444308331    0.03498545115997937    0.09675094104715566      -2.87502748882945
                  50000      2.049734347210467    0.03496636343713531     0.1289491645709017     -2.588295032866923
                  51000      1.914364261903517    0.03494398868672305     0.1519479464128089       -2.4248153804526
                  52000      2.550929492224932    0.03465447433155566      2.856837189769025     0.5007974196098468
                  53000      1.783409739483255     0.0346419879632613    0.08841670902931625      -2.97497240196603
                  54000      2.109843542238168     0.0346208993715366     0.1506898347866999     -2.442418663362197
                  55000      1.658147487415556    0.03461688792615266    0.02832772674087009     -4.113917119359244
                  56000      1.943768938705442     0.0345915851995851     0.1820843379432256     -2.254019416008367
                  57000      1.861148344747872    0.03457115664372663     0.1468789301806955     -2.469471486593636
                  58000       1.75370821236111    0.03455821452176708     0.0927004540824997     -2.930081190777628
                  59000      1.945506347777449    0.03452406761208573      0.249666559114289     -1.940316884375386
                  60000      1.836491305938715    0.03450143756180202     0.1645146529783696     -2.358099207482242
                  61000      1.468292669355219    0.03449981348845158    0.01162753374778725     -5.007770038790184
                  62000      1.647779507945951    0.03449341872846103    0.04598038072077207     -3.633116497418756
                  63000      2.522339780375401     0.0341863514233937      3.878982136640132     0.7930547043066546
                  64000      2.722412779247912    0.03388904277172378      5.155381705410875      1.068788338237937
                  65000      1.723375303910751    0.03387902831984312    0.08172634910484305     -3.075927191549689
                  66000      1.735721302872141    0.03386337359487888     0.1286308317986639     -2.622819303158431
                  67000      1.978903884137139    0.03383450424390205     0.2408774013587886     -1.996330627795211
                  68000      1.924041603775081    0.03379421633785472     0.3415410452879354     -1.648342304653272
                  69000      2.014203026509661     0.0337678460008014     0.2216029181060777     -2.081703670106234
                  70000      2.116873112806385    0.03374361392726588     0.2039371264521769     -2.165496916085482
                  71000      1.561606819674455    0.03374087505946987    0.02263856290584176     -4.363735053620259
                  72000      2.144748533069817    0.03371469092877814     0.2216376235864745     -2.083122444242953
                  73000      2.004361199997474    0.03367536689753545     0.3387548092458073     -1.660056654588682
                  74000      2.049601511736346    0.03363677041861516     0.3341037678237387     -1.675028388079057
                  75000      1.815453072863781    0.03361166863098364     0.2153646638814199     -2.114893851406991
                  76000      1.776507507689463     0.0335820942073503     0.2558413237978688      -1.94354940338624
                  77000       1.48942235808672    0.03357982955769735     0.0191268330548028     -4.537082044154133
                  78000      1.616067109384201     0.0335729066831304    0.05875982619742317       -3.4149220547624
                  79000      1.912195972219496    0.03352299014492367     0.4440904722052834     -1.393840056865219
                  80000      2.528553081673513    0.03325618991651912      4.488473224946165     0.9114089553967365
                  81000      1.784492103920554    0.03322074131445436      0.330595072112132      -1.69803114257849
                  82000      1.791961324102287    0.03317645240898647     0.4195482662649883     -1.461080905779128
                  83000       2.41219737525596    0.03306451039772736      1.172812452043276    -0.4364793790149362
                  84000      2.332748646982779     0.0330266493033493     0.3644891674408329     -1.606288218935717
                  85000      2.488967615326611    0.03278288159991837      4.363548580599725     0.8688475354492765
                  86000      2.296456077667609    0.03275094822194641     0.3230587663271285     -1.735333680433217
                  87000      2.686983421487132    0.03258777879757869      7.377242230252437      1.387992659592742
                  88000      2.698964414872622    0.03242489670725849      7.546929904987634      1.405722827847258
                  89000      2.696035557210804    0.03228201353545933      8.131330916710244      1.475890270971048
                  90000        2.6645945416388     0.0321268547449054      8.063404205279477      1.462683539902276
                  91000      2.723347371683371     0.0319307301963835      6.710373205166633      1.272878881592057
                  92000      2.344229046456494     0.0319012671607531      0.407768681117587     -1.528754053717207
                  93000      2.450574718665224     0.0317613774762731      2.441093438423767     0.2563525140616688
                  94000      2.409647348908608    0.03168086028196835      1.252529372901692    -0.4134668351589937
                  95000      2.757218058880708    0.03151152302990406      3.548640293864326     0.6225732414954604
                  96000      2.673933871494285    0.03138890615415468      8.690159026950225       1.51430120017602
                  97000       2.50489573810793    0.03122172302682693      4.001554507275823     0.7334524536259943
                  98000      2.698193516375167    0.03110289008182984      8.875783140001557      1.526282753917083
                  99000      2.380526796806993    0.03106140770239886     0.7279760506450249    -0.9758655522860471
                 100000      2.592399763191553     0.0309428555676431      2.541988491114323     0.2707442176468953
                 101000      2.558506562474895    0.03080859724948895      3.170209884527866     0.4872470156120696
                 102000       2.72488942019951    0.03065332259283352       6.92998160637246      1.264253657613859
                 103000       2.60847797304879    0.03052570168233758      3.227444716015952     0.4959151591964827
                 104000      2.652295158338545    0.03037980903297899       7.09367212423815      1.278636785520828
                 105000      2.649106936243951    0.03023864121214101      7.232408829287462      1.293348206709206
                 106000      2.339215501282353    0.03021571515514422     0.4765447836623607     -1.427175979514022
                 107000       2.42616764753669    0.03014567101879687      1.636887524931156    -0.1955066428398256
                 108000        2.5864033796667    0.03003339082606144      3.134556410763923     0.4504528963238527
                 109000      2.303324942614097    0.03001660134512481     0.3575315638230774     -1.721125585777596
                 110000      2.534112220825901    0.02989517553306785      3.742976543200789     0.6232337138046653
                 111000      1.635467984841896    0.02989245398118582    0.05784738565949629     -3.546685506963633
                 112000      2.036721857267771    0.02988028684492155     0.2636329890217757     -2.030342938256686
                 113000       2.01060847401029    0.02986585935304092     0.3146735896513239     -1.853847962601008
                 114000      2.551265400554025    0.02974723301949634      3.780681455333243     0.6282958302678718
                 115000      2.594504186977738    0.02963314031470031      3.666735277417689     0.5938504740219653
                 116000      2.451496982070509     0.0295468247876127      2.451986954878176     0.1885304215240682
                 117000        2.2600006907935    0.02953774187514797     0.2086758822454517      -2.27564876440424
                 118000      2.118048127534313    0.02952822205288563     0.2192343333365449     -2.226612182432454
                 119000      1.850573224783519    0.02951875147780583     0.2184052595076167      -2.23072181090329
                 120000      1.528492910979647    0.02951772841284968    0.02320966155753256     -4.472540156789175
                 121000      1.743250010803774     0.0295090356333792     0.2004621660607231     -2.316777801110141
                 122000      1.965575147307779    0.02949464727892639     0.3364660602958756      -1.79939375942969
                 123000      1.649555486000182    0.02949170449265924    0.06728003060203036     -3.409127350531828
                 124000      1.722579220051887    0.02948465459245648     0.1626672461762847     -2.526523216769478
                 125000       1.50809993867088    0.02948343873258397    0.02774048699862111     -4.295378163838418
                 126000      2.112864769204553    0.02947208913951279     0.2646931906901816     -2.040084772315558
                 127000      1.660349001964708    0.02946849422445416    0.08259156372670516     -3.204870599708466
                 128000      2.561489995904072    0.02935612868288112       3.94525666332234     0.6576707885729777
                 129000      2.641905918422437    0.02923712482463721      6.696494089150202      1.182678856781142
                 130000      1.747212329585071    0.02922665938811478     0.2580877849242065     -2.073718777017352
                 131000      2.392437663332412    0.02918858562013203      1.010019514299395    -0.7105971810356306
                 132000      2.238284070053999    0.02918202417189272     0.1616508217611774     -2.543108344306169
                 133000      2.668577378817982    0.02909649680339066      8.929493918519039      1.465632941169459
                 134000      2.649505799995214    0.02899487307718197        8.0353398093838      1.356623751137528
                 135000      2.475021070617561    0.02890797455343485      3.082379225049674     0.3954747053831289
                 136000      2.562151398836206    0.02880873608871133      3.999889215808362     0.6526007800246374
                 137000      2.629852418676014    0.02870033136140563      6.445133036967064       1.12588938423634
                 138000      2.414464286389639    0.02865666066541907      1.377922371688222    -0.4183818251615145
                 139000      2.289337513762198    0.02864638451395897     0.2953845290711333     -1.958794605068906
                 140000      2.287197134746966      0.028635255353906     0.3211691252002036     -1.875493323687576
                 141000      2.250897555970035    0.02862736590985052     0.2261647879485807     -2.226472847086429
                 142000      2.249121637787503    0.02861873286915982     0.2482800437966685     -2.133481024423399
                 143000       2.33082231218837    0.02860216596535468     0.4874555560648096     -1.459418273956285
                 144000      2.566033256955033    0.02851237600225228       3.72435921794451     0.5708884914939092
                 145000      2.701099981795469    0.02841600906609577      7.475280214624622      1.264209729117024
                 146000      1.788878989739941    0.02840711759551844     0.2695452879449264     -2.058723687322672
                 147000      1.619151108321008    0.02840480444848071     0.0690012322538303     -3.421417176434721
                 148000      1.962614248439493    0.02839457995366216     0.3116751664085752     -1.913940048804786
                 149000      1.779397098104739    0.02838475222267441     0.2997606927420733     -1.953263268312042
                 150000      2.622789169594153    0.02828614801334789      5.350456400570419     0.9252095188919739
                 151000      2.525086840777922    0.02819814365156028      4.109168493070524     0.6581322805149128
                 152000      2.666144679306313    0.02812797201989848      9.225788427774797      1.464422617238219
