#! FIELDS time e sigma_e height
#! SET action OPES_METAD_state
#! SET biasfactor       5.011348439085033
#! SET epsilon    0.001910020759284688
#! SET kernel_cutoff       3.538542402811424
#! SET compression_threshold                       1
#! SET zed      0.1455076553724525
#! SET sum_weights       167.6221978571645
#! SET sum_weights2       481.8659813468003
#! SET counter  153
                      0      2.674061200683869    0.03958753834454012      149.1999501282815
                      0       2.35950220278049    0.04188924242057877      4.430726292236085
                      0      1.787554617500762    0.03587288311277188      2.155003603030039
                      0      1.923360522990314    0.04111256129180027      1.727668184863457
                      0      1.639756405511082    0.03787331669589074     0.4445122509068999
                      0      2.070702997024248    0.04907902931619414      1.409038677133631
                      0       2.54625251671785     0.0380039405494965      48.34848456204449
                      0      2.285774689283092    0.03614166893008687       1.79019819697784
                      0      2.236467434138097    0.03996576667571432     0.8204189552769977
                      0      2.487311470251193    0.03832030323628022      24.87858715147638
                      0      2.732894309606124    0.03638482887761502      26.71079127255989
                      0      2.432760527496228    0.03556745280969183      11.67416320850952
                      0      1.988110720538979    0.03775997800897646      1.860800886113604
                      0      1.849132263377708    0.03392177404583024     0.5297988426666818
                      0      1.494079844939848    0.03535588148504553    0.05849485380121116
                      0      1.737318435880245    0.03218884478468162     0.8315743780647212
                      0      1.544843627148483    0.03573930360949894    0.04584822446337432
                      0      2.124490927029536    0.03385791316831589      0.705565147613201
                      0      2.610654326892419    0.03384053250957954      24.36631433284937
