#! FIELDS time e sigma_e height
#! SET action OPES_METAD_state
#! SET biasfactor       5.011348439085033
#! SET epsilon    0.001910020759284688
#! SET kernel_cutoff       3.538542402811424
#! SET compression_threshold                       1
#! SET zed      0.1183246968578115
#! SET sum_weights       314.8297517395233
#! SET sum_weights2        844.303721182126
#! SET counter  319
                      0      2.679733127924769    0.03551840103077678      243.5794340072664
                      0      2.482116425512719    0.03257415442803424      61.63269931448976
                      0      2.435622432531825    0.03433594353552121      35.35780828889796
                      0      2.530242778795031     0.0325543126780535      89.25491682933405
                      0      2.261569718754036    0.03468859710098252      1.923103493499805
                      0      2.323721422532344    0.03088821776641326      6.660019891232709
                      0      2.619683968274221    0.03183528438057989      57.59854603063633
                      0       2.05166099638153    0.02988841100672487      2.980388854822347
                      0      1.902466870077674    0.03296015401380901      7.374669197795174
                      0      1.681376810736258    0.03056321157701609       1.21334095718286
                      0      2.129291935001364    0.03028303425740669      1.366840136350296
                      0      1.983101471123531    0.03194403400123445      6.044688600247655
                      0       1.59326156373805    0.03133308246442949     0.1325649731706205
                      0      1.755304284587874    0.02949279374397023     0.9726890417573127
                      0      1.828061338253474     0.0345486178585338      4.049309611600258
                      0      1.529560039725911    0.02752097678914774     0.2265391695754804
                      0      2.729096528394695    0.02900555984169657      78.39812877147725
                      0      2.578395763455239    0.02987185726568585      44.88488852008494
                      0      2.372336602355019    0.03071656676746699      10.54428544111031
                      0      2.176847065809283    0.03067363898523189      1.505065581271322
                      0      1.448484657476181    0.02941742554194516    0.03571090512233184
                      0      1.486308480994432    0.02728942347294926    0.04605591584657471
                      0      1.639738108234546    0.02957076047413284     0.5652434604070816
                      0      2.820358964989124    0.02638642104983741    0.06509041099241673
                      0      2.092245734944674    0.02567655870952714     0.6211948129552141
                      0      1.333879116950224    0.02574418135109736    0.01552641500788802
                      0      2.771051245294196    0.02543646718327755      4.132404371017994
                      0      2.212021413575674    0.02493882191719993     0.1820628809744015
                      0      1.721943665260503    0.02463756845233942     0.3153496659896288
