#! FIELDS time e sigma_e height
#! SET action OPES_METAD_state
#! SET biasfactor       2.698418390276557
#! SET epsilon     0.01374333274381851
#! SET kernel_cutoff       2.928208142815685
#! SET compression_threshold                       1
#! SET zed      0.1541673335640916
#! SET sum_weights       351.1865085187729
#! SET sum_weights2       701.5101623601747
#! SET counter  286
                      0      2.668122063702085     0.0324379645221666       265.814992106358
                      0       2.51304376114167    0.03341478366610812      103.2665215499611
                      0      1.933288448144876    0.02902189750816292      5.082641333998128
                      0      2.321167452439697    0.03004086618807208      10.87755195629219
                      0      2.709231142263558    0.02898555896007932      164.5010494019959
                      0      2.123341296091063    0.03171581808439794     0.3128335666468924
                      0      2.400312902305326       0.03067804110146      25.18637959146291
                      0      2.564749784828966    0.03147674961846785      86.26050898388505
                      0       2.75819979597999    0.02950769064401941      12.15415756095615
                      0      2.261842487203539    0.02932187502917156      4.317729350441359
                      0      2.460474220102377    0.02845553181429851      73.06220078887739
                      0      2.077614573964331     0.0289331725334087      2.084530421940439
                      0      2.029393255496816    0.02743529719474037      2.563265422966286
                      0      1.777619718378704    0.02978259259144924      1.141096005869489
                      0      1.854420861475576    0.02572950542038158      1.099335011626883
                      0      1.897023343077499    0.02566215802174545      2.584659815392326
                      0      1.548140232458683    0.02524352179698026     0.3497367691159019
                      0      1.733316964283057    0.02755467238301021     0.4765479745808461
                      0      2.192016150265616    0.03032028304141774      1.343894547245796
                      0      2.623927510214876     0.0268714606959645      33.35948510024156
                      0      1.990501177298692    0.02624085655254027      2.260034386165899
                      0      1.681925498470503    0.02613373069113306     0.3939161380304427
                      0      2.810372909854655    0.02281920561766519     0.4519502881465569
