#! FIELDS time e sigma_e height logweight
#! SET action OPES_METAD_kernels
#! SET biasfactor       3.469395073212715
#! SET epsilon    0.007640039155174105
#! SET kernel_cutoff       3.122291642622147
#! SET compression_threshold                       1
                   1000      2.690980833908838    0.06206017502565676    0.03010226110527593     -3.469395073212715
                   2000      2.544735086355082    0.05930338807881579     0.1408858125649713     -1.971483679966769
                   3000      2.675043690597521    0.05362916669539045     0.6481404359729359     -0.545899371309379
                   4000      1.803930466000168    0.05326624509790233    0.03507195953887528     -3.469395073212715
                   5000      2.663339641576174    0.05158072325236222       2.08997180150549     0.5859540338693691
                   6000      2.646365849239563    0.04893679523840157      2.356573204781658     0.6533935421119677
                   7000      2.681615550579496    0.04673032224445103      2.388692002488083     0.6207946271837564
                   8000      2.039487536196174    0.04665258169124984    0.04004390593483136     -3.469395073212715
                   9000      1.882427059923717    0.04653840501324513    0.05967896782614084     -3.072842294619546
                  10000      2.402955680137704    0.04643383193195224    0.05518020186821884       -3.1534672840575
                  11000      2.082170008810885    0.04625288021774713    0.09796757519884965     -2.583339545601788
                  12000      2.686789864835785     0.0454468219681556      4.088962794216976      1.130489674611617
                  13000      2.525896236226358    0.04510966625790348     0.2822889633663227     -1.550072049130141
                  14000      2.561138144575076    0.04418076978892933     0.9779094776442564    -0.3283931123357613
                  15000      2.430790374871877    0.04401195981915715     0.1571342421201213     -2.160537944792611
                  16000      2.413300920690047    0.04373856638735706      0.266753011693576      -1.63754642183253
                  17000      2.304948929175811    0.04366611452681102    0.06900404753567943     -2.991362288361097
                  18000      2.471534234699466    0.04315104153478198     0.5659730147094169    -0.8988468865529593
                  19000      2.560796924542321    0.04213874252681736      1.613026056571226     0.1247349584564367
                  20000      2.255079467064448    0.04205421711220923    0.09903769501952378     -2.667639636333053
                  21000      2.428069712327516    0.04150436630036117     0.7840220018175471    -0.6118641239456662
                  22000       2.35064684934703    0.04120774270004234     0.4065944367194773     -1.275657454233025
                  23000      1.953511111374896    0.04113643710928919    0.09298340749791785     -2.752784501547353
                  24000      1.759102965249603    0.04106434538456815    0.09479939541454818     -2.735196573339965
                  25000      1.611213959367136    0.04102954806190645    0.04553185889453933     -3.469395073212715
                  26000      2.005792556707762      0.040873060219192     0.2149898398160993     -1.921037899182391
                  27000      1.948487323268711    0.04063460148419495     0.3454500251560824     -1.452631896496898
                  28000      1.868299775300143    0.04045650415206691     0.2590971987791235     -1.744669139607073
                  29000      2.117723923951711     0.0403174382906214     0.2034322294604512     -1.989982829265098
                  30000      1.873609242817394    0.03997989296280961     0.5525831192054896    -0.9991193253264304
                  31000      1.565262773903102    0.03991520303848801    0.09734653833273467     -2.737065389147626
                  32000      1.994983573093699    0.03954887236327277     0.6470006046306265    -0.8522154300569896
                  33000      2.129479113375238    0.03929852032517697     0.4357721877043019     -1.253793372266459
                  34000      2.012029252171862    0.03881057888372764      1.052850553362016    -0.3841504026659908
                  35000      2.243982914754887    0.03866170186167076     0.2726446498485266     -1.739081048741506
                  36000      2.288795937387289    0.03839244840657757     0.5418189008483825     -1.059307242699301
                  37000      2.505924677248383    0.03782950832439932      1.746729178953492    0.09648987786401604
                  38000      2.652183672709815    0.03793605525800976      5.050841516482262      1.161112290043339
                  39000      2.388030175680397    0.03759972600926699      0.966782974284874    -0.5011290395279889
                  40000      2.533383852346843    0.03708237104148857      2.363347603472146     0.3788762103746797
                  41000      2.688067580477248    0.03696723107442461      5.226607220724723      1.169449663971897
                  42000      2.672950945250371    0.03696584247364433      6.290815511415946      1.354740462006027
                  43000       2.43117845952614    0.03665876123850536      1.342641249494699    -0.1980533552869765
                  44000      2.487593254890271    0.03626975100434915      2.083653633992522     0.2307624335703881
                  45000      2.501561257600596    0.03586062644763872      2.707970410955959     0.4814948035216444
                  46000      2.467483148421656    0.03548027528171908         2.656099763851      0.451491146574601
                  47000      2.759421278044245    0.03521457049417623      1.527451716250177    -0.1092838288638228
                  48000      2.765189744622298     0.0349433684176399      1.674049891007198   -0.02537008129967078
                  49000      2.710627457659921    0.03466794046844007      4.874132362062177      1.035412903455168
                  50000      2.353961191242945    0.03452793863125514     0.8244238088921072    -0.7456463006255276
                  51000      2.417511570610182    0.03427343854884801      1.875038031447752    0.06865504828232259
                  52000      2.468045883379453    0.03397161030558556      3.104823153085698     0.5641373808181588
                  53000       2.56367461994655    0.03371906375855274        2.1951553652594     0.2099716308202287
                  54000      2.561807952293625    0.03345652654781752      2.642043802284777     0.3874551040343372
                  55000      2.409228104433582    0.03322630259339423      2.180143368999585     0.1883878870621672
                  56000      2.363901198219756     0.0330552702111979      1.446241389905545    -0.2271955007610298
                  57000      2.697108836737177    0.03289906368135549      5.578803970320617      1.118074046793169
                  58000      2.534328625808159    0.03266264108810537      3.158719361134544     0.5420540681827279
                  59000      2.301328595389925    0.03258895479934502     0.6144253469039586     -1.097438984367633
                  60000      2.697657418262684    0.03244888284085688      5.858884882758058      1.153280745679337
                  61000      2.726714707542199    0.03224399210545818      4.725758970830329     0.9320153491551281
                  62000      2.655323490406343    0.03205014013874746      4.925189016540486     0.9673196465194295
                  63000      2.751267801199659    0.03185443342054663      3.002324937329623     0.4662189746232628
                  64000      2.619213879843037    0.03165924597333887      3.390873416299584     0.5817732086986652
                  65000      2.669187973251429    0.03151961195895334      5.922379237883003      1.135003658192362
                  66000      2.673554876035583    0.03139449844027705      6.315776358708399      1.195338793508472
                  67000      2.476573294234498    0.03123642767814223      2.596829891868771     0.3015318340710651
                  68000      2.558603789938526    0.03108715808745735      2.463791466233192      0.244151658333142
                  69000      2.650362030858032    0.03093960472131048      5.632587952486144      1.066261515568319
                  70000      2.674705159399877    0.03083374045838923      6.741816263269141      1.242594361481626
                  71000       2.71860551813832     0.0306783284135516      5.229190420676451     0.9834683990408623
                  72000      2.748112721466601    0.03052652284405193      3.433072075801086     0.5577068541965959
                  73000       2.44444045116284    0.03041073117387669      2.156094069954254    0.08874926684033285
                  74000      2.522442568930363    0.03028190106436249      2.664666665926906     0.2962846185587106
                  75000      2.488086016752718    0.03015240939613417      2.819199034487371      0.348373085676603
                  76000      2.702381462462756    0.03003662748668237      6.232044102171908      1.137777376222572
                  77000      2.659722820293654    0.02992246375045999      6.311636034063525      1.146659851438541
                  78000      2.609642205676691    0.02979826382635765      3.104723732029077     0.4330303049665381
                  79000      2.698591142462249     0.0296978318168956      6.737536064235464      1.204423767106602
                  80000      2.690020308555998    0.02961002915487358      7.233389454263094      1.272476295022305
                  81000      2.648246231769898    0.02949280894586779      6.060261408666126      1.091554842755858
                  82000      2.537758120475127    0.02939240611710491      2.592727370541423     0.2391021438960614
                  83000      2.303953081870957    0.02936859092905078     0.4736993610382209     -1.461601212629131
                  84000      2.224062398490129    0.02935839896013205     0.1970976998006675     -2.338821626399662
                  85000      2.644392641321832    0.02924522526357008       5.98897347873192      1.071291784221117
                  86000       2.41770128574643    0.02917407735357359      1.716192298378451    -0.1809559523263236
                  87000       2.65539934456152    0.02908186356617859      6.991420632336768      1.220453945920983
                  88000      2.526152624560642     0.0289881650638525      2.714636044735471     0.2712009741174253
                  89000      2.624168498451145    0.02887511737066087      4.684561069603469     0.8129078942459685
                  90000      2.768509102504056    0.02880073567396201      2.049033363191075   -0.01657547937733589
                  91000        2.6699269573382    0.02872848753028085      7.679676484776243      1.302122087013068
                  92000      2.502737105778202    0.02864192349736989      2.738963822064105     0.2681066205830149
                  93000      2.525162419260713    0.02855357778222014      2.919165510330904     0.3287354736963285
                  94000      2.023030318733982     0.0285369955089199      0.404589979531957     -1.648024349615276
                  95000      1.918133219976933    0.02852643429037614     0.2541384222271769     -2.113389576874007
                  96000      2.050662797169898    0.02851182942634756      0.356002414565933     -1.776843259137609
                  97000      2.091710236917196    0.02850028597257523     0.2796896396601129     -2.018505161233206
                  98000      1.872120861153453    0.02848855827782217     0.2848459674172278      -2.00064872951194
                  99000      2.675220123699856    0.02842889092014156      8.106450746956629      1.345721485023358
                 100000      2.143631671682004    0.02841941257433725     0.2372149639320191     -2.186060637344635
                 101000      2.686626624487028    0.02835586935996637      8.081594963248184      1.340078728115549
                 102000      2.536965740521731    0.02827299005563037      3.003942495615063      0.347487962801531
                 103000      2.429273915280207    0.02821382770103158      1.877131546029621     -0.124787522173366
                 104000      2.598848490741482    0.02813293423985519      3.024003576128365     0.3491780057226628
                 105000       2.71588045287533    0.02804307021821413      6.221316080165453      1.067378461000855
                 106000      2.743292537439451     0.0279543104993438      4.014496065563233      0.626138673874892
                 107000      2.721370762282969    0.02786595983347614      6.011538831931142      1.026742065070914
                 108000      2.465443328211199    0.02780075469999425      2.445734548652876     0.1250641122918049
                 109000       2.67829090757288    0.02774414857684261      8.260162904958793      1.340124703128426
                 110000      2.604084931304883    0.02766835931905501      3.318392121976348     0.4254253002492084
                 111000       2.67778594507405    0.02761437774151946      8.448757712909465      1.358011421863842
                 112000      2.409460968635525    0.02756996675107382      1.630408093490536    -0.2887871955817788
                 113000      2.318325418211115    0.02755451257352946     0.5064506009906812     -1.458506734440604
                 114000      2.415543222810721    0.02750604606293089      1.844108103597533    -0.1679429769540511
                 115000      2.541299318986954    0.02743964405142885        2.9154063423232     0.2876534757757341
                 116000      2.621173494427862    0.02735903165605246      4.685226098628818     0.7591163118565504
                 117000        2.3096334099635    0.02734371849060908     0.5253297312588009     -1.429586885005107
                 118000      2.354076826829301    0.02732052230264231     0.8230523047849467    -0.9814419362585234
                 119000      2.488029405957326    0.02725811065516121      2.810861954114131      0.244497734868346
                 120000      2.646391299606854    0.02718799292805489      7.004834891731451      1.155031486600962
                 121000      2.664308575341681     0.0271347947696331      8.326350021905375      1.325897469469163
                 122000      2.683951398347198    0.02708446408886219      8.588872566029938      1.355083198214581
                 123000      2.618563306253668    0.02701020491016857       4.75692390769617     0.7614714134720205
                 124000      2.499377745752381    0.02695185993313915       2.92337344141447     0.2724459845722088
                 125000      2.444111249623623    0.02690401449513511      2.229566900019068 -0.0002616976400659251
                 126000      1.616472004709502    0.02690166654637262    0.08809995807352962     -3.231439546073076
                 127000      1.799865490766277    0.02689831669912188     0.1262013269370484     -2.872157668186762
                 128000       1.83122644222095    0.02689289994115356      0.205750420107949     -2.383573650751469
                 129000      1.733748079305492    0.02689034843539276    0.09599014612744652     -3.146086871508046
                 130000      1.834642096805715    0.02688359422327936     0.2582046754638416     -2.156831034660171
                 131000      1.915018116883503    0.02687590392149721     0.2953934184175341     -2.022561631423236
                 132000      2.494092060664903    0.02681512233408051      3.275896636229337     0.3812130460239422
                 133000      1.776276821200831    0.02681132926571492     0.1456220007875773     -2.732261080561088
                 134000      1.896693966367193     0.0268026867643823     0.3382652526861381     -1.889767347338212
                 135000      1.922911917168577    0.02679333535690493     0.3676116002550878     -1.806919718609376
                 136000      1.820415853949554    0.02678656538026032      0.263879928560125     -2.138705187531501
                 137000      1.850710024082336    0.02677731014842111     0.3647417079362491     -1.815355494948581
                 138000      1.893529976908162    0.02676627605504445     0.4387243563889575     -1.631085776142155
                 139000      2.534553464810004    0.02670670720354663      3.288960935209312     0.3811418674921366
                 140000      2.685300964250439    0.02666923563934808      9.172758092882525      1.405404130151994
                 141000      2.702008770245868     0.0266173485815928      8.296398035899372      1.303040092320817
                 142000       2.49108753199637    0.02656015489858046      3.334921192027489     0.3895166429059086
                 143000      2.601470985331522    0.02650079871695161      3.656074275449489     0.4792202800057105
                 144000      2.488380912144622    0.02644391302476413      3.456545503060133     0.4209511190156976
                 145000      2.723822750765012     0.0263795486934984      6.297779902037349      1.018441651806191
                 146000       2.58720116328861    0.02632798621932005      3.070361239353243     0.2980831482144276
                 147000       2.56534002493903    0.02627834886354607      2.940634309785767     0.2530261104956856
                 148000      2.568364086437074    0.02622757357990907      3.101614803421009     0.3043896020431873
                 149000      2.779766901721427    0.02619605403176141       1.64267288068341    -0.3324110518330278
                 150000      2.589449784192726    0.02614163465853584      3.617902823843492     0.4550792063062857
                 151000      2.642772999124299    0.02608844225789123      7.589652324591548      1.193933611983964
                 152000      2.297860989489589    0.02607740292743702     0.5334398371146738     -1.461684395894019
                 153000      2.447900335108386    0.02603410488711295       2.61719232487262     0.1271649541024523
                 154000      2.535128807498742    0.02598166681532594      3.636889638558128     0.4541754260542937
                 155000      2.670180579515368    0.02595189091058601      9.583278454008617      1.421919664215676
                 156000      2.341978653612825    0.02593766921674717     0.7313023922925467     -1.151576475656382
                 157000      2.570880906840423    0.02588802410613303      3.468089553022957     0.4030397910795794
                 158000      2.683668856684524     0.0258585292147053      9.685131630082621       1.42888782248487
                 159000      2.510850905806331    0.02580810194821218      3.746587461858876     0.4771893249098839
                 160000      2.611073895966606    0.02575263819765273      4.914936437325801     0.7464713350474539
                 161000      2.595627851149386    0.02570066903634346      4.213608422576475     0.5904918499705383
                 162000      2.677927317553707    0.02567297338494735      9.865920103076618      1.440180661647244
                 163000      2.635587397494816    0.02562133563355973      7.260582468248673      1.131540920749869
                 164000        2.6933564234414    0.02558523331882067      9.292680142381638      1.376897808136808
                 165000      2.405287233878495    0.02555891353918107      1.681475309181353    -0.3336868716229467
                 166000       2.34452031300994    0.02554566789456491     0.7799177352707265     -1.102443646439298
                 167000     0.6872543634506059    0.02554434770703362    0.07313365814962854     -3.469395073212715
                 168000      2.456390285914134    0.02550489130602194      2.890957616710957     0.2061134899720038
                 169000      2.497392164494233    0.02545880432133616      3.794060795887812      0.476153962381183
                 170000      2.515856556841208    0.02541197535816036      3.999204583663686     0.5269714587503889
                 171000      2.488370388483141    0.02536582781097715      3.967574449987159     0.5172132824226411
                 172000      2.512964480097465     0.0253185597141179      4.279076374343188     0.5909303360256257
                 173000       2.44135509232956    0.02528248704324553       2.73308342488517     0.1411978135948604
                 174000      2.616289179829904    0.02523244372641509      5.729758618537113     0.8794594576333506
                 175000      2.580337931638478    0.02518842442651235      3.928878007649039     0.5003938694913692
                 176000      2.500737080233656    0.02514317601986499      4.261844377946739     0.5799439854425966
                 177000       2.74536891704484    0.02509984343077637      3.970226608386129     0.5073402193466114
                 178000      2.682167505322266    0.02507121407152105       9.68554755002916      1.398010607184145
                 179000      2.617399801095016    0.02502364055566967      5.749052698866814     0.8745115312674981
                 180000      2.459558238427973    0.02498612704477112      3.266277819309889     0.3076272454309161
                 181000      2.631346632787265    0.02494077031456681      6.977097917664835      1.064792323472902
                 182000      2.573926326493698     0.0249009610721966      3.754289246060184     0.4434608230727349
                 183000      1.712194615251323    0.02489944001496345    0.09962529040216912     -3.185838475286468
                 184000       2.42683674254326    0.02486892723362786      2.522027290181522    0.04433761803953278
                 185000      2.627944095598558    0.02482510712784795      7.095997000706922      1.077041785354409
                 186000      2.386588613045447    0.02480624107815181      1.422982044521882    -0.5304945833511807
                 187000      2.411299555148337    0.02477894536231036      2.243507362681258   -0.07630981875070447
                 188000      2.686907430069204    0.02475282367840228      9.876590587695166      1.404762378289428
                 189000      2.537222094648079    0.02471287067853577      4.180038442737072     0.5433000691208258
                 190000      2.646792878525347    0.02467855919404788       8.88405087835674      1.295847888596054
                 191000      2.651739147270186    0.02464826147172577      9.475377413769792      1.359058390011985
                 192000      2.681328200580556    0.02462544900023953      10.41234223352819      1.452427713918312
                 193000      2.658722211566328     0.0246001143921493      10.23256363301526       1.43398167887423
                 194000      2.513944285628397    0.02456156538259172      4.349120915234915     0.5768120123281562
                 195000      1.769617054652528    0.02455953657186561     0.1519894447691279     -2.777188531200356
                 196000      2.103568047193717    0.02455613024330788      0.257517877368922     -2.250049169353644
                 197000      1.654937040185835      0.024554934245637    0.08922846381284155     -3.309986929831809
                 198000      2.754053687864816     0.0245222699598729      3.297977995426701     0.2985466724312297
                 199000      2.595021260752208    0.02448215156430791      5.030292449698694     0.7190779057734155
                 200000      2.647722114101598    0.02445393583869758      9.842494260072241      1.389155776399311
                 201000      2.280785445398798     0.0244483929144244     0.4399203774714558     -1.718941606670156
                 202000      2.622309557423053    0.02440884777811234       7.52009894588924      1.118180413778827
                 203000      2.520715440850391     0.0243715928517143      4.517844990317578     0.6071087725476965
                 204000      2.450881990321538    0.02434113613534749      3.207964350479169     0.2634597792022262
                 205000      2.637929554253736    0.02430877110345957      9.124793539011963      1.307487947107885
                 206000      2.569344905405107    0.02427404530865174      4.131131916628445     0.5136145642560175
                 207000      2.512861805838326    0.02423751370864249      4.685429442745896     0.6380145987720295
                 208000      2.199686715450111    0.02423568033828798     0.1510751468623247     -2.796496525386839
                 209000      2.490429722643232    0.02419945766632236      4.695434821844334     0.6385763823900659
                 210000      2.625646225657563    0.02416443248499651      8.322163001873353      1.209459455031925
                 211000      2.087561675635508    0.02416101467306468     0.2913302934577299     -2.142901818384835
                 212000      2.588266915794184    0.02412420882752645      5.178417413536808     0.7333707807200923
                 213000      2.658100823975637    0.02410573715156768      11.03980226580825      1.489612436008079
                 214000      2.221993253333265    0.02410354515285127     0.1899999727577394     -2.572716980967816
                 215000      2.137925088369457    0.02410052348651178     0.2635711956699331     -2.245542755729697
                 216000      1.962031093192702    0.02409675869901444     0.3303514880032902     -2.019865300780244
                 217000      2.461092548490468    0.02406595627848231      3.711103062436248     0.3977828308978141
                 218000      1.938805866577043    0.02406169925055264     0.3779125727467401     -1.886815627770701
                 219000      1.582817638171223    0.02406048830944311     0.1052591487038625     -3.165103443038584
                 220000      1.968081584593622    0.02405613623647456      0.387041083437584     -1.863178886079865
                 221000       1.80723134835311    0.02405335554514107     0.2446723409117343      -2.32190539926369
                 222000      1.948264831039069    0.02404839548770308     0.4437570314388248     -1.726754376406049
                 223000      2.184362305610729    0.02404621422579815     0.1913938862112869     -2.567788733652947
                 224000      2.672840311310959    0.02403036540283494      11.40064005893082      1.518643192865746
                 225000      2.558053858992038    0.02399745286730993      4.356588816028194      0.555292501460632
                 226000      2.527376724604254    0.02396318699053292      4.847683172683454     0.6606751096023937
                 227000      2.636557647354175    0.02393461476492853      9.574553115898619      1.340090027449495
                 228000      2.694924020672808    0.02390764824647866       9.90269415098355      1.372660712417018
                 229000      2.690178181220887    0.02388447215892489      10.58464737973489      1.438288575933023
                 230000      2.467268584344307    0.02385479751542244      3.927714944840798     0.4456986063782072
                 231000      2.411840840178727    0.02383461030944044      2.287339644843315   -0.09581640811306051
                 232000        2.6579367476998    0.02381644681920145      11.33732217011738        1.5041319528316
                 233000      2.399425037015826    0.02379909174994014      1.937629203400895    -0.2632319783918257
                 234000      2.212244744399545    0.02379698492662723     0.2047267618864733     -2.510864731074864
                 235000      1.950555913814561    0.02379238774973777     0.4556948902411041     -1.710910668916916
                 236000      1.929386290157491    0.02378757999854458     0.4778237695616465     -1.663694263952161
                 237000      2.041832820558435    0.02378417591526561     0.3348761167408826     -2.019318696507316
                 238000      2.008417740320221    0.02378003642004637     0.4098789696428576     -1.817391498275307
                 239000      2.435024360372714    0.02375588765108269      2.995923794540427     0.1707384682316779
                 240000       2.35886119547417    0.02374731237221327     0.8874413217942148     -1.046288077526681
                 241000      2.517922511909708    0.02371572513902658      4.762032442739166     0.6324683347511244
                 242000      1.766009655953403    0.02371403038559333     0.1672803849238929     -2.716361612640411
                 243000      1.880605532389057    0.02371027624407405     0.3767366992868859     -1.904644757176453
                 244000      1.543583961328024    0.02370926418128452    0.09948193932989741     -3.236257862300666
                 245000      1.989113066129549    0.02370484340587271     0.4464770060872172     -1.735032549959911
                 246000      2.711787346387966    0.02367148733165915      7.675616725546334      1.107975340844209
                 247000      2.321930812399494    0.02366554306081409     0.6156393118448169     -1.415418470938859
                 248000      2.359760081412174    0.02365663422587714     0.9488303564834584    -0.9832262263144119
                 249000      2.762435919676304    0.02363630603195262      2.476171898434073    -0.0248468628432205
                 250000       2.72726447991479    0.02360347783038337      5.751542243019762     0.8165175396694979
                 251000      2.479337955754687    0.02357460044936523      4.272370625019217     0.5179941727763276
                 252000      1.881021000440697    0.02357079496934269     0.3964558729482363     -1.859526653356603
                 253000      1.963138461336199    0.02356608990485913     0.4943195990910051     -1.639108761175126
                 254000      2.454104256290491    0.02354041998207324      3.548221808181831     0.3308209595521969
                 255000      2.509692298079939    0.02351011691419024      4.877703732784593     0.6477608358360343
                 256000        2.5912620172657    0.02347970772867284      5.011925331757742     0.6736121240181475
                 257000      2.552312146974295    0.02345161667902248      4.296512342241814     0.5183984822239625
                 258000      2.399905055865199    0.02343543138278769      1.982491004409161    -0.2557413863697214
                 259000      2.574872361333194    0.02340713368873172      4.450944918785415     0.5518126871114747
                 260000      2.302554727985326    0.02340197932212165     0.5665382954324529     -1.509734557761789
                 261000      2.559316158337205    0.02337385806283368      4.468803832298851     0.5543944326085832
                 262000       2.47925198807354    0.02334591973596317      4.473522299718778     0.5542537478228907
                 263000      2.463617719654034    0.02331962335575253      4.042844665183062      0.451899217242862
                 264000      2.471893973709528     0.0232921209768875      4.453632163015997     0.5474905653264724
                 265000      1.773600026649415    0.02329039526066518     0.1893858231967266     -2.610272459366704
                 266000       1.67242227923878    0.02328949582161596    0.09804925452320033     -3.268627455804054
                 267000      1.719345767346271     0.0232883149199593       0.12906138469069     -2.993859970513472
                 268000      2.110862761114921    0.02328560246260125     0.3004722526530669     -2.148909179232991
                 269000      1.661930165581502    0.02328456329157978     0.1135225825991738     -3.122307437108503
                 270000      2.006502948189457    0.02328042214040695     0.4650319742297203     -1.712380920318694
                 271000      1.893465821364703    0.02327655919543537      0.433056787046155     -1.783784162832035
                 272000      1.755683399192376    0.02327486271058209     0.1867104551215225     -2.625166868077728
                 273000      2.334476997481612    0.02326851303754269     0.7296394422035422     -1.262448269001492
                 274000      2.651660320564588    0.02324627521003127      10.15731013646921      1.369994007707006
                 275000       2.62729198768925    0.02321745897995439      8.206931786563811       1.15553911266823
                 276000      2.514758008740575    0.02318920855791316      5.051602333665929     0.6690479466247631
                 277000      2.379095799188499    0.02317820447270784      1.374055217369537    -0.6333658071977427
                 278000      2.447224422777223    0.02315459981478597      3.648432251710647     0.3421464499207059
                 279000      2.692255503496324    0.02313104837608625      9.777401822059206      1.326905024762203
                 280000      1.854884020431316    0.02312788360193659     0.3714782220096566     -1.943570628617741
