#! FIELDS time e sigma_e height logweight
#! SET action OPES_METAD_kernels
#! SET biasfactor       2.698418390276557
#! SET epsilon     0.01374333274381851
#! SET kernel_cutoff       2.928208142815685
#! SET compression_threshold                       1
                   1000      2.628630328982192    0.06053155025577301    0.06672079877255445     -2.698418390276557
                   2000      2.317288055819079    0.05920511112449938    0.06821562036279934     -2.698418390276557
                   3000      2.438867632421175    0.05536908679515705     0.2914467906979184     -1.313220950348867
                   4000      2.745627972493078    0.05301594065418277      0.224119630899604     -1.619327230005045
                   5000      2.060246174335774    0.05222598751112845    0.07733148910100776     -2.698418390276557
                   6000      1.912980054750403    0.05140284962924686    0.08732758684053472     -2.592739816629911
                   7000       1.98469504191553    0.04844824965258748     0.7148374163452574    -0.5495485032915022
                   8000      2.205642024780449    0.04739886527435047     0.1961079173124806     -1.864836445909627
                   9000      1.622258816146444     0.0469346017078849    0.08604980626324785     -2.698418390276557
                  10000      1.839572583581231    0.04553377081860415     0.3641958369794431     -1.285953838120702
                  11000      2.099680451569613    0.04398585468086334     0.7399169247110107    -0.6116938275069261
                  12000      2.302695081607118    0.04273226896118482     0.6489052772851633    -0.7718587387432645
                  13000      2.482782818247538    0.04169633266891338     0.9592462974013053    -0.4055387926260955
                  14000      2.664668318404084    0.04079779149702402     0.6202077461723613    -0.8634173948483292
                  15000      2.577209507907725    0.03996221625256505     0.8212164395468258    -0.6033787233096891
                  16000       2.41382761357812    0.03959473178926089      1.507151926019772  -0.005426760323451883
                  17000      2.680532412606226    0.03906929873863048      1.476085128436976   -0.03961420255314661
                  18000      2.698736270245534    0.03928499554040472      2.413123020224827     0.4574198585030179
                  19000      2.497284151064988    0.03865644054766618      1.627757914351318    0.04757239190814443
                  20000      2.708995235352651    0.03882256904601315      3.062831178044046     0.6839969015362434
                  21000      2.676774045863067    0.03906233510780816      3.834406345295648     0.9148287677214556
                  22000      2.640918271197008    0.03858730564798332      3.154901648392228     0.7075361131921182
                  23000      2.675226053253573     0.0383754674882725      4.138184028782801     0.9733308769316374
                  24000      2.611572342141908    0.03778950478552943       2.29959900973695       0.37042161481761
                  25000      1.902989779924404    0.03761377281245089     0.4243449331018577     -1.324182913706343
                  26000      2.546577859129813    0.03720472479428569       1.27710399885785    -0.2333137846920834
                  27000       2.51527867878483    0.03676355915644284      1.634990131161559   0.001799320371068668
                  28000       2.64291399738134    0.03642821577979286      3.804039682792188     0.8370626474135852
                  29000      2.698868552948354     0.0360975377528155       3.94861575332195     0.8652451697942195
                  30000      2.724474380317563    0.03570321956269789      3.331322085041709     0.6842655540610559
                  31000      2.630060730597478    0.03534660521582338      3.624117782607819      0.758468680382531
                  32000      2.735734514038871     0.0349854804319811      3.178235018947181     0.6169145856149785
                  33000      2.469931721939906    0.03472020125006909       1.50230584900811     -0.140021715626223
                  34000       2.62626254664853    0.03441603577488737       3.74250952010904       0.76393443087863
                  35000      2.737762966647388    0.03411078101119724      3.440181672510268     0.6707932125529356
