#! FIELDS time e sigma_e height
#! SET action OPES_METAD_state
#! SET biasfactor       4.240371756148875
#! SET epsilon    0.003891431002318289
#! SET kernel_cutoff        3.33135957893421
#! SET compression_threshold                       1
#! SET zed       0.132836231780188
#! SET sum_weights        283.910927307057
#! SET sum_weights2       770.5279232614738
#! SET counter  244
                      0      2.668822457193546    0.03832565943774811       229.598124681478
                      0      2.566143152764715    0.03816067916861181      140.2593681780706
                      0      2.301403865011317     0.0317521085790041      1.567949337505911
                      0      2.436241153554747    0.03334022303037287      40.74228101681601
                      0      2.497961937721163    0.03298533489296175      66.72773329829815
                      0      2.203039486699445    0.03558455672584329     0.5488419825887423
                      0      1.734083722243064    0.03448924988165314      1.069107608526141
                      0      1.949507709200539    0.03519927252446729      3.037991383831801
                      0      1.877346369273008    0.03391949462187973      2.707323417778049
                      0      1.818311984341032    0.03694779392253417     0.8734904087870968
                      0      2.029055619915235    0.03412203786086832      3.463254334505065
                      0      1.532387620142697    0.03332581875409155    0.09844776133609626
                      0      2.097759195667291    0.03786595082923216      2.043426501262452
                      0      1.669491744027864    0.03756702609146284     0.9049618060159911
                      0      2.363828829829315    0.03015412310591491      7.465622405885987
                      0      2.248670124075615    0.03105702621370898     0.9984998356155075
                      0      2.717820497086876    0.02949177394092192      67.38512649294086
                      0      2.162139267357543     0.0272499721142215     0.4396658530186076
                      0      2.400713067035088    0.02559128495457377      1.589783019739248
                      0      1.994220108118878    0.02552706173594704      0.363521976397001
                      0      1.456379482099061    0.02552047500899133     0.0350499631224881
