#! FIELDS time e sigma_e height logweight
#! SET action OPES_METAD_kernels
#! SET biasfactor       1.927441707340398
#! SET epsilon     0.01821196306674905
#! SET kernel_cutoff       2.830433390657354
#! SET compression_threshold                       1
                   1000      2.691483394772983    0.05785834540142751     0.1509064987297364     -1.927441707340398
                   2000      2.685522838504407    0.05262710497123934       1.14710729730501   0.006130108243540468
                   3000      2.480467118173749    0.05145529628446537     0.1696851627975402     -1.927441707340398
                   4000      2.631751145994051    0.04854429008424999      1.267754323245679    0.02537910248274837
                   5000      2.254720769074913    0.04781723828028667     0.1825952447451306     -1.927441707340398
                   6000      2.529698315947975    0.04612304349862078     0.6344584888291939    -0.7180152955400748
                   7000       2.73321765197329    0.04447060474374329      1.209956033441306    -0.1089321359275515
                   8000      2.649501225128244    0.04337366212544833      1.783756349481909     0.2542292806271885
                   9000      1.929016711320257    0.04300958223486077     0.2030059320071291     -1.927441707340398
                  10000      1.917469069314274    0.04225259003547324     0.5252671029587633    -0.9945272859114314
                  11000      1.785069865468928     0.0419258797108582     0.2082532408870103     -1.927441707340398
                  12000      2.487442874257795    0.04099818256688048     0.9688997019037739    -0.4124110033931739
                  13000       2.64935109803818    0.04054784568513449      2.291097902098705     0.4371692254633491
                  14000      2.355254350172856    0.04027483216388855     0.2553932287579444     -1.763568648458312
                  15000      2.427932934969952    0.03961585051588356      0.858644085372833    -0.5675160373563858
                  16000      2.563202165452237    0.03890958376757321      1.439949329796282   -0.06849604726794969
                  17000      2.648559201568055    0.03863102346538609      2.697367235651961      0.551987307547567
                  18000      2.557408307957799    0.03802168267132148      1.738665972870494    0.09693016830661184
                  19000        2.7108157072582    0.03749510207315476      2.102730121211723     0.2731023089472407
                  20000      1.963705163233409    0.03716916605426134     0.6635478979306014    -0.8890192521723639
                  21000       2.15094990624694    0.03702501730868851     0.2641627095078385     -1.813940776373887
                  22000      1.910853455750637    0.03662263479697576      1.011460556219652    -0.4822826943610227
                  23000      2.733410849551691    0.03620421421542219      2.174374698085836     0.2715720926976674
                  24000       2.39626226147811    0.03586431859282747     0.9729402372613719    -0.5420342918393405
                  25000      2.667689939980103    0.03566290441748129      3.076783246722014     0.6036511451902947
                  26000      2.652484486912657    0.03545548418471545      3.259062261504181     0.6553728849116267
                  27000      2.589335641324062    0.03508890610620011      2.254182742307793     0.2763279399420415
                  28000       2.74947154611634     0.0347395628881485      2.035718633409685     0.1643835094996408
                  29000      2.512739097135386    0.03442606654249655      1.600057786794225   -0.08549079112074613
                  30000      2.683406556332137    0.03420973419850691      3.286637734007568     0.6280307439029825
                  31000       2.42122730150465    0.03396305276986127        1.2277375136385     -0.363898255945428
                  32000      2.648819963134019    0.03376567273525827      3.440979912621794     0.6608564137888033
                  33000      2.715720801542682    0.03351274882999398      2.974539029848309     0.5076704453446784
                  34000      2.689721870846659    0.03331476055524558       3.54306480307424     0.6766481126397841
                  35000      2.658817170106615    0.03312083927230403      3.647362058194324     0.6998222898425296
                  36000      2.066789993123696    0.03306632372530681     0.2810401426377644     -1.865086971352883
                  37000      2.713221237638857    0.03285447124391098      3.445838814511801     0.6349106467209339
                  38000      1.982490829364115    0.03273143651995396     0.7622139169592215    -0.8775366164398185
                  39000      2.707962810555632    0.03254459638623638       3.69776503234375     0.6959953748407263
                  40000      2.304359900160779    0.03247528196471493      0.429188621292405     -1.459724097198202
                  41000       2.68172284088455    0.03232913440995391       4.18215847284296     0.8124517498912436
                  42000      2.479549231202307    0.03216444320354458      1.364585615051221    -0.3126321643097353
                  43000       2.56341961627229    0.03197214366531517      1.902454271493186    0.01366522546046058
                  44000      2.433563880496743    0.03181353756527047      1.420546491317018    -0.2834110028085056
                  45000      2.292295842908736    0.03173258011729447      0.612544151515149     -1.127134900228957
                  46000      2.735045029422872     0.0315448972594542      3.136504538519959     0.5001762541985636
                  47000      2.623474026412765    0.03136084612430348      3.028549034678859     0.4592992522862064
                  48000      2.711802011122693     0.0312097094967905      3.857251201733398      0.696339491893108
                  49000      2.476913796861771    0.03106763240880865      1.556191119774614    -0.2159367977292262
                  50000      2.439758790525792    0.03092472019857599      1.642613844109151    -0.1664999112698882
                  51000      2.434583807364975    0.03077803440607255      1.811180534212084   -0.07356443378690601
                  52000      2.629969158776559    0.03062307241654061      3.332352760114054     0.5310877522442681
                  53000      2.490635559057088    0.03048431332782044      1.838858832080071   -0.06798714877493157
                  54000       2.62888670869663    0.03034017343007619      3.463426633508909     0.5603865833963116
                  55000      2.747995197643487     0.0301919139300671      2.849835167533294     0.3604907323018517
                  56000      2.522682232839856    0.03006337821021595      1.897241611977002   -0.05063575382483496
                  57000      2.621529555989508    0.02992826318133011      3.402150287202907     0.5288663977317167
                  58000       2.59149599352495    0.02979184133098265      2.728481200814565     0.3036351306511589
                  59000      2.708382812882094    0.02967485884774269      3.900160153777466     0.6569732390207847
                  60000      2.485914409617443    0.02955637526920653      2.038486867991625   0.004162704771834111
                  61000      2.632933777111834    0.02944045946636046      3.794437997005316      0.621561647890895
                  62000      2.381458730138029    0.02936201584021954      1.150231470844165    -0.5746795003085268
                  63000      2.307234663145864    0.02930868358619696     0.7256406215092938     -1.037161120389114
                  64000      2.548726311701089    0.02919732566805267      2.108158238993126    0.02554724994511878
                  65000      2.651554511661538     0.0290978318245372      4.127659090247302     0.6940295414736853
                  66000      2.594104102076881    0.02898214224167453       2.99199249112892     0.3682748437808754
                  67000        2.6484521289896    0.02888640138183148      4.186197428692657     0.7008191686930343
                  68000      2.452101427949616    0.02878893905922718       1.97103911102733   -0.05579243807943857
                  69000       2.70340508196277     0.0286891488847329      3.909748164669835     0.6256473653205126
                  70000      2.734087873691123      0.028583760593738      3.360146625078437     0.4704787943691844
                  71000      2.639544343020816    0.02849102048736769      4.114767397220102     0.6698267117356308
                  72000      2.617318212355834    0.02839287226198062      3.735005714786953     0.5695429234013673
                  73000      2.765557213669112    0.02829965561419088      2.312160121249166    0.08668727825084811
                  74000      2.684312207907225    0.02821217455028913      4.186951784442553     0.6773820156311915
                  75000      2.361891704872162    0.02816261907848283       0.95291391855124    -0.8045797344251694
                  76000      2.702688950633219    0.02807535759335894      4.098719663048754     0.6512223230318874
                  77000      2.545904885232217    0.02799215984507283      2.123692993117114   -0.00926354570329847
                  78000      2.279162362102565    0.02795308009540788     0.7645736665648516     -1.032254067611331
                  79000      2.497520854290156    0.02787277174305984      2.079492808211763   -0.03457025133269374
                  80000       2.25516953679526    0.02783608473314301     0.7301790813239334     -1.082476829274098
                  81000      2.530972834508448    0.02775402929968485      2.290095090290042    0.05762980826665617
                  82000      2.441953587541885    0.02767818217226878      2.016438976678182   -0.07236703372239561
                  83000      2.577861181778477    0.02759298091484063      2.881177794264596     0.2814160303677295
                  84000      2.652188765785723    0.02752160607403286      4.450333760143914     0.7136059050335859
                  85000       1.45616187632785    0.02750585495596505     0.3174306103483499     -1.927441707340398
                  86000      2.164199457603018     0.0274852244079387     0.4245728621582633     -1.637367641855715
                  87000      2.685887150211636    0.02741776454118282       4.60141155973143     0.7432096992429101
                  88000      2.626424478211786    0.02734426357369399       4.26444738692997     0.6644748065305901
                  89000      2.652960562045259    0.02728077982252138      4.787464322067824     0.7778387583835475
                  90000      2.530029405490167    0.02720694764494288      2.473222571483286     0.1146497916758021
                  91000      2.712455256114647    0.02713563766608428      4.270889914034999     0.6583255610877687
                  92000      2.651548876664637    0.02707391065273273      4.828133898234454     0.7786860319591478
                  93000       2.60615701756603    0.02699969168461213      3.795512239990514     0.5353002639671356
                  94000      2.693990388681579    0.02693497476067616       4.62132868715211     0.7297633152322456
                  95000      2.459843629004347    0.02687168573223749      2.163858040728271   -0.03137864654056746
                  96000      2.632865123409498    0.02680812383625531      4.613838476947854     0.7234205595544656
                  97000      2.568937638970221    0.02673867774133958       2.93082811795979      0.267051576724719
                  98000      2.520883909764113    0.02667366039480263      2.530687042219429     0.1178228382670431
                  99000      2.477557587116382    0.02661108753769533      2.397078663527643    0.06123416384912923
                 100000      2.515596218753105    0.02654628808944408      2.700018596876062     0.1778040281030019
                 101000      2.470602555970441    0.02648411786198735      2.519619938144593     0.1063087370922735
                 102000      2.506484611368573    0.02642013468696055       2.83453192418254      0.221658652215585
                 103000      2.482014428878569    0.02635721347307523      2.814653138441323     0.2122364663682379
                 104000       2.28595988708356    0.02632669743281296     0.9460819663540745    -0.8791870948910196
                 105000      2.752456621396939     0.0262646600324781      2.880047495819156      0.231686533968532
                 106000      2.643523448709502    0.02621005405488246      4.723349374395493     0.7243166786478067
                 107000      2.727510635581317    0.02614854008241026      3.822280134647513     0.5102959365768072
                 108000      2.684706734273082    0.02609402016033417      4.666143059639662     0.7076944463716666
                 109000      2.113633045248148    0.02607961528404835     0.4441193742664232     -1.644852468377096
                 110000      2.644686825160614    0.02602888818223602      4.935692344458504     0.7613553986767206
                 111000      2.562767714438896    0.02597114328439497      2.920367435771379     0.2343509282883903
                 112000      2.512085693559808     0.0259136380952302      3.019712995540799     0.2655866275604069
                 113000       2.66977061343332    0.02586539360617573      5.028298625990694     0.7736430403956216
                 114000      2.408628896378254    0.02582395407798617      1.685941043855385    -0.3207181574939942
                 115000      2.387318751901916    0.02578729310765272      1.438512233175689    -0.4808532987345819
                 116000      2.578216747441335    0.02573146459604948      3.225440536239253      0.324439525482125
                 117000      2.430149015299134    0.02568349229962686      2.242794405953048   -0.04077350863076151
                 118000      2.435716270028374     0.0256340489107106      2.430621962462971    0.03772411735750634
                 119000      2.678224340288249    0.02558812948359855      4.999650700252902     0.7571520397224436
                 120000      2.554228743837351    0.02553587977940993      2.984130612949601     0.2390484036269985
                 121000      2.429259646830713    0.02548844127138996      2.414700703001763    0.02545585062318897
                 122000      2.497958632671994    0.02543713042118406      3.040566513777957      0.253909223251186
                 123000      2.515550208412287    0.02538601826999751      3.145740055416212     0.2859031726405484
                 124000      2.634999484647635    0.02534039907974319      4.820997732179289     0.7110362665689077
                 125000      2.609515340318675    0.02529058158693942      4.130457019637265     0.5544755542695806
                 126000      2.504737568410054    0.02524172794295266        3.0465709929006     0.2481706271419469
                 127000      2.262417375733274    0.02522047870989614     0.8836851514343118    -0.9903426938272284
                 128000      2.406550267372222    0.02518242093972685      1.891730966476281    -0.2307061276745037
                 129000      2.713474337794835    0.02513407888618214      4.031614561529776     0.5240470189310875
                 130000      2.533522550817889     0.0250876091729284      2.923996948587275     0.2009810018893057
                 131000      2.435537828044281    0.02504517922371267      2.417824700827665   0.009205052604101845
                 132000      2.537011607306068    0.02499931114212929      3.000597492789206     0.2233151410522544
                 133000      2.464165257477555    0.02495546205985892      2.724233410451922     0.1249352275234489
                 134000      2.668339076252335    0.02491276821897959      4.681549764251622     0.6646650910209472
                 135000      2.614479061149171     0.0248672159538242      3.971759792639212     0.4984150145592874
                 136000      2.668911986967356    0.02482540118777449      4.715316253181195      0.668338795895481
                 137000      2.643902028734166    0.02478387449964808      4.719082299459978     0.6674630102879461
                 138000      2.666842276291843    0.02474333815878876      4.827151129566623     0.6884681906599476
                 139000      2.653125256180806     0.0247036111727917       4.91006204808396     0.7038914508639491
                 140000       2.68645238652036    0.02466249334897203      4.656784867297782     0.6492643068224113
                 141000      2.457097989130653      0.024622954277759      2.668496937122913    0.09084991537167052
                 142000      2.562370397327216    0.02458251478929431       2.88358270093761     0.1667243614790055
                 143000      2.623201876980016    0.02454116532065882      4.350845980004578     0.5763776668667649
                 144000      2.571942274680386    0.02450009789566231      3.235625263841384     0.2785547412785755
                 145000      2.495291524491017    0.02445955735730899      3.201096261770572     0.2661698042203451
                 146000      2.682556762293328    0.02442283993570889      5.030418770829237     0.7166774304664291
                 147000      2.345144362279656    0.02440663419394664     0.8476357684693986     -1.064793827458702
                 148000      2.671661405339055    0.02437309762127833      5.397764796467641     0.7851203466084168
                 149000      2.718784146562098    0.02433338967510756      4.266808437884621     0.5483710150055239
                 150000      2.688482485753652    0.02429844969894396      5.192370866228258     0.7432583948639081
                 151000      2.500121966233228    0.02425965419947318      3.334389947082288     0.2987598254763577
                 152000      1.814200454110337     0.0242516926900089     0.4123066544903743     -1.791846045101014
                 153000       2.63128472159948    0.02421658358900206      5.091916472106131     0.7203473853323601
                 154000      2.695249419019962    0.02418157327066045      5.083605335531281     0.7172670673878014
                 155000      2.669614970419293    0.02415003682036622      5.551845667491533      0.804071767704291
                 156000      2.517842101627513    0.02411265468142389      3.380407603454059     0.3063885259403337
                 157000      2.512236695023166    0.02407539538117125       3.47551905410484     0.3325896541713368
                 158000      2.031878911700981    0.02406669508649666     0.4837987203218665     -1.639601949978557
                 159000      1.805744018906401    0.02405757113302317     0.5100817009392219     -1.587079175360108
                 160000      1.882119341525551    0.02404658766446052      0.625125924749792      -1.38415363073094
                 161000      1.867796562427466    0.02403497640781328     0.6661687428238143     -1.321046715383547
                 162000      1.917068405003433    0.02402037818017811     0.8636914652470423     -1.061981675669237
                 163000      2.720222575847072    0.02398424273485377      4.470347268647917     0.5805185941297164
                 164000      2.736214922418937    0.02394772582263612      3.799962284492016     0.4165199434621745
                 165000      2.632537076221963    0.02391547304514377       5.23585682493515     0.7357115982985518
                 166000      2.665626215862701    0.02388664589217318      5.713461289818916     0.8218000116437539
                 167000      2.310501162418328     0.0238714015778622     0.9610052254057786    -0.9614388390260761
                 168000      2.679994313284887    0.02384179637048853      5.598957886080119     0.7996761168998662
                 169000      2.632780302517975    0.02381044174069519      5.326861297682258     0.7485418408343603
                 170000      2.703204041194903    0.02377807567938708      5.112236075726134     0.7060563006639418
                 171000      2.526713364951096     0.0237441172833594      3.425684886331183     0.3042916627807689
                 172000      2.577618551733349    0.02371070741236982      3.331756394752531     0.2750817842575852
                 173000      2.569429797703903    0.02367765490563539      3.306762727893009     0.2661568931692358
                 174000       2.69077023138856    0.02364805733191152        5.4639177701418     0.7671024796949281
                 175000      2.660638822307588    0.02362088830590251       5.82883862089943     0.8306046291742748
                 176000      2.736262926372135    0.02358766673895337      3.801444620733583     0.4017605752411262
                 177000      2.572112145638497    0.02355564486245866      3.339094734447551     0.2707206590980271
                 178000      2.469988469513853    0.02352512467690306      2.991439065888098     0.1594789875548451
                 179000      2.528481344469768    0.02349327774019541      3.466253611420327     0.3054441242265671
                 180000      2.505132482082433    0.02346145541370946      3.576929585751259     0.3355190919764913
                 181000      2.567159507336303    0.02343034431277011      3.380223641426604     0.2776292589789337
                 182000      2.741031279166343    0.02339903942744329      3.574555304149741     0.3321911871509282
                 183000       2.63078695524221    0.02336987225112002      5.206861921749361     0.7070804759681996
                 184000      2.654023596422405    0.02334382133258374       5.78587971323634     0.8114081929125246
                 185000       2.51453046521859    0.02331313392615711      3.645420225767173     0.3481439744469106
                 186000      2.669702911168065    0.02328733929682051      5.798511933096044     0.8111665942225513
                 187000      2.718427136800092    0.02325710690385338      4.621391881467811     0.5829621291517381
                 188000      2.429297630939443    0.02323173066432751      2.455671554592777   -0.05042524745371584
                 189000      2.388921336962313    0.02321278880565212      1.608882343298743    -0.4741014525833419
                 190000      2.409052444063386    0.02318961457943516      2.154564113933939    -0.1830515954311205
                 191000      2.509304013882637    0.02316012632794735       3.66265560729275      0.346276005115888
                 192000       2.66179768098548    0.02313552725494629      5.866040691690759     0.8162047576389019
                 193000      2.614728112966854     0.0231063665645806       4.59028350375991     0.5697054138788836
                 194000      2.360472334015126    0.02309289698426137         1.103414052667    -0.8564104242761141
                 195000      2.448641823898553    0.02306782371655982      2.605415536647645   0.001686349109969719
                 196000      2.376513280469587    0.02305134410254266      1.426896410764125    -0.6011187384617249
                 197000      1.594169739914669    0.02304631411713564      0.378854522352156     -1.927441707340398
                 198000      2.713497327592993    0.02301780489921179      4.579241086802841     0.5634567631033498
                 199000      2.419035795978555    0.02299461061885934      2.354603224087588    -0.1027124637366355
                 200000      2.510107249405925    0.02296690149805047      3.510523800895295     0.2954748093241925
                 201000      2.376015793406224    0.02294980317545309      1.548265498388439    -0.5238999309371803
                 202000      2.378968971451464    0.02293178830424641       1.66717755867417    -0.4506883666765992
                 203000       2.45955834110533     0.0229065176386278      2.870542382721683    0.09157791632711189
                 204000      2.750376189750249    0.02288086059954851      3.011818160731714     0.1385001537109447
                 205000      2.534716753670563     0.0228541830960825      3.406656710954916     0.2605209797084265
                 206000      2.624571440955796    0.02282744195628355      4.807468089713129     0.6037894054264481
                 207000      2.710103175369642    0.02280127307751108      4.989218845751975     0.6397511624840907
                 208000      2.670276126570209    0.02277863940408966       5.87916888255674     0.8028940717774871
                 209000       2.46815997571986     0.0227533782024171      3.175724314717743     0.1859048015114737
                 210000       2.55354321892212    0.02272769189655535      3.390473794680466     0.2502092001892463
                 211000      2.577283684223464    0.02270191584508002      3.508301427550783     0.2832367537397508
                 212000      2.727675051263292    0.02267563527574441      4.356334453214874     0.4985774319740205
                 213000      2.672012081639588    0.02265339432252089      5.845081685450294     0.7915657082889337
                 214000      2.650174963818812    0.02263146585118921        5.9071459420953     0.8011594646688388
                 215000      2.047397311701522    0.02262547426632296     0.5226337198470679     -1.624142515542019
                 216000      2.035322676140663    0.02261857271916501     0.6094936839147923     -1.470699884551643
                 217000      1.909476371961487    0.02260917113573038     0.8590321950929855     -1.127937813757974
                 218000      2.115339520961989    0.02260337356290181     0.5071089578804018     -1.655274785807382
                 219000       1.95646444502825    0.02259515887673884     0.7414703110651988     -1.275729045111458
                 220000      1.937114625379734    0.02258557285892414     0.8831464838870551     -1.101297427582452
                 221000      2.061996199065084    0.02257870091645225     0.6123042116598817     -1.467863579738725
                 222000       1.98654411519101    0.02257072406376768     0.7219960667340405     -1.303426478943222
                 223000       2.67082438860087    0.02254862093158978       5.76704840441979     0.7734897537723284
                 224000       1.96231535341628    0.02253883514493901      0.919083460698824     -1.063483078292518
                 225000      2.487306378348943    0.02251467012413946      3.379130876832253      0.237441079439987
                 226000      2.693411820110126       0.02249134196877      5.361211079365101     0.6979757687483504
                 227000      2.667214817192893    0.02246991727309991      5.854129520650969     0.7849801554872079
                 228000      2.477571349354181    0.02244653222720926      3.267320005141081      0.200761652125534
                 229000      2.455900190925314    0.02242419310206459      2.975595511246586     0.1062400538181646
                 230000       2.36043677224649    0.02241123133153348      1.339993657253318    -0.6921174497317036
                 231000      2.502522511593762    0.02238745374623969      3.605992990887793     0.2967533201528334
                 232000       2.71023142018023    0.02236366904456581      4.838514720121569       0.58970095987772
                 233000        2.6223004028488      0.022339935636422      4.775683320886339     0.5755684178684338
                 234000      1.848449864151344    0.02233345054335155     0.6251612432913954     -1.458004656556256
                 235000      2.166775677007823     0.0223280767901028     0.5113404084418454     -1.659219376040951
                 236000      2.491578556383967    0.02230479728927866      3.632510073372403      0.300381107769962
                 237000      2.542863906311039    0.02228199279967414      3.459367513559936     0.2505200650801768
                 238000      2.685894944389841    0.02226080548403717      5.646716192040579     0.7395571394820576
                 239000      2.663733321554926    0.02224091892333169      5.975141664881667     0.7951970319419577
                 240000      2.489167374023908    0.02221821786344318      3.635516101869162     0.2973190967714728
                 241000      2.644170115290122    0.02219820619046399      5.911668882001089     0.7825950954569107
                 242000      2.478246509748409    0.02217587262671306      3.587505021489243     0.2821172978270111
                 243000      2.392886348064334    0.02215973096932091      1.978392062309969    -0.3137834157498187
                 244000      2.667555153678097    0.02214075689881944      6.109574484358535      0.812932679676419
                 245000      2.566529695904046    0.02211931121058505      3.339970944319017     0.2080685828303205
                 246000      2.058874655384451    0.02211262725691038     0.6993203253608479      -1.35584212717622
                 247000      1.748517553687931    0.02210842024468334     0.4260809489779701     -1.851511949405636
                 248000      1.950973824499561    0.02209898661824383      1.032892098188044    -0.9664500792495685
                 249000      1.582819111917494    0.02209451812117729     0.4555600525110644     -1.785242765592024
                 250000      2.055484477367104    0.02208706673385871     0.7932938347722203     -1.230913930992857
                 251000      1.698869783624013    0.02208312093134173     0.4006030877662405     -1.914315152199831
                 252000      2.518295206331466    0.02206086552210761        4.1354527266473     0.4190574947184125
                 253000      2.619128380743103    0.02203944669527491      5.144775152889965     0.6364709834462312
                 254000      2.510804201655906     0.0220174172910283      4.249855375985304     0.4443742261351321
                 255000      2.622554887576863    0.02199677904391738      5.408922064790584     0.6846012976763387
                 256000        2.5935024809371    0.02197512551627494       4.02230975902802     0.3874228976616549
                 257000      2.650532938246107    0.02195857166520819      6.501100739029335     0.8667845167664241
                 258000      2.591174115473517    0.02193716508864798      4.013660866404495     0.3835414313860163
                 259000      2.685871544168098     0.0219189813356922       6.10851865324149     0.8026927243766744
                 260000       2.71418308426989    0.02189829776867989      5.174985624298817     0.6359009053561825
                 261000      2.744765900271591    0.02187774231563195      3.635689173045354     0.2819239118645864
                 262000      2.702762577449993    0.02185834068869303      5.669756968734308     0.7253842655280096
                 263000      2.699657189442495    0.02183941829474482      5.818760156372524     0.7504591609416729
                 264000      2.743955689133027    0.02181902544055877       3.76480486697774     0.3141337853483875
                 265000      2.717787888447977    0.02179887868692077      5.202943940343121     0.6367385776331912
                 266000      2.669663827219175    0.02178258156287615      6.499998344272196     0.8585679994905789
                 267000      2.461396043998624    0.02176317251701748      3.411490788586466     0.2130240221204167
                 268000      2.532017800155038    0.02174302033290833      3.935801452044573     0.3550627734010052
                 269000      2.390176997352555    0.02172873465480227      2.028226430423726    -0.3085472684060389
                 270000      2.684909630276006    0.02171178446458229      6.276625333144046     0.8203430825157926
                 271000      2.462493872836267    0.02169264043691418      3.476285206034575     0.2285927445319077
                 272000      2.700768940721613    0.02167459399758843      5.903054774254684     0.7572662041699211
                 273000      2.705156791212537    0.02165633383198842      5.805904448025039     0.7398288132038748
                 274000      2.593889935390575    0.02163670982918814       4.02818755913501     0.3733633766408405
                 275000      2.625792346352676    0.02161804851871548      5.564446124103775      0.695581434447203
                 276000      2.587909300618398    0.02159870413018638      3.964951771060945     0.3557824480414398
                 277000      2.722094544046196    0.02157950545976551      5.110638753039055     0.6087238777434144
                 278000      2.157487074811899    0.02157467266849926     0.6012445830860801     -1.531577964186789
                 279000      2.145174793370821    0.02156937689996524     0.6645771437022725      -1.43167430429533
                 280000      2.739812137803419    0.02155014858687002      4.131356320768939     0.3946439093112754
                 281000       2.52508839115815    0.02153109709283454      4.042588516693495     0.3720389130797987
                 282000      2.648890212744338    0.02151524420564985      6.419922218088378     0.8338231565533408
                 283000      2.529907279744241    0.02149640795184848      4.024169531638306     0.3658598489851796
                 284000      2.688787701673494    0.02148012360738282      6.266817916042452     0.8080521783508827
                 285000       2.30086736046457    0.02147288725297038     0.9749281473700101     -1.052944986597627
                 286000      2.687676978958735    0.02145685289542868       6.32906987335345     0.8168528003534826
                 287000      1.866335479263217    0.02145092019633148     0.7882400493401924      -1.26652962254489
                 288000      2.191292034271613    0.02144663757324953     0.5540869757204979     -1.619210294299563
                 289000      1.925880257169161    0.02143892336583573      1.062499665517342    -0.9685121364169159
                 290000      2.469986839265057     0.0214209153399299      3.696624207146428     0.2774432615755933
                 291000      2.723872185687315    0.02140271196582358      5.226468390343358     0.6229088691649445
                 292000      2.303338972837375    0.02139517421265626      1.050684909051682    -0.9817369238527593
                 293000      2.682415650542306    0.02138032088052095      6.602029447300992      0.855503445487323
                 294000      2.316022214526392    0.02137268384301712      1.077661250192443     -0.957437727542115
                 295000      2.530229812165582    0.02135452865517278      4.125746104225823      0.384166147138385
                 296000      2.527462637531249    0.02133638873500761      4.237660279112843     0.4100807401383502
                 297000      2.366829538293031    0.02132563866965987      1.655447789394546    -0.5303629801113546
                 298000      2.567973494407831    0.02130806038153089      3.808378524747131     0.3019443750741167
                 299000      2.664101008395972    0.02129392059654884      6.727390407357819     0.8702643649898271
                 300000      2.721723193168508    0.02127649555736003       5.38752309598701     0.6473441486136358
                 301000      2.723691612578156    0.02125907995463579       5.33590534395411     0.6368981031849106
                 302000      2.608913910651593    0.02124133908058274      4.783628880784395     0.5268041159419009
                 303000       2.72825031999558    0.02122372986228742      4.906715733642339      0.551380151241985
                 304000      2.654722578092674    0.02120854470723437      6.348995740620441     0.8083562397941759
                 305000      2.713321389672937    0.02119184474402566      5.646836281398457     0.6903673016939552
                 306000      2.399592140768946    0.02117954910143295      2.123472881804612    -0.2882556109881881
                 307000      2.518105400050138    0.02116236904242403      4.163895339782021     0.3843310129261902
                 308000      2.657815868428416    0.02114751679550907      6.404694149104965     0.8142091094937574
                 309000      2.649539584614698    0.02113246934155964      6.326507704803995     0.8012145053341898
                 310000      2.536133200260475    0.02111574194812364      3.950747353226054     0.3295790283494175
                 311000      2.702268726357843    0.02110008185915012      6.023354501225927     0.7505766880781384
                 312000      2.664813458663759    0.02108563295779834      6.508127330383993     0.8272990982415184
                 313000       2.52662470133338    0.02106895194059594       4.15059907721596     0.3767086023520546
                 314000      2.737218688960456    0.02105219074493549      4.396830987356321     0.4335441171722303
                 315000      2.388001490802078    0.02104100733203067       1.98928781475348    -0.3600946058530873
                 316000      2.700374071180126    0.02102579088678886      6.112350890813294     0.7617167197860218
                 317000        2.7176975812061    0.02100969217665094      5.559006947829751     0.6660587870545682
                 318000      2.711444538833855    0.02099409023462441      5.858166003360195     0.7177330043913075
                 319000       2.63796162327656     0.0209787631672545      5.987137770713636     0.7387795493878118
                 320000      2.788400141989872    0.02097285109833998     0.9470091175817993     -1.105562323716867
                 321000      2.667431116473462    0.02095918609302682      6.677473057576579     0.8469720962241079
                 322000      2.686361443636947    0.02094528905930514      6.591223894687662     0.8333082442091768
                 323000      2.712892909862278    0.02093008205126566      5.978667597005054     0.7350406277701785
                 324000      2.651241588762653     0.0209161641338818      6.568981379325222     0.8285364806390738
                 325000      2.485508341860708    0.02090060863375274      3.894323074316815     0.3049535882755339
                 326000      2.448435839361797    0.02088654837072173      3.102267114487707    0.07689394236726017
                 327000      2.666646958410579    0.02087324642019152      6.756665337364441     0.8546531762195659
                 328000      2.476958979050867    0.02085809076101324      3.748818734588754      0.264838143092497
                 329000      2.664960748376548    0.02084492038320396      6.785033582129745     0.8574849723770734
                 330000      2.412471785286789     0.0208329224467854      2.452527619142153    -0.1606908428748889
                 331000      2.656240012641867    0.02081983631364088      6.797732659425227     0.8581507631005532
                 332000      2.477185813064718    0.02080483307676839      3.825712366680586     0.2825854465470147
                 333000      2.566902010668011    0.02079022291090565      3.604817073965232     0.2224092887530996
                 334000      2.213189973152557    0.02078697400545441       0.53276746304269     -1.689688250912367
                 335000      2.698880663698674    0.02077353777022477      6.606074722857043     0.8273250302042048
                 336000      2.499208857803115    0.02075819878307372      4.396644197362926     0.4194382960067763
                 337000      2.689723966447706    0.02074538483581488      6.833564692455741     0.8598256965007151
                 338000      2.664685874837075     0.0207331206628551       7.03884076696969     0.8888313842124189
                 339000      2.716269194096618    0.02071869501248676      6.030347380342687      0.733496488923048
                 340000      2.753966022039354    0.02070477588857738      3.446558108446941     0.1733959140265948
                 341000      2.525303707454817    0.02068977891358795       4.36490262611458      0.408891124978315
                 342000       2.54261981329041     0.0206750925618993      4.071801531666536      0.338670693966822
                 343000      2.496584797190645    0.02066024155656693      4.340739861858091     0.4019114020592291
                 344000      2.600395059862169    0.02064557719413842      4.183590369488305     0.3643263727123515
                 345000      2.473362443244767    0.02063132765819452      3.856435825710616      0.282209514196645
                 346000      2.467147214980652    0.02061726483411577      3.760829929331539      0.256423920239749
                 347000      2.591278428279073    0.02060305825786463      3.916801615195682     0.2963703679461913
                 348000      2.500853326799482    0.02058842491698762      4.502702434741935      0.435062215993834
                 349000       2.63160686895035     0.0205744907398787      5.978351929156922     0.7178523654792123
                 350000      2.538149496840536    0.02056021300422492      4.164772741629363     0.3556749487345285
                 351000      2.624569742733742    0.02054598096052955      5.611534677905974     0.6531450291438975
                 352000      2.691258385341187    0.02053346531541298      6.715163450539657     0.8320796181141672
                 353000      2.556463669908782    0.02051972373078491      3.840241001302936      0.272577119964029
                 354000       2.57073828761749     0.0205061347470767      3.766399203566649     0.2524989617354361
                 355000       2.69596294752112    0.02049359322785963      6.650106603913217     0.8204006348086528
                 356000      2.672945558042247    0.02048172148991919      6.949766868458188     0.8638964064489137
                 357000      2.726521118712298    0.02046762456953122      5.382663005314629      0.607683020350018
                 358000       2.36914457693654    0.02045959763254991      1.688137366147672    -0.5522666970329588
                 359000       2.67120979678778     0.0204478483227904      6.974285329180694     0.8657629589332555
                 360000      2.677360154437325    0.02043612415431273      6.985620723243586     0.8668134184377525
                 361000      2.705765673639501    0.02042335527679699      6.457663135348737     0.7876020588732242
                 362000      2.541643170100272    0.02040979977482751      4.117307660242844     0.3368700736273851
                 363000      2.652704633343021    0.02039791573257238       6.88648891868373     0.8506495276742001
                 364000      2.706358267414845    0.02038525314322522      6.464890879119962     0.7868533254529031
                 365000      2.628192095608209    0.02037183112602368      5.844879054275134     0.6853744597934898
                 366000      2.480550063718621    0.02035856580265512      4.054083018200188     0.3188817109821495
                 367000      2.475501116303796    0.02034541800840486      3.993085165987378     0.3030753216981117
                 368000      2.470950176286813    0.02033238110222091      3.940240913128644     0.2891120480528356
                 369000      2.571202308089279    0.02031964108468856      3.744474073351132     0.2375245699322827
                 370000      1.964779875601556    0.02031481155606693     0.9880992284918341     -1.094966461504749
                 371000      2.620701365569876    0.02030136670024266      5.407350796562067     0.6041029332147849
                 372000       2.42401051553681    0.02029069241136208      2.722015147662215   -0.08280981410643065
                 373000      2.409155712267267    0.02028093125122428      2.386250120789394    -0.2149403181910421
                 374000       2.50612752734508    0.02026766812358322      4.505936511054309     0.4200781028963554
                 375000      2.724095271788315    0.02025446640836423      5.528583892584022     0.6239624758363771
                 376000      2.513516840724514    0.02024129734361135      4.530031408734497      0.424109251113868
                 377000       2.44796325865814    0.02022940994471902      3.409543211527625     0.1393712479513664
                 378000      2.729163735392605    0.02021623988238066      5.230652066556231     0.5666776221829734
                 379000      2.493046783370808    0.02020328000006258      4.425795137196594     0.3989503595832295
                 380000      2.636795073576608    0.02019099149646078      6.269146690737627     0.7465322285930799
                 381000      2.656740508960474    0.02017974702412713      6.903925932431638     0.8424251421675065
                 382000       2.38604193399117     0.0201716000788053       1.95727424234284    -0.4185160711144186
                 383000       2.48397853698458    0.02015891284963393      4.292749472751903     0.3662293838064202
                 384000      2.696677045324601    0.02014730065571484      6.648779744982505     0.8031590955362909
                 385000      2.594980672561298    0.02013492226850771      4.053821988379594     0.3077713085049636
                 386000      2.487657564738775    0.02012228410310544      4.431830362095845     0.3962959735893332
                 387000      2.476724029421148    0.02010983401787735      4.236359604935845     0.3505687045258649
                 388000      2.714543762068315    0.02009764509889283      6.100311034169544     0.7145978458076664
                 389000      2.651241294615333    0.02008651014271282      6.834922549756128     0.8277490290445328
                 390000      2.398547204885236    0.02007788010651503      2.209582783060785    -0.3019221335944329
                 391000      2.350651036550572    0.02007190381246659      1.389113151674252    -0.7663580221517342
                 392000      2.564434466816518    0.02006011555249627      3.784687890609804     0.2353524045800484
                 393000      2.377832542725534    0.02005228772562562      1.956186975194168    -0.4250041563156385
                 394000      2.383502046265671    0.02004406988463664      2.093167045820019    -0.3577329666227507
                 395000      1.597036085905714    0.02004160235904918     0.5265345380761071     -1.737972681340357
                 396000       2.69765917059056    0.02003056840171484      6.788774493963824     0.8181854029555228
                 397000      1.952428617462527     0.0200258652929192      1.070250480673691      -1.02942714440293
                 398000      1.948715297623855    0.02002096039604954      1.124190153299221    -0.9805019049589438
                 399000      1.927278858411467    0.02001614370849665        1.1026648681752     -1.000075571388437
                 400000      1.999961453935662    0.02001268951721539     0.7628087639923541     -1.368725930083818
                 401000      1.780433293190411    0.02001014937925645      0.548799340662928     -1.698127352411246
                 402000      1.924084905519494    0.02000512780011877        1.1600225099869    -0.9499165214333557
                 403000      1.813966986996233    0.02000229803682537     0.6169064871714203     -1.581535220490884
                 404000      2.114563698759155    0.01999942792753599     0.6267775387503651      -1.56580449663796
                 405000      1.724481168839494     0.0199971390965527     0.4931939237406049     -1.805608171912018
                 406000       2.35408897772079    0.01999045433613443      1.636666162728418    -0.6064283405642374
                 407000      2.282503637427579    0.01998565314480619      1.108078165498054    -0.9967027565260326
                 408000      2.327687255117278     0.0199806090429695      1.174195663852867    -0.9389989350463112
                 409000      2.341366904966484    0.01997456430534738      1.454834560820307    -0.7249926925501678
                 410000      2.677518404888555    0.01996506563869888      7.451659468302754     0.9080762209862107
                 411000       2.66292668474141    0.01995570731211515      7.520651637225754     0.9168234091021582
                 412000      2.720720765678433    0.01994414284658056      6.209340434668158     0.7246456264635293
                 413000      2.724112219381111    0.01993244659283853      6.040519591778176     0.6964943571433827
                 414000       1.85299131008222    0.01992913516110417     0.7528567789777231     -1.386042092595566
                 415000      2.252979330249532    0.01992528599263124     0.8886841345438536     -1.220368395020677
                 416000      2.690328592195538    0.01991585907740237      7.476719533492739     0.9089659214318906
                 417000       2.57234677731479     0.0199043981581611      4.006466115349646     0.2845057428424385
                 418000      2.666270032878221    0.01989541108826791      7.665086007109227     0.9328202773556186
                 419000      2.660394362833178    0.01988640541899089      7.667279502663463      0.932653650480716
                 420000      2.674233784315497    0.01987752238628336      7.730392625121633     0.9404046564755606
                 421000      2.733781584028421    0.01986567958342741      5.426703686127031     0.5859809301996812
                 422000      2.645225180199504    0.01985597632997127       7.34502834354891     0.8881841426636441
                 423000      2.709620707566708     0.0198456362886491      6.985367279941348     0.8374571589827187
                 424000      2.629980252454594    0.01983465494800488      6.511289038254578     0.7666235410429209
                 425000      2.675786626601438    0.01982584927121194      7.775247917338183     0.9435873868091397
                 426000      2.526452406036163    0.01981425272010127      4.719852554021802     0.4438345114252834
                 427000      2.721193371643136    0.01980321495765939      6.393827533045981     0.7468328109213854
                 428000      2.578544760565423    0.01979221305210436      4.006806208578818     0.2789384851915092
                 429000      2.504073447772734    0.01978066143658788      4.967050777167457     0.4931864620567112
                 430000       2.38383392962284    0.01977287187487509      2.236578607605553    -0.3050863804341228
                 431000      2.567446517243098    0.01976195073757075      4.027227125430111     0.2824919276939315
                 432000      2.431611544981277    0.01975217924538238      3.199096691259889    0.05178775055097232
                 433000      2.468516002672246    0.01974108632786024      4.300810505360602     0.3471609966318622
                 434000      2.669470724749499    0.01973249934019721      7.797869611337487     0.9417729965789928
                 435000      2.499500888235815    0.01972115504147169      4.980139589477451     0.4928052779791348
                 436000      2.621725225158284    0.01971003243306688      5.926229167147428     0.6661713243308471
                 437000      2.627825084868441    0.01969929341060867      6.383613701355964     0.7399725532742438
                 438000      2.619917705534312    0.01968819745047518      5.853413362626697     0.6526997516680684
                 439000      2.727928891519923    0.01967714103979144      5.863165259203399     0.6538026508646175
                 440000      2.683289046518795     0.0196681960740928      7.593072349782111     0.9118946551412573
                 441000      2.731937488112184    0.01965709632980358      5.599572786571457     0.6067841539946738
                 442000      2.535259256484383    0.01964620866334375      4.512971917072474     0.3904957122874792
                 443000      2.718473677189074    0.01963578698109379      6.538705176865261     0.7607483662075814
                 444000      2.475993150830031    0.01962499694806314       4.47569269692247     0.3811206782897056
                 445000      2.275815991934187    0.01962078337624112      1.127925835632149    -0.9973747790873966
                 446000      2.460625132731109    0.01961031797789597      4.116190094375066     0.2966392940995715
                 447000      2.711704798994107    0.01960042131750161      6.906601714734812     0.8136842240159531
                 448000      2.744406571402909    0.01958965621351113      4.646794404517989     0.4168347269980908
                 449000      2.378084916677977    0.01958261464150456      2.138692150726257    -0.3595079000082019
                 450000      2.607882246770627    0.01957177614410288       5.03884928051198     0.4969217122369238
                 451000      2.579507388310694    0.01956155108012985      4.033557939401966     0.2738702476548806
                 452000      2.518273997002899    0.01955081869945601       4.88972607467456     0.4658088850112542
                 453000      2.507793766878816    0.01954008865803258      5.024739472891221     0.4924972280510963
                 454000      2.540798127885123    0.01952962350130105      4.466241181876904       0.37413506047618
                 455000      2.465794475899399    0.01951930866091682      4.297120767945209     0.3350048107492535
                 456000      2.545715103002477    0.01950895319169138       4.40067295440527     0.3582864094239026
                 457000      2.529298305629599    0.01949841849112668      4.815763701382502     0.4478834385146521
                 458000      2.677946775563146    0.01948992912887117        7.6439037243315     0.9094617463747598
                 459000      1.905327056734553    0.01948599150456921      1.100869621366526        -1.028548306844
                 460000      2.048857166748359    0.01948302694835881     0.8043779226941864     -1.342486955727646
                 461000      1.802373492956054    0.01948047386264363     0.6848247345729912     -1.503524274101253
                 462000      2.202733954688268    0.01947819679657307     0.6063342089962777     -1.625372780142522
                 463000      1.744808126337625    0.01947609526856381     0.5571391335592993      -1.71009701162297
                 464000      2.646883826691888    0.01946702893471311      7.259899206179275     0.8567435937246812
                 465000      2.705980478876204     0.0194576584745123      7.033092156263023      0.824522642892622
                 466000      2.435640860794377    0.01944863961661865      3.341752497068044    0.07992793190877129
                 467000      2.687343993507969    0.01943995247551296      7.482868965030154     0.8856020620558862
                 468000      2.451550879537666    0.01943031015300913      3.886740696795784     0.2300606028998235
                 469000      2.502719105328794    0.01941999058199705       4.97194417882021     0.4757693621545329
                 470000       2.46714834802347    0.01941000441526225      4.348252772712869     0.3412181654000858
                 471000      2.459266036136447     0.0194001664830058      4.194529484137878     0.3047182579258867
                 472000      2.503269716813911    0.01938992959312972      5.030309869581611     0.4858908624388132
                 473000      2.457864132348553     0.0193801455928869      4.204934013367484     0.3061631576254223
                 474000      2.525260706048067    0.01937001303720223      4.877467184749607     0.4540076538674071
                 475000      2.622630505641319    0.01935996346353822      5.914214293304874     0.6462212881024014
                 476000      2.694693258193956    0.01935128019687998      7.358841189607344     0.8643164883911629
                 477000      2.704408846166489    0.01934231679340403      7.147716872708221     0.8347437006727342
                 478000      2.517044328726079    0.01933226597695441      5.034787010916197     0.4838021736145778
                 479000      2.388482442142282    0.01932564118139708      2.223551873502635    -0.3338059290846564
                 480000      2.484979109253624    0.01931569287204882      4.855954094259625     0.4467789057852799
                 481000       2.67249823321926     0.0193074518892112      7.604908243244576     0.8949404277363029
                 482000      2.638181216341009    0.01929826393452896      6.874996419033886     0.7935617007487439
                 483000      2.460852210562269    0.01928870138828809      4.310266888304781     0.3261747672064731
                 484000       2.52277177543902    0.01927883159853239      4.990374777565308     0.4721741360557121
                 485000      2.462603755894002    0.01926927071414527      4.392301509047135     0.3440204252805579
                 486000      2.639839483935501    0.01926029517542674      6.986341337079006     0.8076581752085727
                 487000      2.517582582018561    0.01925048678747775      5.116082268734719     0.4955807501157281
                 488000      2.595064613354815    0.01924107017939452      4.313721189831629     0.3245034208231026
                 489000      2.361844440378035    0.01923544704262372      1.872844204044518    -0.5101315450836955
                 490000      2.428177247371766     0.0192272445115086      3.231531127819564     0.0349397542751398
                 491000      2.580760514916125    0.01921817003488662      3.980763133743936     0.2429851683456923
                 492000      2.642945604839229    0.01920949671388709      7.139222578654246     0.8266641029241191
                 493000      2.695938829054474     0.0192010735441136      7.334917715774024     0.8532678225097404
                 494000       2.65744132142069    0.01919298938300125      7.580255802808944     0.8857474599884066
                 495000      2.550822879403164    0.01918376372935635      4.300836174627258     0.3185291829715853
                 496000      2.689683679453553    0.01917557863299459      7.490939187595262     0.8729871428737656
                 497000      2.450037177938048    0.01916661365991319       4.04763049626382     0.2569569785911252
                 498000      2.417012778459103    0.01915914481258103      2.886582155115142   -0.08149126771575069
                 499000      2.383787202663158    0.01915295353226889      2.209052503692038     -0.349323934800795
                 500000       2.31668277982922    0.01914936767920628      1.139638353466722     -1.011363888227196
                 501000      2.491829322141484    0.01913991334769827      5.047845375405017     0.4763927904110307
                 502000      2.660519301357759    0.01913204882038389      7.651839399182636     0.8919663786324626
                 503000      2.497400247052116    0.01912262468920305      5.162749324668029     0.4979968629759561
                 504000      2.591429111127344     0.0191136737570108      4.216816191307208     0.2951398064680005
                 505000      2.470916934361823    0.01910446565067722      4.667281384749121     0.3961543067785518
                 506000      2.639652338557899     0.0190959336095101      7.052444490570016     0.8085051431145283
                 507000       2.67666158444873    0.01908816944476655      7.676073848451791     0.8928323789187773
                 508000      2.435037570539818    0.01907993263990821      3.589589829880442     0.1323305158462344
                 509000      2.618538300127101    0.01907066728488517      5.744308949831447     0.6020164649497134
                 510000      2.623341951202558    0.01906153393067068      6.103138933979229     0.6621310299840945
                 511000      2.681285758082571    0.01905376979605218      7.639152415614458     0.8862070659890908
                 512000      2.598009364095941    0.01904481338261575      4.543327416350849     0.3661098935960324
                 513000      2.451142911112759     0.0190361266751217      4.182273747104636     0.2828490728000254
                 514000       2.51964850125675    0.01902700583236021      5.080160733562729     0.4768576689217924
                 515000       2.67503867269483    0.01901941183178097      7.720029734244928     0.8949337863615734
                 516000      2.643950227654602    0.01901132792730856      7.324589467208432     0.8419275538844183
                 517000      2.679848284454055    0.01900373064223875      7.715359782202476     0.8935038661052629
                 518000      2.492036312573525    0.01899470203161759      5.109297865518394     0.4808775283866117
                 519000      2.526743472771086    0.01898574093039207      4.958849113786713     0.4505173381496091
                 520000      2.627915801885274    0.01897698423023546       6.44093664759325     0.7115562980692889
                 521000       2.65790170904631    0.01896946022053088      7.734155147179523     0.8941320203361228
                 522000      2.687724701353802    0.01896177510806549      7.606940427070811     0.8771415987197052
                 523000      2.654642864811056    0.01895422355057968      7.711190726827489     0.8903548380590911
                 524000      2.661373353214412    0.01894684567263898      7.843302660122834     0.9069529035083523
                 525000      2.696560319678305     0.0189389690055423      7.432629351793294     0.8527567685650388
                 526000      2.675955911911895    0.01893160671317638      7.853985488885288     0.9075093844977264
                 527000      2.645920153701798    0.01892384782976638      7.529178541294629     0.8648642987896694
                 528000      2.632624501060177    0.01891546659101766      6.846517055625507     0.7693754272687106
                 529000      2.406731630951641    0.01890918694862001       2.57805831436976    -0.2076601520535396
                 530000      2.661262362652457     0.0189019420035499      7.923254200269747     0.9147221113846121
                 531000      2.518339595115313    0.01889321945398118      5.107986913756362     0.4752639126810287
                 532000      2.449857206659992    0.01888507752008907      4.096531727829854     0.2541681944602284
                 533000      2.549189660046054    0.01887678784864684      4.315518429395033     0.3058059120659711
                 534000       2.54428509623111    0.01886840336742407      4.492994459898817     0.3456635783949484
                 535000      2.694842513986779    0.01886073169567379      7.501546472930373     0.8578467060731867
                 536000       2.76235872038959    0.01885441147393048      2.677435781492736    -0.1727381067127396
                 537000      2.632247116113087     0.0188462174029171       6.88186677492891     0.7708576119612927
                 538000      2.673693228582961    0.01883910560356655      7.950633870899479     0.9148418902042225
                 539000      2.564448564999904    0.01883115375812371      4.051963230739474     0.2403695629045081
                 540000      2.578575549378906    0.01882328834155604      3.975453611557939      0.220889140289363
                 541000      2.715942551649894    0.01881498623879099      6.596453722954692     0.7268413203506604
                 542000      2.517038062413949    0.01880649164045689       5.17454375807992     0.4836087206107758
                 543000      2.699575451618089    0.01879885312489161      7.424601700667262      0.844250342000006
                 544000      2.388921519821182    0.01879337169564708      2.267661502980943    -0.3420911983336896
                 545000       2.61334046757379    0.01878488701860678      5.517802273786105     0.5466877445422487
