#! FIELDS time e sigma_e height
#! SET action OPES_METAD_state
#! SET biasfactor       1.927441707340398
#! SET epsilon     0.01821196306674905
#! SET kernel_cutoff       2.830433390657354
#! SET compression_threshold                       1
#! SET zed       0.149991405064078
#! SET sum_weights       778.6859534600176
#! SET sum_weights2       1370.473336299591
#! SET counter  546
                      0      2.701633390596744    0.02699506425932283      488.4655293838139
                      0      2.508901095187558    0.02745078554795794      284.4021250525093
                      0      2.653638671167327    0.02864709055411047      653.3328958980976
                      0      2.289979975917197    0.03119163514011615      11.57477203788927
                      0       1.91172973509098    0.03097779183518296      9.179808584145146
                      0      1.801737292331192    0.02655313521598504      2.981172158723946
                      0      2.381909042137997    0.02458159796831488      44.09402817060347
                      0      2.455742290456675    0.02851002831887664      174.8272904959488
                      0      2.575339084456456    0.02750681910165057      152.8512046217641
                      0      1.959177263676764    0.02778148162169086      8.906890097927731
                      0      2.156550375867537    0.02625615326133827        2.4658977068963
                      0      2.050546952271255    0.02520298768574233      4.806262561208627
                      0      2.734851263408706    0.02371621949452336      98.13075985632679
                      0       1.45616187632785    0.02750585495596505     0.3174306103483499
                      0      2.114551091159555    0.02269176490307532       1.57800587089719
                      0      1.591479218653255    0.02248839102033208      1.360949112939327
                      0      1.856536258253349    0.02252969909961493      2.166258071609311
                      0      1.746415616210599    0.02073966291710412     0.9832200825372694
                      0      1.698869783624013    0.02208312093134173     0.4006030877662405
                      0      2.202279668244539    0.02234681686735654      1.693188647759466
                      0      2.619746899681255    0.02201869131489456      85.07928247590576
                      0      2.788400141989872    0.02097285109833998     0.9470091175817993
                      0      2.416934968176927     0.0212615780222474      16.25696448489823
                      0      2.540107584261365    0.02095535857713372      48.61772986598371
                      0      2.352710291180976    0.02114073717872331      6.353458079267495
                      0      1.999961453935662    0.02001268951721539     0.7628087639923541
                      0      1.724481168839494     0.0199971390965527     0.4931939237406049
                      0      2.322267193866482    0.02033401753119878      2.313834017319589
                      0      2.252979330249532    0.01992528599263124     0.8886841345438536
                      0       2.76235872038959    0.01885441147393048      2.677435781492736
