#! FIELDS time e sigma_e height logweight
#! SET action OPES_METAD_kernels
#! SET biasfactor       5.011348439085033
#! SET epsilon    0.001910020759284688
#! SET kernel_cutoff       3.538542402811424
#! SET compression_threshold                       1
                   1000      2.526378896664663    0.06321896844457647   0.006322704301097473     -5.011348439085033
                   2000      2.669956598022842    0.06049415591198776     0.1260510664567726     -2.062865963145851
                   3000      2.577085874675551    0.05407948004420892     0.7552344799654789    -0.3846167535598882
                   4000      2.661861385976148    0.05028351804055689     0.8274614905301458    -0.3660599219004418
                   5000      2.388487772804017    0.05022161960194235   0.009311943972295532     -4.854356363606444
                   6000      2.431823871422822    0.04966897539427227    0.08988591595339988      -2.59817807483145
                   7000      2.130798646908877    0.04961832157702501   0.008055791308357169     -5.011348439085033
                   8000      2.335864198056174    0.04911510024695439    0.08622228576268837     -2.651004633228409
                   9000      2.431815928906903    0.04730531730333011     0.4517783166675675     -1.032285525791878
                  10000      2.168614555820613    0.04712504129131471    0.03782284344539475     -3.516382075180578
                  11000      2.016410339862892    0.04706938343956452    0.01161825292634974     -4.697899695127593
                  12000      1.918194870902399    0.04698889698552563    0.01696846465565822     -4.320831900632419
                  13000      1.750894344728366    0.04694853360757968   0.008513894108738181     -5.011348439085033
                  14000      2.045524023398792     0.0465507879644056    0.09035018307239698     -2.657862867060666
                  15000      1.565089814951567    0.04651177540909398   0.008593841885840309     -5.011348439085033
                  16000      2.403107151815386    0.04571272223029708       1.77107487314714      0.299618717953845
                  17000      2.708716697818682     0.0442047425146147      1.485841939744965    0.09046909219961713
                  18000      2.431495881389862    0.04436677527676335      3.083015881613519     0.8240546227602759
                  19000       2.48318640779658    0.04320349016707883      2.613107883959088     0.6321169937487828
                  20000      2.624358507704794    0.04214379554288033      1.395360922906533   -0.02010398015893112
                  21000      2.708650996056277    0.04114076879607156       1.92001471365079     0.2749878585115763
                  22000      2.747421170228913    0.04027099989958047      1.851651616783874     0.2173650488617453
                  23000      1.859597956307206    0.04025244862108054     0.0229984791415088     -4.171500914423092
                  24000      1.864454698832718    0.04020742302793101    0.05650861162397595     -3.273655165527929
                  25000      1.747232829904295    0.04018662793484171    0.02598908709207269     -4.050888816669092
                  26000      1.965742605555659    0.04013365862598869    0.06719281114882891     -3.102318226877042
                  27000      1.631154474052419    0.04011996947858614     0.0172055174386085      -4.46499552516935
                  28000      2.266078053832917    0.04005381976705487    0.08501117746625879     -2.869093049832051
                  29000      2.212279882673063     0.0399680853979038      0.111937569860336     -2.596077266684426
                  30000       1.92103510287126    0.03986066044249575     0.1430132232255349     -2.353772861409325
                  31000       2.10306852196812    0.03976908441784471     0.1226612918109358     -2.509583172397464
