#! FIELDS time e sigma_e height logweight
#! SET action OPES_METAD_kernels
#! SET biasfactor       5.011348439085033
#! SET epsilon    0.001910020759284688
#! SET kernel_cutoff       3.538542402811424
#! SET compression_threshold                       1
                   1000      2.536556346356471    0.06321896844457647   0.006322704301097473     -5.011348439085033
                   2000      2.703009651804746    0.06177232945602987    0.06067369533758112     -2.773134071526917
                   3000      2.530922574902441    0.05699562353238495     0.3115460854766351     -1.217578082211104
                   4000      2.738878600220747    0.05315922855920915     0.3955466884989793     -1.048539289599735
                   5000      2.370492553311828    0.05272215474300134    0.04199426241394492     -3.299531080632521
                   6000      2.210019964028604    0.05260542151790196    0.01122938149935316     -4.620746964603533
                   7000      1.728642063601505    0.05252676702940581   0.007609736260213743     -5.011348439085033
                   8000      1.716067463999412    0.05161618332510388    0.09860892457135864     -2.467102817150313
                   9000      1.898154771311545    0.05153791524066348   0.008277367855883521     -4.946257060087611
                  10000      2.038537486006304    0.05142507111080974    0.01206883183517196     -4.571347774938638
                  11000      2.346703675493356    0.04888039436979967     0.4546766428941562    -0.9931369669076244
                  12000      2.074550707679629     0.0481658666341865     0.1139492168506699     -2.391696349205923
                  13000      2.022241423250404    0.04616501397822553     0.5701806775388368    -0.8239243144513633
                  14000      1.866079364922803    0.04573889680963736    0.09126112315373959     -2.665425889013942
                  15000      1.805651957842177    0.04447500210153694     0.3841494219163783     -1.256140963926004
                  16000      1.973653237115054    0.04386706162598748      1.421126200124424    0.03826882754818012
                  17000      2.512216326574803    0.04261916518256498      0.826368709140505    -0.5327547491548273
                  18000      2.443611791689901    0.04155239126631011     0.9923722462802399     -0.375046484859843
                  19000      2.656486891033362    0.04084639333449572     0.4698528203862705     -1.139861816712602
                  20000      2.692245838548051     0.0401072388449577       1.31902225274513    -0.1258969798628227
                  21000      2.805588939092635    0.03961901699347224     0.3909023911438796     -1.354332721305904
                  22000      2.724942914307763    0.03993081222040851      2.436919664245809     0.4835385088328278
                  23000      2.588249444943623     0.0392807872045007     0.8127796506142025    -0.6309042767139885
                  24000       2.39085999202715    0.03862040718954875      1.088037092428812    -0.3561885016297068
                  25000      2.645138190433803    0.03819507544315554      2.054543629880095       0.26841577534754
                  26000      2.300241315575072    0.03783664977828276     0.5182504795407304     -1.118362960831685
                  27000      2.567035450401923    0.03731979958285796      1.687549120122157    0.04845669506982621
                  28000      2.473061517297765    0.03683224144313412      1.657384859642337    0.01726999993625013
                  29000      2.693967135910688    0.03705491280484914      3.445461150441644     0.7551141363535447
                  30000      2.661436348452037    0.03718692556709117      3.914378932096122     0.8862693528533055
                  31000      1.535496071870358     0.0371814202731728    0.01079185062530561     -5.007499382149909
