#! FIELDS time e sigma_e height logweight
#! SET action OPES_METAD_kernels
#! SET biasfactor       4.240371756148875
#! SET epsilon    0.003891431002318289
#! SET kernel_cutoff        3.33135957893421
#! SET compression_threshold                       1
                   1000      2.688354931670845    0.06284082615044533    0.01375115918422312     -4.240371756148875
                   2000      2.524128558564173    0.06119052280727667    0.07232726303592868     -2.606906379579154
                   3000      2.202846276122835    0.06087620691874694     0.0141949416266399     -4.240371756148875
                   4000      2.671829841793266    0.05452623428231692     0.6482784030619312    -0.5290976539340465
                   5000       2.75466325995488    0.05053597073126513      1.029684172700736    -0.1424070610163636
                   6000      2.339864867594554    0.05036872203256997    0.02585614982024559     -3.830180976636165
                   7000      2.297079812970326    0.04962991869854926     0.1265185079630725     -2.257117384283485
                   8000      2.526780804559815    0.04807262304256085     0.3447316598246271     -1.286620676864084
                   9000      2.680121129134075    0.04715698604149527      1.986186128124552     0.4453538835258955
                  10000      2.690167627219475    0.04644555302635675      2.835153456515122     0.7860322266671276
                  11000      2.556937280774913    0.04560459660756835     0.4786837263697158     -1.011051226613485
                  12000      2.398846216651988     0.0454575101328283    0.07764843850647857     -2.833130354774734
                  13000      2.508509840081704    0.04443959930798511     0.7085131224875292    -0.6448003124794797
                  14000      1.867554754321452    0.04440649101592008    0.01945963718126401     -4.240371756148875
                  15000      1.672208835444861    0.04437346958726781     0.0194741184698979     -4.240371756148875
                  16000      2.634933466668448    0.04335342220453758      2.841922063061395     0.7195216875035494
                  17000      2.590221254214549    0.04217622694807092      1.982334891930378     0.3317875459198202
                  18000      2.386090009322679    0.04200784364073507     0.1670052080583942     -2.146218489097379
                  19000      2.753515612633595    0.04105849782916587      1.644633617545939     0.1181708984394903
                  20000      2.524158302221601    0.04031105320568922      1.269141525917221    -0.1593781497222027
                  21000      2.403558410581529    0.04009423890975927     0.2900821139018255     -1.640703151012429
                  22000      2.625988737511166    0.03945176462150048      2.935936944972802     0.6577608486661731
                  23000      2.133406937748491    0.03943073334713814    0.03143640648096459     -3.879587631428299
                  24000      2.458356806283454    0.03901430685774631     0.7798871825465938    -0.6790221483767259
                  25000      1.940343357292751    0.03899562915302099    0.02951253622993323     -3.953835144330669
                  26000       1.85421710115884    0.03896276038119217     0.0523843657846375     -3.380885329347117
                  27000      1.811309845635195    0.03891768701135565    0.07252227729778368     -3.056757227225028
                  28000      2.735865466803894    0.03837280316364162      3.063810350109328     0.6726637492808385
                  29000      1.968008864292622     0.0383429505865051    0.05542169754356688     -3.340557978621685
                  30000      1.580411119608428    0.03832890486271544    0.02596664038006026     -4.099082881616218
                  31000      2.063917189329871     0.0383082585115121     0.0383571826169269     -3.709492539868357
                  32000      1.864485757758039    0.03822946169915491     0.1512052661125088     -2.339855082256797
                  33000      2.530656826337943    0.03765480499083398      2.354762603455757     0.3905559235397832
                  34000      2.702505285490362    0.03748872226394807       4.44754384659546      1.022047585110357
                  35000      2.375877600398036    0.03731372651645507     0.4663966958413428     -1.237702028505902
                  36000      2.432847249166454    0.03700123674172134     0.9671333796623532    -0.5168120863265656
                  37000       2.76842810981726    0.03653916033670835      3.024316710595773     0.6107251943458828
                  38000      2.230566616774853    0.03650561830487813     0.0967076650533986      -2.83294100065969
                  39000      2.708103809688542    0.03643041624272471      5.247531367286419      1.158817224818369
                  40000      2.553142715010323    0.03600083113874045      2.588030743069768     0.4400947188069827
                  41000      2.651495498043666    0.03569211311083956      4.482938471354937     0.9808639210891229
                  42000      2.708813539593765    0.03551759716579877      5.569366856883279      1.192965083514216
                  43000       2.15451028308728    0.03550236467143488    0.06571927649653378     -3.247108252247884
                  44000      2.646866253082389    0.03519630450491129      4.851162586746071      1.045814914045953
                  45000      2.750941358038654    0.03485702208173733       4.26211062518473     0.9066745386483929
                  46000       2.69170051489983    0.03466152895246898       6.01371935709575      1.245329252518768
                  47000      2.630143456707061    0.03434839146994682      4.529132908482269     0.9527411379342492
                  48000      2.553905453313445    0.03408574780535306       2.33250444534551     0.2814773413447808
                  49000      2.311355174619861     0.0340574946567242     0.1821757433214613     -2.269077881627466
                  50000      2.469963452282412    0.03391095000218089      1.092907786343335    -0.4817647529236264
                  51000      2.682039051852066    0.03372846643818898      6.230602355303981      1.253470634376847
                  52000      2.438288262968213    0.03360959282403166     0.9514514274856143    -0.6292996771940707
                  53000      2.305583853958399    0.03357970516642236     0.2184733136353781     -2.101514096943687
                  54000      2.428001874096688     0.0334530053028882      1.052788532634249    -0.5327605457783184
                  55000      2.426458351873801    0.03330958946612381      1.253890174463621    -0.3622483765331871
                  56000      2.474397647092926    0.03314058308242992      1.599139191591121    -0.1241204766439164
                  57000      2.662510454482162    0.03296011003223512      6.078468853179085      1.205706312074273
                  58000      2.546132246240581     0.0327649281939144      2.246563975883604     0.2044160458662716
                  59000      2.196655641123037    0.03275486050501911    0.08573296091260797     -3.061811118025229
                  60000      2.022999748164042    0.03274913082531369    0.04861511646463768     -3.629288898249165
                  61000      2.320564773722621    0.03271478034540502     0.3019934201931351     -1.803867637393506
                  62000      1.982409384259399    0.03270618702435844     0.0735720651236583     -3.216270171823064
                  63000      2.505995177508881    0.03252353586530936      2.159325409416886     0.1574153079543596
                  64000      2.592943909269048     0.0323043304549758      3.443643071648459     0.6173866722954362
                  65000       2.26519825919379    0.03228333363544549     0.1969792937773754     -2.244450115176471
                  66000      2.305708533471917    0.03224587373853527     0.3605488605877509     -1.641082269088343
                  67000      2.663223932631813    0.03210413701136025      6.443125966348993      1.237654159318192
                  68000       1.95467573383337     0.0320946928754029    0.09362829810526171     -2.994076487745869
                  69000      1.665795077539561    0.03209091737051826    0.03720501277627954     -3.917083294813142
                  70000      1.922156829687325    0.03208021027036277     0.1065276933434216     -2.865455520924168
                  71000      1.802888643629573    0.03207141638763595     0.0874062026830351     -3.063568413916092
                  72000      1.965348407700503     0.0320568683673399     0.1458958395640452     -2.551695439709599
                  73000      1.868893795228457    0.03204306356542985     0.1385961678058515     -2.603454669611401
                  74000      1.970289339780449    0.03202462016231427     0.1867141498861245     -2.306016017049957
                  75000      1.945398550499109    0.03200200293325063     0.2309265375301075     -2.094201708106473
                  76000      1.975316861212641    0.03197469240903793     0.2816587455432406     -1.896458897556649
                  77000      1.564522143456831    0.03197076538853136    0.03937650754471599     -3.864108554320122
                  78000      1.725120941144649    0.03196669055968297    0.04088935963277673      -3.82653552702333
                  79000      1.892851949761255    0.03194684975584159     0.2035304447749201     -2.222210664966715
                  80000      1.810727199796142     0.0319328401261811     0.1429696683440289     -2.575832391635995
                  81000       2.05673943856627    0.03192556066323382    0.07376017440083606     -3.237873933871073
                  82000      2.071134839698225    0.03191674020647177    0.08965420346259331     -3.043009111262942
                  83000      2.217180063619617    0.03190177477793119      0.153597386099337     -2.505103394302891
                  84000      2.377683655625909     0.0318355063631126     0.7385115959043548     -0.936880818182381
                  85000      2.373057809610062    0.03176288158148613     0.8280737940540595    -0.8246992053776383
                  86000       2.66879671381108    0.03167960867562939      7.343590741089417      1.355156577026686
                  87000      2.665947026889309    0.03159664898812074      7.656091805228646      1.394208153425225
                  88000      1.850383724968534    0.03157841467599105     0.2169356001641591     -2.170025497832971
                  89000      1.662132215612917    0.03157374273121642    0.05464104758918474     -3.548988604601241
                  90000       2.08547217250632    0.03156507126458467     0.1020693901113939     -2.924395794480072
                  91000      2.070958486801754      0.031552884147559     0.1443704537028017     -2.578052249982699
                  92000      1.793283294971833    0.03153966887371304     0.1570691332508753     -2.494167710733487
                  93000      2.108952817175199    0.03152840326999349     0.1337724579300071     -2.655070729103055
                  94000      1.903519687002213    0.03150510783476469     0.2821624867499317     -1.909467055882815
                  95000      2.308198206720951    0.03146735735870171       0.46969071492524     -1.401074682261637
                  96000      2.075214525579543    0.03145009186592845     0.2091270294873072     -2.210756073125582
                  97000      2.582823934341707    0.03127857162869638      3.293500974793434     0.5405398134416397
                  98000      2.675007764495977    0.03121643285666664      8.180475764202068      1.448350398868813
                  99000      2.693957517505055    0.03111768833263172       7.83379848165583       1.40187936331453
                 100000      2.499378349700144    0.03100122581121466      2.045240923492606    0.05519777733294064
                 101000       2.34272226846181    0.03095911956825847     0.6297590107300075     -1.124095007050476
                 102000      2.515273161536521    0.03082766939217265      2.547594611224556     0.2692177056418639
                 103000      1.969372984554712    0.03080548994584185     0.3299244161985249     -1.775543335709806
                 104000      1.698596381643489    0.03080095683285393    0.06565171044832198     -3.390190431247014
                 105000      1.992459868481368    0.03077979037064925     0.3155987398926429     -1.820769927158754
                 106000      1.872896747284919    0.03075928840663322      0.306338024370148     -1.851218683484303
                 107000      2.239893727497552    0.03074463954343303     0.2173265957099726     -2.194982914495155
                 108000      2.714276349971553    0.03060928002373609        6.6839483896929      1.226667558742202
                 109000      1.686600499151228    0.03060350726377968    0.08849868947435073     -3.097997478645665
                 110000      1.969489002740268    0.03057562870011928     0.4452793435368393     -1.483194773781392
                 111000      2.147288246498003    0.03056821727934473     0.1145284264505448     -2.841315964894422
                 112000      1.753904049176475    0.03056175320445051    0.09983633083791706     -2.978818355771591
                 113000      2.465267073051737    0.03046014505276707      1.975413714880874   0.002852399612472245
                 114000      2.512970370550104    0.03033242332406951      2.876237472192821     0.3743556616247656
                 115000      2.555217936162403      0.030201209817065      3.165681054250922      0.465905636989315
                 116000      2.179100922894436    0.03019185570614507     0.1553479819569323     -2.548859986342773
                 117000      1.472831905083683    0.03019007927214443    0.02913196208318745     -4.222750546911199
                 118000      1.651546981285564    0.03018427904753359    0.09585049961242392     -3.031988931783865
                 119000      1.819824909351455    0.03016868967244496      0.262716037239394     -2.024221477889017
                 120000      1.882144351416482    0.03014600946758253     0.3886561981636925     -1.633352139277422
                 121000       1.96745319202596    0.03011459450158745     0.5504239909199955     -1.286401045973874
                 122000      2.159875831977131    0.03010330287761391     0.1907899679993801     -2.346291766303753
                 123000      2.449790366497129    0.03000677961701634      2.062054828358085    0.03078175627630611
                 124000      2.527480038063145    0.02987546244406904      3.639514559388803     0.5945432371589187
                 125000       1.95771704842456    0.02984173644055245     0.6267426525446359     -1.165655861988433
                 126000      2.051296575879355    0.02982878508951975     0.2311625351706906     -2.163504892755869
                 127000      2.146379083311197    0.02981625553632928     0.2238960304218185     -2.195864314419445
                 128000      2.089936625006278    0.02980081966161315     0.2780698531083671      -1.97969159034633
                 129000      2.670565258052721    0.02975012468855618      8.614020419329732      1.451879918083579
                 130000      2.271300218189958    0.02973086055051275     0.3666273398058477     -1.705568349795158
                 131000      2.741954300318427    0.02959995119470781      4.584895923462172     0.8161955563759671
                 132000      2.644029873087708    0.02950201529819809      7.373220312492139      1.287968573528146
                 133000      2.776378494384522    0.02941030379621049      2.390656781055903     0.1585686519622451
                 134000      2.198396703710881    0.02939887163548128     0.2339900936073823     -2.165864767891295
                 135000      2.660413006674704    0.02934061289904441      8.740133576497204      1.452553572715272
                 136000      2.674202876078911    0.02929132077686479      9.235736746479768      1.506027078806072
                 137000      2.038538112367908    0.02927929603178775     0.2678283838723038     -2.034872778322126
                 138000      1.881546058886514    0.02926185151564541     0.3943301656769769      -1.64862662723044
                 139000      1.650893185071649    0.02925692702068933      0.108439677307165     -2.939789425491006
                 140000      2.036260738682375    0.02924295313390865     0.3144174299709865     -1.875739717193354
                 141000      1.812513302647249    0.02923119823089719     0.2637097471995281     -2.052014213842768
                 142000      1.695594788227541    0.02922554705728067      0.125250741043543     -2.796738958746517
                 143000      1.911136243615323    0.02920607717684605      0.446245381339129     -1.526854047989795
                 144000      1.967114483922149    0.02917886850022704     0.6382022789894927     -1.169999790610747
                 145000      2.183678110936714    0.02916705981453436     0.2677413792635403     -2.039038345396203
                 146000      2.623054719048578    0.02905211179611246      6.039743245204894      1.073108115623818
                 147000      2.455457057266311    0.02898212323073713      1.977488583372136   -0.04583771525262387
                 148000      2.447597012903562    0.02891167863483568      2.028035899138271    -0.0230311564035667
                 149000      2.407695151628846    0.02886320330176528      1.298892402994942    -0.4702651169036819
                 150000      2.637139620237057     0.0287777535558792      7.837665302432747       1.32419907740938
                 151000      2.232925601722455    0.02876622413444058     0.2893216587402412     -1.975358840206539
                 152000      2.539124600179364    0.02867578556668255      3.176065385308782     0.4173516264300154
                 153000      2.552345830466444    0.02858486921270002      3.311280120301942     0.4558678250178722
                 154000      2.525299585302646    0.02849190097260944      3.582064742558582     0.5312146861583822
                 155000      2.400304143088336    0.02844932321993551      1.249636274509025    -0.5233676617572578
                 156000       2.39040881598367    0.02840839469265581      1.204181290768805     -0.561859963683041
                 157000      1.711755137285602    0.02840356635288839     0.1279074602301186     -2.804278092614346
                 158000       2.10807954106307    0.02839361543019961     0.2675110355895536     -2.066774710080647
                 159000      1.952825329751197    0.02837000825011223     0.6617897134480443     -1.161819449506689
                 160000      2.715785752382039    0.02827538134071934      6.512203401858883      1.121324809682024
                 161000       2.44056016746511    0.02821371729096143      2.089758843002064    -0.0174876005928377
                 162000      2.470866535555575    0.02814285438315626      2.580110471631634     0.1907811358788475
                 163000      2.502329853544691    0.02806080537128596      3.357725189481485     0.4512929315456212
                 164000       2.24136463550368    0.02804948242313003     0.3300092050062561     -1.869009113314246
                 165000      2.728134468361711    0.02795698963744515      5.732457397507227     0.9824669865637523
                 166000      2.640249176041053    0.02788630405493213       7.94042302230316      1.305757663196828
                 167000      2.252419850317187    0.02787418340498783     0.3748541039035846     -1.747862012730105
                 168000      2.526545248188071    0.02779174623996691       3.87555801480879     0.5850841728080624
                 169000      2.719606263866217    0.02770714073969368      6.510005643953951      1.100685929372972
                 170000      2.355779924750791    0.02768474304049913     0.7518724166894725     -1.058651721616199
                 171000      2.706673137125168    0.02761661483001331      7.987344745768439      1.301931398339701
                 172000      2.326908962126164    0.02759933476695641     0.5883930362138489     -1.306913017883489
                 173000      2.641610935011561    0.02753574454393443      8.314226891002404      1.339108530728934
                 174000      2.438278564870915    0.02748161809259727      2.266874964145729    0.03757500119144643
                 175000      2.429182804538687      0.027428480989052      2.242673779025623    0.02490616885308449
                 176000      2.727481453135872    0.02734907462738663      6.462777714710524      1.080397343782625
                 177000       2.46644854014748     0.0272876499771438      2.888146998116785     0.2727047751838603
                 178000      2.548089128692574    0.02721749174926252       3.71626771691803     0.5222351461471951
                 179000      2.452807815671113    0.02715716748813408      2.930524198903503      0.282477759699312
                 180000      2.474490137275434    0.02709341205905668      3.274773843207624     0.3911948498524478
                 181000      2.538873194546913    0.02702306687168252      4.089807337107569     0.6108441307356444
                 182000      2.637514116109858    0.02696133264719707      7.926737856284801       1.27030073671693
                 183000      2.580225366556168    0.02689731272008255      3.600418814454375     0.4787319965576148
                 184000      2.490222134271746    0.02683373421242241      3.648217539296502     0.4895539759328277
                 185000      2.500761418719818    0.02676871512911044      3.929413837289522     0.5613795614271911
                 186000       2.34159115462003    0.02675283858152501     0.6686697710320988     -1.210168935831563
                 187000      2.561337598068639    0.02669079683734466      3.696396377418891     0.4973326490274797
                 188000      2.536604649970189    0.02662520748197163      4.325139473402672     0.6519582425767032
                 189000      2.197405815575749    0.02661827214717923     0.2906021262976765     -2.048546870381886
                 190000       2.37478433716852    0.02659553411674782      1.024431211546257    -0.7894637078743154
                 191000      2.651162644993056     0.0265449622650604      8.481223824585539      1.322350180594295
                 192000       1.61828282050055    0.02654322501623542    0.07337614222433093     -3.427726459407454
                 193000      1.760689617350293    0.02654034644659008     0.1221623141486819     -2.918083154314205
                 194000      2.074406287791005    0.02653325329645855     0.3063429588327067     -1.998995798645836
                 195000      2.562763053727876    0.02647153444308335      4.097139030531006     0.5920143541796379
                 196000      2.395299544840217    0.02644115105112507      1.497630442030713    -0.4155388599808366
                 197000       2.49036304085376    0.02638181671619441      3.923832400648191     0.5453992793125911
                 198000      2.500119237096126     0.0263206682881558      4.351013356445067     0.6464187082753367
                 199000      2.450127713383642    0.02626891033337665      3.199990204806663     0.3371893099120994
                 200000      2.662970277331519    0.02622903206761061      9.135094134423788       1.38464582383053
                 201000      2.575699643578954       0.02617255580496       3.95987884737671     0.5465802418868889
                 202000      2.688391895077782    0.02612615364392881      8.614934233332301      1.322089541686075
                 203000      2.610643995657715    0.02606547078144366      5.428392704527897     0.8579100049378773
                 204000      2.719494587351944     0.0260057162669947      6.230804870820529     0.9934773252601488
                 205000      2.733941748932331    0.02594685775144682      5.335097396105284     0.8360130921335501
                 206000      2.761762979040065    0.02589921673233368      3.306841515002264     0.3558616727828052
                 207000       2.37844706479808    0.02587874096055023      1.134614228492439    -0.7146300365335131
                 208000      2.469061803393854    0.02583067515443074       3.44171669025002     0.3931885676976651
                 209000      2.706507094395632    0.02577825347158931      7.463167667316373      1.165166629950649
                 210000      2.697537455885922    0.02573057942471577      8.154641590697752      1.251922868708145
                 211000      2.704033442606887    0.02568218248830414      8.039418607929235      1.235809668980298
                 212000      2.386471351818105    0.02566067053157105      1.295074560589989     -0.590816802742743
                 213000      2.457600624820067    0.02561686433170497      3.267888936950771     0.3330505267306405
                 214000      2.331755109902456    0.02560533284906842     0.6630808425347726     -1.262402279802371
                 215000      2.372684053079863    0.02558600249009283      1.167779374612313    -0.6971951630400645
