#! FIELDS time e sigma_e height logweight
#! SET action OPES_METAD_kernels
#! SET biasfactor       1.927441707340398
#! SET epsilon     0.01821196306674905
#! SET kernel_cutoff       2.830433390657354
#! SET compression_threshold                       1
                   1000      2.677363327817264    0.05785834540142751     0.1509064987297364     -1.927441707340398
                   2000       2.68770527103985     0.0526212622199591       1.14135852136394  0.0009949388787351165
                   3000      2.522111281192067     0.0514473583584277     0.1697113438943925     -1.927441707340398
                   4000      2.641375687602156     0.0486257963577469      1.377271352588661     0.1099138781556758
                   5000      2.462909464355093    0.04735362045930301     0.3701507995322158     -1.230546073932517
                   6000      2.034838308262844    0.04671336831543199     0.1869100996500134     -1.927441707340398
                   7000      2.395820369729185    0.04533294590771565     0.5571179845037794    -0.8652887514586028
                   8000      2.692844828335493    0.04454691692844111      2.108902275472801     0.4483659480717946
                   9000      2.460636950377512    0.04327230088681999       0.99769032808952    -0.3291441776102587
                  10000      2.687426797826801    0.04247068435930452      2.331163505601827     0.5008369974866469
                  11000      2.520547644290659    0.04161629268041484     0.8771011780472879    -0.4969857455680194
                  12000      2.709232723265962    0.04082507285812553      2.301995306653366     0.4487281327626742
                  13000      2.171318443202831    0.04061558693702173      0.214971664458862     -1.927441707340398
                  14000      2.584534034294612    0.03988188315613975       1.14401201492174    -0.2738810022217059
                  15000      1.845658738172371    0.03969375826949014     0.2199640625497598     -1.927441707340398
                  16000      2.659685808533307    0.03926706466614495      2.909241742101446     0.6439340335906751
                  17000      2.059398762419428    0.03896739983529113     0.4585514241330149     -1.211302003563126
                  18000      2.492594990172338    0.03836480230557983      1.380522106844606    -0.1247423636842549
                  19000      2.651684234038991    0.03791720363372495      2.865830190965847     0.5939184467712635
                  20000      2.533382953434545    0.03740368793080861      1.471077421662486     -0.086580182659592
                  21000      2.678885872009039    0.03703055316940213      3.112695504309106     0.6528878434516265
                  22000      2.729927125372055    0.03655695002384381      2.351447122591368     0.3595576925067911
                  23000      2.676352280652964    0.03617909327537094      3.065850425979575     0.6144618504603256
                  24000      2.594503769877079    0.03578675422789063      1.687518645068381   0.006492461718600771
                  25000      2.701843645122555    0.03542884609289067      2.971621081268248     0.5622894099980807
                  26000      2.702769455240884    0.03509148605273322      3.064726893226032     0.5835724366612004
                  27000      2.679834697807146    0.03478308310144963      3.276948904306973     0.6416993659690942
                  28000      2.652367346921674    0.03446550200612258       3.02439287104887     0.5523246872419227
                  29000      2.520629341336099    0.03421006053143563       1.41427274506511    -0.2152093559393032
                  30000      2.557304955452198    0.03396210144911319      1.442971137558828    -0.2023950446664788
                  31000      2.606403507758234    0.03368212164739046      2.071176526229358     0.1507394354244043
                  32000       2.68046856224148    0.03343784758229557      3.398626381553767     0.6387152019292114
                  33000      2.695126395610548    0.03319732914517828      3.378114567131218     0.6254425965097651
                  34000      2.534287485440662    0.03298186340223925      1.614046937739309    -0.1196420946614658
                  35000      2.734696138370017    0.03274007521318198      2.457396112940692     0.2933576056782966
                  36000      2.366741955556208    0.03266312879043152     0.4710065717968531     -1.360980912621987
                  37000      2.486981106619863    0.03247220646338698      1.542087004943426    -0.1808233275195747
                  38000      2.714210970968702     0.0322587167100884      3.152265920356258      0.527565264115565
                  39000      2.629524890303889    0.03204611010459991      2.540654972221206     0.3052531550561179
                  40000      2.694950016699794     0.0318502497803427      3.266870899088621     0.5505332773455497
                  41000      2.075986270169284    0.03178632518261986     0.4733468528203035     -1.383235245793735
                  42000       2.03455172433493    0.03171358925747352     0.5533367240944731     -1.229387848433056
                  43000      2.595588757809326    0.03153984407405411      1.844607241641962    -0.0308265467795724
                  44000      2.681317704534826    0.03136327211620894      3.347870958254864       0.55961757720716
                  45000      2.601358196911902    0.03119549915061948       2.00349724565744      0.040823540521862
                  46000      2.592651766243914    0.03103356570212238      1.985218216727584    0.02645366203808282
                  47000      2.714792045937136    0.03086587457519549      3.030016914107687     0.4438748304413822
                  48000      1.733206676628835    0.03083336915813051     0.2831737356383847     -1.927441707340398
                  49000      2.559899732321598    0.03068384344206221      1.950140198951958  -0.002707051514685954
                  50000      2.657266236543223    0.03053878241560631      3.581619909534742      0.600468055027722
                  51000      2.731342462859582    0.03038601334026434      3.064228310753558     0.4394336158818754
                  52000      2.698073773387438     0.0302496039337808      3.676765882737973     0.6171720586362605
                  53000      2.597613045140415    0.03011073916612511      2.230964868489483     0.1129714971758254
                  54000      2.669978864751042    0.02997889243299356      3.632665814272779     0.5961157490865806
                  55000      2.409124610274804    0.02992115907632321     0.6766875233752023     -1.086324344051691
                  56000      2.425026308994339    0.02985038732711563     0.8723623327055037    -0.8346971689045544
                  57000      2.428990191650883    0.02977174191307739      1.010986225126831    -0.6898585615948362
                  58000      2.388700114612004    0.02970122914182921     0.8964582491984499    -0.8124596899329357
                  59000      2.565862939963958    0.02958285374584868      1.975218916896811   -0.02647039786529465
                  60000      1.903611213256638    0.02955525668062367      0.323393712536525     -1.836967716920315
                  61000      2.009646319603912    0.02950956659912689     0.5640481725413563     -1.282245678775754
                  62000       2.48861544776699    0.02940755516086979      1.601793829103621    -0.2419687982060223
                  63000      2.507711226036506    0.02929925340530413      1.847161592794363    -0.1031323408502294
                  64000      2.374170839010998    0.02923101406716944     0.9606877316119088    -0.7592201549234378
                  65000      2.164371430071415     0.0292004038682782     0.3871484666972164     -1.669109046582967
                  66000      2.713477810982829    0.02909529777291722      3.796668895816006     0.6103560862630478
                  67000      2.457447573910334    0.02900098190446459      1.626850982542974    -0.2403686403158551
                  68000      2.473096249977945    0.02889943081424585       1.92867932033518   -0.07368718360468685
                  69000      2.501215521729945    0.02879309143752815      2.264228790963721    0.08302512681695007
                  70000      2.404366423105746    0.02871136181165981      1.427271278989678    -0.3812872110229693
                  71000      2.378126796573945    0.02863521195970684      1.315760323164859    -0.4652927232220124
                  72000      2.624744353863463    0.02853096139147948       3.12569442851685     0.3963017756259952
                  73000      2.358403073057352    0.02846273198578812      1.193062917251729    -0.5692250998782186
                  74000      2.664750443914518    0.02838765854184899      4.354993304333504     0.7229330029484125
                  75000      2.690523677664868    0.02832274862999397      4.671876391308629      0.790881545873792
                  76000      2.301153879184188    0.02829664154908905     0.4180687694436282      -1.62371077758147
                  77000      2.596482312616963    0.02819872063715097      2.878001388345404     0.3020281380803518
                  78000      2.359108480986205    0.02812985144750307      1.381600918612882    -0.4342703079212736
                  79000      2.452838000566454    0.02804491962985337      2.008341788761696   -0.06322766415106128
                  80000      2.489730838931169    0.02795479691126206      2.443286907964638     0.1295884736021685
                  81000      2.218377759017705    0.02793182760943965      0.396205079212026     -1.690401074033248
                  82000      2.571699038575976    0.02784168383601339      2.724297365819412     0.2344003014916714
                  83000      2.745697494925381    0.02775303278498525      3.153725009441113     0.3775848584120957
                  84000      2.652940484198278    0.02768112052761662      4.255682449417264     0.6746611860037993
                  85000      2.694787006505312    0.02762220828334574      4.743095779212831     0.7809655753883571
                  86000      2.437420346856271     0.0275486575468361      1.935970892996197    -0.1177818015609938
                  87000      2.557155352696148    0.02746740070728105      2.549072387324407     0.1543848337611574
                  88000         2.616530398132    0.02738592624985264       3.33534420895044     0.4202605638184012
                  89000      2.288705153824978     0.0273621148973969     0.4890871289548428     -1.500399801130973
                  90000      2.732781340355323    0.02728538067628686      3.726550373121931     0.5274894629616512
                  91000      2.526813094693231    0.02720955230551101      2.477210542655562     0.1163566830790192
                  92000      2.490370363018802    0.02713424216464104      2.557496140034925     0.1454806261384284
                  93000      2.640111119143008    0.02706355671591092      3.953585979954413     0.5784665001167094
                  94000      2.684205788042644    0.02700854315088893       4.76509828995795     0.7631268311068068
                  95000      2.718333736539186    0.02694354397451488      4.295598425585994     0.6569900272422569
                  96000      2.202128709399884    0.02692105078063846     0.5302582471793406      -1.43582715703031
                  97000      2.609665701225402     0.0268482270976148      3.231377904562966     0.3687638687770686
                  98000      2.431975703065977    0.02678825339628899      1.896858516183214    -0.1661819716559264
                  99000      2.717471715296372    0.02672600687418409      4.314447687393174     0.6532618874026247
                 100000      2.468445722952929    0.02665930221456094      2.542099173317802     0.1217837645885376
                 101000      2.503471272119639    0.02659166668250416      2.813614603268459     0.2207233142771124
                 102000       2.46290348602946    0.02652598583209675      2.665383812887821     0.1641283548293775
                 103000      2.454304818990166    0.02646129790243345      2.662644778049859      0.160658553041552
                 104000      2.676538572525599    0.02641586484495373      5.051091348553064     0.7992245370976406
                 105000      2.660706544717514    0.02636428521448304       4.77918805178486      0.741936367672595
                 106000      2.466666951094207    0.02630113348719086      2.856629988891503     0.2249100789031386
                 107000      2.505925527457525    0.02623869044948295      2.897935013878848     0.2368889131322184
                 108000      2.515929417131638    0.02617710104916459      2.906580342877719     0.2375177108826734
                 109000      2.670567691961209    0.02613157497245508      5.030656491626468     0.7843502808143532
                 110000       2.67209185868513    0.02608722538957188       5.12367100161619     0.8009723582502901
                 111000      2.699661934808959      0.026044229762318        5.2291773331288     0.8197056432194894
                 112000      2.707162511840068    0.02599903759186583      5.139789259650847     0.8007270379754349
                 113000      2.542911416420381    0.02594276064039222      2.689091995856858     0.1507516236971829
                 114000      2.632350196582791    0.02588540739826699      3.930627057273979     0.5281337964974917
                 115000      2.452016873452591    0.02583071912766531      2.681693940667782     0.1436685475560501
                 116000      2.662358021300578    0.02578417416084731       4.97652446847922     0.7601480863742878
                 117000      2.579755635277387    0.02573011146692623      2.798776733087841     0.1824998369204109
                 118000      2.716998542774419    0.02568177932924426      4.788423310604766     0.7176383972451882
                 119000       2.64523414317186    0.02563070158495722      4.482677875880623     0.6496669593665336
                 120000      2.632196271562308    0.02557763621118871      4.099825511873023     0.5583182366896809
                 121000      2.034629742556058    0.02555783747241118     0.7278420195407272     -1.171071802682817
                 122000      2.625866250844135    0.02550510843976342      3.971519628459388     0.5236830002576019
                 123000      2.356171489258774    0.02547446456501517      1.252623189886544    -0.6314280970513527
                 124000      2.534481767924241    0.02542487090571927      2.738576935907861     0.1488217212706489
                 125000      2.689073830819756    0.02538644914931176      5.405017819615144      0.827198719344878
                 126000      2.669690178116769    0.02534619840448899      5.296086511361806     0.8052523459775733
                 127000      2.530446162848013    0.02529791326200873      2.814021115923819     0.1709918128932279
                 128000      2.545232899253906    0.02524962154856946      2.909620363328707      0.202489218547105
                 129000      2.684677234855368    0.02521205838006687       5.45230763108671     0.8290167625995869
                 130000      2.693015320741011    0.02517460776828244       5.48330090164121     0.8331985699853728
                 131000      1.761221697655866    0.02516446960488766     0.4036013612529552     -1.776239116645159
                 132000      1.970323568400283      0.025152823937243     0.4689750934255623     -1.626580005841148
                 133000      2.041018046185898     0.0251333470720896     0.8302467703634393     -1.056181337931144
                 134000      2.131388960812078    0.02512182759164777     0.4665113183868645     -1.633080465461803
                 135000      1.867466261651578    0.02511079564004969     0.4464174890229801     -1.677547394135428
                 136000       1.78670950140513    0.02509961730835626     0.4537763084784912     -1.661642877845599
                 137000      2.566692114481885    0.02505285205114486      3.100103782781121     0.2580787024121852
                 138000      2.666428276790971    0.02501965150317597       5.72951017219379     0.8709470562793636
                 139000      2.629964098897659    0.02497453697459428      4.483138680585813     0.6238356220523595
                 140000      2.657919317214985    0.02493897658151155      5.572202504876612     0.8398777405225212
                 141000      2.545953027040117     0.0248939724005721      3.169378237356986     0.2738165686944354
                 142000      2.582929013982983    0.02484920922775262      3.238610854738291     0.2936258573211314
                 143000      2.326305628511724    0.02482918602152548     0.9523970737351288    -0.9310979821871508
                 144000      2.240392869145334    0.02481725378625832     0.5353097404139796     -1.507715179332886
                 145000      2.700166949515078    0.02478967193423016       6.12933477462402     0.9291687743650097
                 146000      2.370390356300793    0.02476065489841886      1.552621966521534    -0.4451435717938888
                 147000      2.556080490395295    0.02471705868105531      3.348068839597002     0.3215327917186104
                 148000      1.939908804433859    0.02470678464485776     0.4735126752446975      -1.63484327178242
                 149000      2.735582884332341    0.02466405870266237      4.357777600900829     0.5829647112970724
                 150000      2.613481555428046    0.02462091965464358      3.952667390180082     0.4836425514640199
                 151000      2.533717912771201    0.02457885038771839      3.338032899643993     0.3129234518766165
                 152000      2.428764112159278    0.02454388820249295      2.224252781635774   -0.09446066129391568
                 153000      2.485674930197325     0.0245031443669533      3.169421254803519     0.2580058903605555
                 154000      2.677769142611084    0.02447521562669607      6.035979920030091     0.9010546504338035
                 155000       2.54841098416115    0.02443447706470573      3.422580674073031     0.3320454167770632
                 156000      2.510309043406769    0.02439414039372842      3.426049415372597     0.3314062168715823
                 157000      2.372933173351882    0.02436635597598417      1.695573566732124    -0.3731201638144996
                 158000      2.574859505131882    0.02432673016938516       3.40729113775702     0.3231487783783605
                 159000      2.701085787648803    0.02429779231036656      5.900438883970171     0.8710676678305952
                 160000       2.71442058248387    0.02426463889438573      5.467989497979458     0.7935865370033707
                 161000      2.707211565105542    0.02423471389294953       5.83803750258367     0.8578361977608103
                 162000      2.550670114031565    0.02419625726746774      3.523977218350816     0.3514436439504739
                 163000      2.718926327375955    0.02416265099962267      5.369987155141646     0.7712890481822806
                 164000      2.601923678510818    0.02412449652277487      3.820429475349028     0.4292460596636503
                 165000      2.702009452615254    0.02410136327435832      6.475960873066444     0.9560208380359717
                 166000      2.653797066908314    0.02407055642225282      5.731217168291771     0.8325727346060174
                 167000      2.451540004788279    0.02403642535872096       2.84475298997413      0.130702082132236
                 168000      1.723573089859469    0.02402790416094257     0.4915667901402195     -1.625286192092431
