#! FIELDS time e sigma_e height logweight
#! SET action OPES_METAD_kernels
#! SET biasfactor       2.698418390276557
#! SET epsilon     0.01374333274381851
#! SET kernel_cutoff       2.928208142815685
#! SET compression_threshold                       1
                   1000      2.702900048605157    0.06053155025577301    0.06672079877255445     -2.698418390276557
                   2000      2.681009900036899     0.0539344905948692      1.076807993240954   -0.03257328621209001
                   3000       2.70699904958891    0.05014080739716443      1.131542235283041   -0.05592785456366887
                   4000      2.426823323941962      0.049720487103409    0.08122835513671568     -2.698418390276557
                   5000        2.4802099392911    0.04884303762947777      0.191210419851968     -1.860113502103932
                   6000      2.543119653461962     0.0475628938127686     0.3381827149949747     -1.316460599383923
                   7000      2.546579032466352     0.0456464672718544     0.8970636380301719    -0.3820468194624259
                   8000      2.563639322498305    0.04420756088117912      1.479440662031972     0.0862153581751101
                   9000      2.359190563116539    0.04382010374045761     0.1750493383628725     -2.056939271927275
                  10000      2.639917101552971     0.0427598347664935       1.74618657013126     0.2186889671739455
                  11000      2.513038451866695    0.04168347509239761      1.496289973173152    0.03874890038905448
                  12000       2.69981054178723    0.04077106518256725      1.663084345426725     0.1223019986564972
                  13000      2.416343386772031    0.04035291778262778     0.4013323524262272     -1.309646244188562
                  14000       2.55195997939818    0.03962731891315991      1.862270346053593     0.2069705492674871
                  15000      2.553136317720945    0.03903313439960421      2.171707866235435     0.3455802163257782
                  16000      2.641726423929867    0.03838662793817502      1.705538914178095    0.08724574543843375
                  17000      2.671603967637157    0.03781758425945925      1.966414925169207      0.214641674183434
                  18000       2.46243673013814    0.03740059882218269     0.8597553580751092    -0.6237652441991071
                  19000      2.677954321464709    0.03694595489918017       2.25881643034853     0.3299525769090019
                  20000      2.637916933690851    0.03651121533467881      2.275496149479633     0.3254730369206202
                  21000       2.45002193468113    0.03617849002356387     0.8936462151969825      -0.61832513281343
                  22000      2.574786953826054    0.03576220641331469      1.909659240442577     0.1294719047725226
                  23000      2.529942833824941    0.03537285276409667       1.92626479981449      0.127182883499761
                  24000      2.431628960469541    0.03511271013729119     0.8358089715489252    -0.7151365800636481
                  25000      2.355938967613672    0.03499911545669947     0.3163815089198642     -1.689828260613258
                  26000      2.672923167384655    0.03466982033035625      2.231906011560115     0.2543809492978709
                  27000      2.384112654260699    0.03449636715537533     0.5772711570157625     -1.102933723601043
                  28000      2.728162259168665    0.03419743145587332      1.414942285047635     -0.215105282292247
                  29000      2.643285270644824    0.03391416386214703      2.327581653755685      0.274317989673297
                  30000      2.706189831937068    0.03363780879619691      2.268197821029939     0.2402917386442927
                  31000      2.478413215821338    0.03339670360540544      1.262538693743865    -0.3527628313512889
                  32000      2.572460651210486    0.03313582173402963      2.019104748394168     0.1089245818983779
                  33000      2.593219750800385    0.03288843668523818      2.138978202601465     0.1591048048220876
                  34000      2.416867959561126    0.03272192338310364      0.872302332601965    -0.7429184725772923
                  35000      2.495311064806866    0.03249814610463775      1.589537548302751    -0.1497183936446586
                  36000      2.674794007411299    0.03229762342867583      2.606976402244222     0.3388401704603579
                  37000      1.969357227454101    0.03227104187750125      0.125149767377728     -2.698418390276557
                  38000      2.559177158179681    0.03207311504360034      2.564255109637497     0.3153416102482105
                  39000      2.541575469168629    0.03188391035814465       2.63982754133071     0.3384705326108765
                  40000      2.447398150856955    0.03170984554734383      1.330199080661124     -0.352388728731083
                  41000      2.692191621945996    0.03153363849737397      2.694054505544254     0.3477576126099288
                  42000      2.719467497687038    0.03134774951148749      2.209771789272232     0.1436871637875806
                  43000       2.65688873244995    0.03119223127401881      2.928572990647756     0.4203397744415014
                  44000      2.696775995148618    0.03103867605170661      2.939822047831629     0.4192385307801587
                  45000      2.644930975329234    0.03089915464541042        3.1617544962515     0.4875113574074545
                  46000      2.678182360832611     0.0307973016775409       3.69331919749933     0.6396080812994109
                  47000      2.554925843686883    0.03063715581307772      2.573949071819493     0.2733102757580412
                  48000      2.489754751673253    0.03048998136780193      1.742438884955881    -0.1216606224728098
                  49000      2.501501195849363    0.03033933628911185      2.064902460554856    0.04318352638741369
                  50000      2.448927476609525    0.03021443034424736      1.402768979161761    -0.3475768004704887
                  51000      1.792251472129964     0.0301980775742741     0.1337407447236575     -2.698418390276557
                  52000      2.271140899422223    0.03018061990383171     0.1434578974604974     -2.628858253193354
                  53000      2.062850418068038    0.03016432405443479      0.133972662634153     -2.697804168890805
                  54000      2.382330449066559    0.03007508361970211     0.8902834580567132     -0.806862894758022
                  55000      2.269057164725849    0.03005112394411856      0.203799855373572     -2.282061367316408
                  56000      2.619662742803071    0.02993879140128987      3.387986806471639     0.5250463311847046
                  57000      2.684542100422581    0.02987846680022486      4.199696565443112     0.7378057611755793
                  58000      2.505599322739112    0.02974343469784287      2.573319297708038     0.2434604840853052
                  59000      2.391032805654393    0.02965606821846596      1.021341828943046    -0.6835605147190151
                  60000      2.357732741227561    0.02958723513004373     0.7651225692230376    -0.9747207762949081
                  61000      2.556583707811704    0.02946640055409663      3.029648046800635     0.3973525443462563
                  62000      2.607846657559788    0.02934823688960568      3.050502636774959     0.4001942863272854
                  63000      2.628223501948772    0.02924807789835976       3.57509230348312     0.5554602913887695
                  64000      2.726536894600903    0.02912920577797897      2.690167011137393     0.2670000212437587
                  65000      2.403052486223346    0.02904383331707932      1.223482526789554    -0.5238370572340689
                  66000      2.291613663112847    0.02902163010897239     0.2566767663329745     -2.086240848656104
                  67000      2.432747254184637    0.02892558366094791      1.526810228997421    -0.3064373694227512
                  68000      2.547001685874847     0.0288175978712004      3.010254161867064      0.368666189861536
                  69000      1.941558485856867    0.02880332184592718     0.1706987022393358     -2.501709091651246
                  70000      1.863036237670921    0.02879122862125949     0.1441227098921354     -2.671363973483199
                  71000       2.03085061839969    0.02877663623926022     0.1753955099922172     -2.475492544054944
                  72000      2.025237341022114    0.02875722099596449     0.2369980067698027     -2.175159209574752
                  73000      1.979938386811934    0.02873641447722459     0.2558152291457435     -2.099479302830529
                  74000      1.612145229312837    0.02872473491207147     0.1406005450135222     -2.698418390276557
                  75000      2.639527849507092    0.02866727621651253      4.327862433582623     0.7264854643263863
                  76000      2.486425422089345    0.02856141596647066      2.569897624595129     0.2015782160040525
                  77000      2.486391672508939    0.02845820036549501      2.775116176949061     0.2747844065099813
                  78000       2.43224322499621     0.0283638004441616      1.932833727401995   -0.09024368370957218
                  79000      2.713998909282635    0.02827771001866729      3.609879073044278     0.5314035742450036
                  80000      2.524886097770813    0.02818673448322593      3.366443081564557     0.4583636182062838
                  81000      2.568713571200464    0.02810037647591491      3.540527264060791     0.5057140724517138
                  82000      2.481373755197727    0.02800664753978498      2.865433441986702     0.2908169592857629
                  83000      2.679731700025858    0.02795035326807374      4.459166179636176     0.7310470699013452
                  84000      2.644888003987263    0.02788824669507227      4.372285127346156     0.7091465573110476
                  85000      2.645476412098834    0.02783041572267494      4.541680997674957     0.7450821584646994
                  86000      2.677775395694889    0.02777531640468081      4.677170374767021     0.7724964712428143
                  87000       2.38120190249076    0.02771582638075286       1.25570691663898    -0.5446422685096878
                  88000      2.766565547173566    0.02766359654200073      1.070992392615171    -0.7056415292391585
                  89000      2.624931169963297    0.02759698386904538      4.311987169693014     0.6847607825360823
                  90000       2.01174088171774    0.02757973854071877     0.3151850559468503     -1.931858503392333
                  91000      1.655628107651328    0.02757065697667523     0.1618692047452282     -2.598559156036937
                  92000      1.951347258645006     0.0275537789565847     0.3095313994888044     -1.950900608518691
                  93000      1.908112002434778     0.0275407735714535     0.2359827141183728     -2.222673702202017
                  94000      1.858058237690383    0.02752875503337241     0.2178328042090438       -2.3031409298922
                  95000       2.11378631105681    0.02751989749129126     0.1591607620188801     -2.617275779725463
                  96000      1.857287470089505    0.02750416290879225      0.290010245863022      -2.01784621656819
                  97000      2.484493195392382    0.02742257567825654      3.291682648787457     0.4084209192265448
                  98000      1.833847227540593     0.0274062074506558      0.310563431022888     -1.952942136956603
                  99000      2.126217087716767    0.02739506865229577     0.2079931298709853      -2.35423177051204
                 100000      1.641956860640599    0.02738276861626288     0.2310794394007662     -2.249424363344191
                 101000      1.869405102733375    0.02736159757829634     0.4121728090425158     -1.671516658301991
                 102000      1.815730616149348    0.02734323551012374     0.3549839004793241     -1.821558235768555
                 103000      1.981870186097189    0.02732105543734468     0.4368325528122393     -1.614892227518552
                 104000      2.678338304411841    0.02729737984425634      5.453314984119773     0.9086698366925349
                 105000      2.667456881305355    0.02728098294118725      5.745098919551164     0.9601924311976721
                 106000      2.627081155115536    0.02723295805769992      5.049012208240497     0.8292759926958063
                 107000      2.507997858308065    0.02715685517098196       3.63261932244533     0.4972389092693784
                 108000      2.620229966012946    0.02710346435251647      4.921764571297103     0.7989841122858341
                 109000       2.41804066711298    0.02704031952558171      1.880960900142608     -0.165232730979546
                 110000      2.740016282928524    0.02696830259316407      2.574145973511032     0.1458354544309363
                 111000      2.705950679689985    0.02691068344320654      4.708376976048939     0.7475220571342248
                 112000      2.701425062860959    0.02685996997002662       5.03902992912742     0.8135061000322238
                 113000      2.562495197372733    0.02678996283705719       3.80827830888302     0.5308599337133105
                 114000      2.495324776725866    0.02672041037105525      3.725955057379161     0.5064063547382169
                 115000      2.533453531403424    0.02665481011271764      4.116545468909136     0.6036393973591303
                 116000      2.299573139727902    0.02664088631180344     0.3534110564018025     -1.852020880926452
                 117000      2.592135729615043    0.02657650671416746      4.146327068434877     0.6079059556843344
                 118000      2.689810032106328      0.026542811179649      5.756990142503234     0.9348291768701054
                 119000      2.296827039840624    0.02652759607507467     0.4080315528286911     -1.712569781950681
                 120000      2.562117042330065    0.02646266414042305      3.963890852141872     0.5586163582864816
                 121000      2.722241007484971    0.02640140278995215      4.321592873166429     0.6426966374371853
                 122000      2.655059098685148    0.02636881069197119      5.906384799034724     0.9538712714450339
                 123000      2.542464115659516    0.02630611968264538      4.066319920446485     0.5781954314189406
                 124000      2.346071014530559    0.02628004737511376     0.8101076656931481     -1.036122685441302
                 125000      2.362134730188591    0.02624464968267321      1.176151163706104     -0.664635033789145
                 126000      2.653316622542652    0.02621609538315438      6.128926849272754     0.9850486567752056
                 127000      2.135733851289817    0.02620782613070684     0.2430539791182151      -2.24275821280155
                 128000      2.571354728171499    0.02614728253695442      4.122080898783288     0.5857588129835075
                 129000      2.521076695117748    0.02608742059394622      4.111688278908271     0.5809423839620945
                 130000      2.727025556624772     0.0260284390466635      4.142735557208161     0.5862015197530955
                 131000      2.727338047118915    0.02596990594170291      4.086605819452878     0.5703085941652634
                 132000      2.757211164930891    0.02592012054218511      2.196304560192715   -0.05254883755831996
                 133000      2.567474935488367    0.02586304322441047        4.1034924051066     0.5703089022089771
                 134000      2.420394282721293    0.02582122367716986      1.733555548051015     -0.292973255816472
                 135000      2.789688097579297    0.02580086998337675     0.7165656195091631     -1.177221803080264
                 136000      2.094327261762795    0.02579309586273651     0.2562511102907515     -2.205835124022856
                 137000      2.063097064315738    0.02578437310558217     0.2893258924699492     -2.084777517973428
                 138000      2.182658525023986    0.02577888385563452     0.1794524773150898     -2.562633717059943
                 139000      2.108790391946864    0.02576848510338451     0.3488628972402949     -1.898268603110845
                 140000      2.054523031148787    0.02575763818169954      0.365491954595609      -1.85212436276724
                 141000       1.96013806688084    0.02574475527269283     0.4398317905984186      -1.66747655384541
                 142000      1.752784237330332      0.025739317898088      0.179024914318895     -2.566555156778819
                 143000      2.041363786001488    0.02572650042860489      0.439014510827133     -1.670045768681255
                 144000      2.192920183022449    0.02572014482327181     0.2109311445528829     -2.403293559999955
                 145000      2.715267197264869    0.02567676561967686      5.314039530031179     0.8215942454344577
                 146000      2.219832885759323    0.02566986946788282     0.2343123104841724     -2.300127045661375
                 147000      2.659352830627205    0.02565960935691936      6.974416891308199       1.09282229743531
                 148000       2.53168508891621    0.02560991301407709      4.843236205127184     0.7262180761358372
                 149000      1.928643004786361    0.02559852397862195     0.4129722362039543     -1.736184782452445
                 150000      2.118455174008191     0.0255862665215193     0.4476501298248163     -1.656032130575938
                 151000      2.059276162269291    0.02557207927111107      0.525254562185728     -1.496715712957351
                 152000      1.887449542994296    0.02556030233975369     0.4311829281248282     -1.694526955872223
                 153000      1.948331114201124    0.02554508308148403     0.5699619258605167     -1.416085424207149
                 154000      2.494839793443964    0.02549240743623049      4.113904493011062     0.5584086738527323
                 155000      2.640237118250466    0.02546735192126559      6.469620106687259      1.010170143489777
                 156000      2.699510061807406    0.02545292711239752      7.052049296652797      1.095804443361494
                 157000      2.680766653957634    0.02545167729247845      7.710991372459333      1.185083845993414
                 158000      2.621964952674422    0.02540950004347134      5.660798408985306     0.8743435032598098
                 159000      2.707075184015235    0.02538625912057675      6.934278926704411      1.076340558314377
                 160000      2.678148512450718     0.0253834988160701      7.982161715784474      1.216964014255373
                 161000      2.678526512724853    0.02538105036521547       8.15331470021396      1.238082841006756
                 162000      2.590534429794531    0.02533018331405907      4.542653874629536     0.6511635339501617
                 163000      2.444965698321431    0.02528928065064751      2.342405572038131   -0.01278552241305827
                 164000      2.401670795704393    0.02525462818893358      1.849254927156352    -0.2505523127956921
                 165000      2.502073346159299    0.02520488037156619      4.217503809552542     0.5719365177931302
                 166000       2.53862844176486    0.02515733869433766      4.956805267178324     0.7315665226072632
                 167000      2.493661277812359    0.02510872103151178      4.187256830021568     0.5609165000454323
                 168000      2.464825463402097    0.02506345728289338      3.190328021293336     0.2871900774433742
                 169000      2.489184860940175    0.02501592401283878       4.27929708427045      0.578956783845361
                 170000      2.629332581062122    0.02497754836239684      6.049534171157524     0.9236140662150281
                 171000      2.654807912989498    0.02495693805941871        7.4686884472313      1.133526707575509
                 172000      2.572416257257656    0.02491093051787709      4.681608464836351      0.664603861497675
                 173000      2.654235849880962    0.02489020849560676      7.558371276412528      1.142785658157004
                 174000      2.453680821733419    0.02484965362607729        2.9104835891299     0.1868185008432658
                 175000      2.671628222770877    0.02483801770996891      8.192556885003372       1.22125693443567
                 176000      2.664441859124826    0.02482429667327738      8.191716550747566      1.220601782878879
                 177000      2.659923860672328    0.02480853367033267      8.180924230954679       1.21864826227175
                 178000      2.683475358417408    0.02479658258052162      8.529980541424885      1.259948362589266
                 179000      2.557774704672489    0.02475204436761158       4.81008699840566     0.6852786950336527
                 180000      2.480547803440268    0.02470922745075154      3.841232159629435     0.4586253826837017
                 181000      2.659246052034687    0.02469227725417158       8.32939003979846      1.231936199732233
                 182000      2.559368349177934    0.02464883429789479      4.867050275875108     0.6928731077518298
                 183000       2.02803606435883    0.02464033556030346     0.4884151479578416     -1.606549326882565
                 184000      2.202922312536564    0.02463549010372243     0.2722057895912801     -2.191353391182199
                 185000      2.742835467697546    0.02459598360802267      3.382586833171863     0.3268793514531828
                 186000      2.552061234522815    0.02455353738454051      4.862860349573519     0.6881381847020834
                 187000      2.685908496168313    0.02453423523132592      8.239331945867294      1.214644202419341
                 188000      2.456518491797842    0.02449880832263084      2.898572891607403     0.1684984237790923
                 189000       2.47494958598503    0.02445973651787023      3.616231240204433     0.3881161856762402
                 190000      2.638170153223975    0.02442604000728215      6.823469473270535      1.021673277344771
                 191000      2.644043329074492     0.0243962765810018      7.330486673615843      1.092127867751294
                 192000      2.532938943949897    0.02435583039169413      4.731980528016285     0.6527705309315344
                 193000      2.675771188968259    0.02433708082402816      8.432522954802932      1.229752594999658
                 194000      2.689586241141106    0.02431458872347266      8.182928856996066        1.1987821044789
                 195000      2.313517272736731    0.02430713661686596     0.4868778958451484     -1.623316481610813
                 196000      2.528971998964303    0.02426761099197439      4.749037875070298     0.6527400629729381
                 197000      2.128406214826803    0.02426144915226576     0.4040028811310887     -1.811789195800384
                 198000      1.871225250915851    0.02425495485495377     0.4273739861137049     -1.755819445177283
                 199000      1.756455696401493    0.02425155472947724     0.2191342221138121     -2.423934684877309
                 200000      2.603104640922359    0.02421267366149378      4.623393539356131     0.6236606066603033
                 201000      2.480073508729152    0.02417606289301904      3.807474628073365     0.4279845868641094
                 202000        2.4566289682667    0.02414309630497516      3.097610648490885     0.2202849654725106
                 203000       2.71368323773669    0.02410788409846766      6.317922352269384     0.9315847781726404
                 204000      2.614907911798934    0.02407034431414963      5.298343426351327     0.7540302048063234
                 205000      2.363567086662087    0.02405612768250779      1.057940637016198    -0.8576305856485326
                 206000      2.263165476160095    0.02405115203450115     0.3433560720769066     -1.983148924444537
                 207000      2.783488928262889     0.0240405940561901     0.7630982632718862     -1.184969212278909
                 208000      2.162472048266824    0.02403584163650427     0.3284336779790041     -2.028218799327944
                 209000      2.469034351611707     0.0240008820610356      3.799150475167663      0.418523502566497
                 210000      2.728697453343759    0.02396420697883569      5.119640856981416     0.7153010705063585
                 211000      2.759954367464947    0.02393867274300817      2.258727856326711    -0.1040475452378572
                 212000      2.005258531322291    0.02393207617640828      0.475330037610307     -1.662870803862464
                 213000      2.278470154533099    0.02392584368988093     0.4483821719476397      -1.72149470939492
                 214000      2.102126876106827    0.02391922548345266     0.4782383305600131     -1.657308084370389
                 215000      2.164180749176316    0.02391402993599659     0.3716754178517966     -1.909613587150259
                 216000      1.947079160527177     0.0239068300838468     0.5240472320059375     -1.566353827851771
                 217000      2.186666055638994     0.0239015898438295       0.37595237317431     -1.898692395539512
                 218000      2.017522408263633    0.02389412392964573     0.5460368584649998     -1.525780793367137
                 219000      2.475979986046467    0.02385953029775966      4.078507244578988      0.483570218535691
                 220000       2.44116918642797    0.02382997745915058      2.941294303778067     0.1554495068398638
                 221000      2.353557717129906    0.02381712100886588      1.006910843394589    -0.9170527970775901
                 222000      2.648812623709917    0.02379276515475556      7.738400633992362      1.121232016962481
                 223000      2.587015639736776    0.02375834285042093      4.453255226830665     0.5672245248886212
                 224000      2.512648753332949    0.02372401374375136      4.614153982884086     0.6012717432374872
                 225000      2.403046891866348    0.02370402742481592      1.771775801992318    -0.3567172733810123
                 226000      2.570974873653083    0.02367009302431516      4.689440945990619     0.6151811654192396
                 227000      2.734334427915722    0.02363672630448798      4.455908308117765     0.5626880647691748
                 228000      2.734654316695414    0.02360354564241507      4.527157603353284     0.5771466595408112
                 229000      2.691881469910122    0.02358233523186993       8.06777905003492      1.154031596166015
                 230000        2.3998232066409    0.02356312708202536      1.779707220059364    -0.3582126161448018
                 231000      2.684300236573838    0.02354479974675252      8.451374833029581      1.198889546577082
                 232000      2.547432317611854    0.02351209973072768      4.955211057301778     0.6636103702687969
                 233000      2.521578796344275    0.02347975172077962       4.81074430751593     0.6326456724431843
                 234000      2.495401369243941    0.02344796325651672      4.537736211329759     0.5728673299946894
                 235000      2.623102377909855    0.02341676121639028      5.890702036285708     0.8324826768068808
                 236000       2.57175010654844    0.02338521222809484       4.80045820161403     0.6264706763363769
                 237000      2.590747335735757    0.02335402004890418      4.690881294393127     0.6020450459671595
                 238000      2.713745599114243    0.02332528389357805      6.581269776981653     0.9394210575968089
                 239000      2.307991338158132    0.02331901172189438     0.5493349941189261     -1.544122414541002
                 240000      2.512239554854269    0.02328823508506877      4.833944269454816     0.6292664922045784
                 241000      2.708195137306624    0.02326223887068786      7.181765519925493       1.02403208132329
                 242000      2.362639619057139     0.0232491676227057      1.262209661016492    -0.7152113477557627
                 243000      2.682223684083655    0.02323186302074625      8.602142975131326       1.20319153563064
                 244000      2.645336244760183    0.02320700691456377      7.432225107130837      1.055934982986461
                 245000      2.677328096476531     0.0231900312888921      8.731924657385257      1.216363748601356
                 246000      2.611207431233865    0.02316014692374437      5.251790865869087     0.7066575700649215
                 247000      2.565990719466678    0.02313060456647593       4.96343115464007     0.6489093180695136
                 248000      2.406827343091409    0.02311330149397079       1.89066460061714    -0.3170078803678757
                 249000      2.711550718034008    0.02308711329150693      7.030145134950163      0.995137384166727
                 250000      2.472130816471896    0.02306016392597705      3.863819949190093     0.3954183795296814
                 251000      2.650572531604543     0.0230376634241472      7.832418869044845      1.101057240125765
                 252000      2.505301505763394    0.02300932418015743      4.716068495251943     0.5925304772763597
                 253000      2.458285490233378    0.02298441859246401      3.436305674001592     0.2748689339617307
                 254000      2.291678191297074    0.02297911347713053     0.5237612193972569     -1.606478255256007
                 255000      2.697100067868038    0.02295869276636305       8.18089498775762        1.1411536286814
                 256000       2.64255642764616     0.0229344334678029       7.38309930792117      1.037488374754902
                 257000       2.69240516535961    0.02291561339572749      8.505133690214006      1.178143868424801
                 258000      2.632019393147923    0.02288933219283562      6.718955765232563     0.9412591470738392
                 259000       2.72169979184119    0.02286218502838034      6.177629996382057     0.8560743768058028
                 260000      2.490186288539537    0.02283563034820317      4.469797099054088     0.5313205043943374
                 261000      2.666917192553489    0.02281761503876566      8.660793449276426      1.191994605559834
                 262000      2.549456776962356    0.02279073903706176       4.96199120132661     0.6338168206957477
                 263000      2.719125496704859    0.02276463707908118      6.469479547589857     0.8979594287911227
                 264000      2.580404901585115      0.022738670002521      4.561726909775021     0.5474236973719784
                 265000      2.472870655120381    0.02271414184363576      3.978017734239762     0.4094267954959933
                 266000       2.57533472896869    0.02268825930628976      4.736320865330409     0.5827636628564281
                 267000      2.534412972522273    0.02266228106848952      4.981260597806857     0.6320403443870355
                 268000      2.545320323033194    0.02263634264236827      5.168742941697811     0.6678416482147896
                 269000       1.79297051480577    0.02263390858701494     0.2650561763623882     -2.302708889621531
                 270000      1.873421484026727     0.0226301210731709     0.4186919354332048     -1.845682619582267
                 271000      2.557551509579914    0.02260445093209035      5.095549578165113     0.6521697955962744
                 272000      2.656833223653896    0.02258371879718863      7.956085317205014      1.096821761798955
                 273000      2.673755781842063    0.02256542734656992      8.518593837245401      1.164325693990653
                 274000      2.755024168592537    0.02254660797312966      2.735274593961987    0.02747190075467515
                 275000      2.695519109702535    0.02252666871692197      8.149060340340776      1.118257946352525
                 276000      2.697769787254525    0.02250654436722622      8.114730328842565      1.113142534680244
                 277000      2.376958961958303     0.0224955889751015      1.405185198392197    -0.6408562098809032
                 278000      1.838278222710163    0.02249220390391833     0.3942515698769111     -1.911941877427895
                 279000      1.812549505982325    0.02248922991188108     0.3450309015719979     -2.045429334382128
                 280000      2.197556065065935    0.02248623725664426     0.3474877850678016     -2.038466883124317
                 281000       2.68011843065507     0.0224691143802939      8.774985438269297      1.189702219665407
                 282000      2.660923673323826    0.02245021308521556      8.413984642271018      1.146850703375161
                 283000      2.408521103467712    0.02243702806177341      1.803273250790386    -0.3940284435096032
                 284000      2.501521658570451    0.02241353478177443       4.50379036237331      0.520239790481869
                 285000      2.618005267066926     0.0223891967505571      5.447743505106253     0.7094354795574692
                 286000      2.313810141838796     0.0223845206978757     0.5754992703546147     -1.538492201179924
                 287000      2.674519739143765    0.02236795816864759      8.888914790378728      1.198089904935852
                 288000       2.76870315533415    0.02235586445942647      1.676159995749237    -0.4707504232994719
                 289000      1.958972503175587    0.02235194734567528     0.4844357350610603     -1.712201613619519
                 290000      1.882863364567852    0.02234831984245388     0.4474536931692443     -1.791775644395523
                 291000       1.96748485406819    0.02234417096413195     0.5153849647835184     -1.650620235279214
                 292000      2.342351387848939    0.02233714747622599     0.9061161612605124     -1.086681231409294
                 293000      2.353660349637158    0.02232840953336925       1.15696571200813    -0.8426839119453189
                 294000      2.450530218152148    0.02230975271946811      3.037165527123553     0.1216040503945498
                 295000      1.717823042598944    0.02230811116840459     0.1998512123668506      -2.59957634782387
                 296000      2.114929062366685    0.02230440529272173      0.462299806514435     -1.761102023023195
                 297000      2.656167984549871    0.02228709633512992      8.663755462365691      1.168811593822157
                 298000      2.584109636947974    0.02226424595061972      4.720875676524024     0.5606318160271616
                 299000      2.634881139198517    0.02224231186159119      7.172079334217358     0.9778474697094739
                 300000       2.14648141142278    0.02223896910254176     0.4261601182983097     -1.845438585999174
                 301000      2.176489143343339    0.02223570498304182     0.4160397809624604     -1.869619628735405
                 302000      2.666429862522282    0.02222086331666267      9.206400317105611      1.226586003188885
                 303000      2.414287248298127    0.02220738448813875      2.034460561994509    -0.2836889904000061
                 304000      2.495096698876595    0.02218527558310081      4.586726478366178     0.5282508286716103
                 305000      2.562163777492906    0.02216263184068674      5.120577636283151     0.6373303102532025
                 306000      2.656610707939413    0.02214620984315735      8.836670276034905      1.182231946538107
                 307000      2.551671574117015    0.02212372826982073       5.24181406558645     0.6589737818333997
                 308000      2.689077057877673    0.02210835641405786      9.093491246479743      1.209170003087653
                 309000      2.483942255048086    0.02208732596663949      4.356422997570554     0.4723107033598181
                 310000      2.402806414279868    0.02207504593673099      1.913772502611393    -0.3508203084884021
                 311000      2.480971645446027    0.02205420175505015      4.355334980186916     0.4705601031757025
                 312000      2.603253038591051    0.02203253529098538      4.980972433129609     0.6038008152087585
                 313000      2.073815364216133    0.02202936697208015     0.4344286832378781     -1.835691619622363
                 314000      2.118356766132818    0.02202570267496323     0.5060368954821882     -1.683280183771912
                 315000      1.808578247047072    0.02202304749586513     0.3622377052534899     -2.017709682085666
                 316000       2.04930244662352    0.02201947626882808     0.4932727873075965     -1.709110152405035
                 317000      1.721965866176529    0.02201778087148332     0.2288655898587243     -2.477114605463024
                 318000      1.816676578746347     0.0220147657439481     0.4139485457520112     -1.884644762322383
                 319000      1.924118080393559    0.02201145294905445     0.4568703738660123     -1.786137229860058
                 320000      2.212538236676068    0.02200882619329898     0.3593435359060392     -2.026377422239619
                 321000      2.199180876705334    0.02200563618066938     0.4398111095012698     -1.824455892476435
                 322000      2.514737880354138    0.02198433472908181      4.902442721676776     0.5857191752610234
                 323000      2.452432054253388    0.02196675081457264      3.276653688288401     0.1820081059550628
                 324000      2.759053345731524    0.02195246620637937      2.425231478085153    -0.1195380986542409
                 325000      2.658132515034327    0.02193688530744815      8.889356842042098      1.178679619119821
                 326000      2.510709210672495    0.02191598242066643      4.919161988307341     0.5860097877474962
                 327000      2.725116920914445    0.02189467304517395      5.773846339860556     0.7452372735283862
                 328000       2.59838097634668    0.02187413632209098      4.819915401147226     0.5637167631026995
                 329000      2.621216292544158    0.02185311336664238      6.128141243342978      0.802890318365942
                 330000      2.612634830635881    0.02183219851274482      5.619942452250171     0.7153627379247013
                 331000      2.627372347092471    0.02181188493787789      6.788609506957216     0.9033565748257415
                 332000      2.440282738831582    0.02179682159588992      2.799873365361543    0.01699378809146621
                 333000      2.459929458304637    0.02177918238867605       3.63013760244731     0.2758805696001183
                 334000      2.316122675221046    0.02177492447358464     0.6417089996333391     -1.457205857631604
                 335000      2.332476858937556    0.02176940753579914     0.8481710278635985      -1.17851188177859
                 336000      2.502498620455476    0.02174947668185283      4.906757625505607     0.5758584966863108
                 337000      2.371404963974218    0.02174037232689787      1.500152467104114    -0.6096068066446796
                 338000      2.613482230753257    0.02172006225231578      5.839148647544686     0.7484768056514935
                 339000      2.499918426751733    0.02170035398861014      4.952634517017961     0.5829036716893872
                 340000      2.484047890375857    0.02168102557928184      4.725555210733708     0.5350779775076425
                 341000      2.203479292442588    0.02167806645017768     0.4506296965061417     -1.815152924297569
                 342000      2.448358355634695    0.02166202802506864      3.261599794093174     0.1634341143262526
