#! FIELDS time e sigma_e height logweight
#! SET action OPES_METAD_kernels
#! SET biasfactor       1.927441707340398
#! SET epsilon     0.01821196306674905
#! SET kernel_cutoff       2.830433390657354
#! SET compression_threshold                       1
                   1000      2.663511182010311    0.05785834540142751     0.1509064987297364     -1.927441707340398
                   2000      2.531421515378725    0.05421031468069309     0.3179689297243922     -1.247274970365498
                   3000      2.637378610771422    0.05040806849267138      1.034881975369933    -0.1399059240613501
                   4000      2.537667793516144    0.04772951508121798      0.968297344760752    -0.2610106554127253
                   5000      2.555640961663252    0.04589282097747974      1.373052729303404    0.04900066738606082
                   6000      2.710084503577221    0.04450510647174506       0.67008015982582    -0.6990985596819146
                   7000      2.723474024064611    0.04315017165543074      1.014165131799141    -0.3155924228079566
                   8000      2.619909477491508    0.04203865184562999      1.360844362944011   -0.04764972289676148
                   9000      2.648408825707821     0.0411055984327078      1.518065786380233    0.03923678048219238
                  10000      2.357611092348611    0.04081753278035087     0.2139080863561719     -1.927441707340398
                  11000      2.663025533929621    0.04014908568032169      1.889334579396627     0.2344797980021346
                  12000      2.648314281261273     0.0395724304793857      2.121785713116129     0.3360461652042697
                  13000      2.704603131289076    0.03888505460098196      1.719618312224063     0.1083677687912112
                  14000      2.482508484084432    0.03838399723803539      0.805831497457429    -0.6625845466390671
                  15000       2.65409648407098    0.03793921202412904       2.34912151365123     0.3956820673570662
                  16000       2.26197203538071    0.03778012479818508     0.2434922580921189     -1.875231528114955
                  17000      2.621758180490473    0.03736319075977956      2.459493829994644     0.4262970218753254
                  18000      2.507047595799667    0.03689382685923851      1.256653806810819    -0.2578478395259511
                  19000      2.584922261896951    0.03643580702911659      1.991848080153291     0.1902703297572995
                  20000      2.658242776954417    0.03608816955765892      2.612391984851048     0.4518868072474464
                  21000      2.551660308627944    0.03567810731185279      1.732075150846564    0.02951289672345773
                  22000      2.284794912653478    0.03551962896607084     0.4201926945866494     -1.391300966212561
                  23000      2.446887009206842    0.03527427668796371     0.7449423552005893    -0.8256390088072276
                  24000      2.635801505887761    0.03501148738414402      2.865808508899605     0.5141821688078072
                  25000      2.400253108276778    0.03483893954699136     0.5516264025332138     -1.138493117350007
                  26000      2.413619914057946     0.0346031455616262     0.8588409548569957    -0.7025714977507375
                  27000      2.645720734756505    0.03439633737605964      3.130850763367051     0.5849103018636013
                  28000      2.466647293998966    0.03412700626571642       1.26160757709226    -0.3318687561884408
                  29000      2.689529070499441    0.03384509120203934      2.478856031061631     0.3352465863902424
                  30000      2.647152284738407    0.03362441553267728      3.058887423308719     0.5389591563174624
                  31000      2.648067037753858    0.03341040731309564      3.153401171092054     0.5630044926205904
                  32000      1.808806319867226    0.03335015150033294      0.261803917944361     -1.927441707340398
                  33000      1.713481936840171    0.03329030763254222     0.2622745461892391     -1.927441707340398
                  34000      1.736029865106211    0.03319798507069453     0.4264588213846675      -1.44409484558937
                  35000      2.504734389209396    0.03295623466632227      1.721078810209719   -0.05621279375300452
                  36000       2.46521073053393    0.03272741171833508      1.665128235591508   -0.09622941779028354
