#! FIELDS time e sigma_e height
#! SET action OPES_METAD_state
#! SET biasfactor       5.011348439085033
#! SET epsilon    0.001910020759284688
#! SET kernel_cutoff       3.538542402811424
#! SET compression_threshold                       1
#! SET zed      0.1384568390303813
#! SET sum_weights       466.0288129709199
#! SET sum_weights2       1462.428120197601
#! SET counter  342
                      0      2.658303788744935    0.03495242318451362      348.2852037534484
                      0      2.555207487067383    0.03398168478571707      148.6521325901792
                      0      2.166777287477733    0.03038968466269886     0.7312655301376367
                      0      2.407753371158011    0.03216652266651199      29.27305262546621
                      0       1.93206788294576    0.03418484257329989       1.49626060404793
                      0        1.7658593792264    0.03749343124779671     0.4561669485521653
                      0      1.996084961283042    0.03015894466323183      1.371152375802513
                      0      2.100812577507075    0.04098861577420256     0.5777314825770777
                      0      1.575401992275895    0.03175589265315534    0.08674569531044266
                      0      1.860365699833176    0.03202366809357354      1.477370290292059
                      0      2.502385608178957    0.03411713211819419      113.8617696872892
                      0      2.303697816619678     0.0325724781992561      3.279829736079654
                      0       2.70206998215547    0.02981028559184506      209.5004306963229
                      0      2.456472006459566    0.02999242148940747       64.5934514222009
                      0      1.821228087761427    0.02699588821573732     0.7905679659419337
                      0      2.351881634972155    0.02929045180814804      8.009073755013986
                      0      2.743433760904713    0.02986834548696703      29.47492624888186
                      0      1.534101482787136    0.02839529965164604     0.0947442507288615
                      0      2.047121242984248    0.02849365201907003     0.7525412276322726
                      0      2.218956776100901    0.02768811289665951      1.269631098573046
                      0      1.670166875922243    0.02837243493741162     0.2475144953188547
                      0      1.632956547376313     0.0261771707664569     0.1247062556582529
                      0      1.711168137488744    0.02561586896390254    0.09458152221345635
                      0      1.466574384704507    0.02624403143073071    0.03478103969322352
                      0      2.608794228809233    0.02790882476443688      41.53579947329372
                      0       2.26095760841622    0.02574984590134008      0.653177283413481
                      0      2.786306490195073     0.0240335739433617      1.499175674226278
