#! FIELDS time e sigma_e height logweight
#! SET action OPES_METAD_kernels
#! SET biasfactor       1.927441707340398
#! SET epsilon     0.01821196306674905
#! SET kernel_cutoff       2.830433390657354
#! SET compression_threshold                       1
                   1000      2.668759958183782    0.05785834540142751     0.1509064987297364     -1.927441707340398
                   2000      2.646317045715104    0.05259138453679858      1.109894189439392   -0.02752756201873051
                   3000      2.535367850250028    0.05027769548970591     0.4100824516884393     -1.068180050911407
                   4000      2.680742679956704    0.04780700710356993      1.361560410311528    0.08145906121272835
                   5000      2.693490561140831    0.04594507029535747      1.574589631067225     0.1870966833436122
                   6000      2.689800353807144    0.04445708295815341      1.772479302590294     0.2725590360806451
                   7000      2.645209027243296    0.04312920914317783      1.688358115353669     0.1936124390044962
                   8000      2.671224253182991    0.04204937728481216      1.942970099124257     0.3087177964165855
                   9000      2.612657278327328    0.04107042773929863      1.424646011885205   -0.02513284927462891
                  10000      2.653661291080768    0.04022915109474627      1.960473903399815     0.2734335536835227
                  11000       2.41227216288219    0.04002411277782207     0.2292394110886788     -1.877850828559953
                  12000      2.412853322646347    0.03969129384995251     0.4087354862213309     -1.307899762184733
                  13000       2.43168771007514    0.03926593580053696     0.5845942584930789    -0.9608244403458522
                  14000      2.566785232054026    0.03868636339501243       1.02182932512115    -0.4172629143607798
                  15000      2.424564352337081    0.03823872964944623     0.7617886277781645    -0.7225818481978148
                  16000      2.624542547951044    0.03768173818465353      1.956571048203865     0.2060244925269658
                  17000      2.686530279657488    0.03717268754160123      2.039180650693729     0.2337778088845829
                  18000      2.704226553059526    0.03668958811381538      1.940866994283462     0.1712832274794797
                  19000      2.480650362404218    0.03641833686896697     0.6294875774976476     -0.962121313899485
                  20000      2.397323575464533    0.03609261487243523     0.8598403115624376    -0.6592648831879427
                  21000       2.71443236637277     0.0356953285148808      2.097260961694352     0.2213074535060112
                  22000      2.694792858531766    0.03536951212721029      2.543414020248623     0.4050129284870376
                  23000      2.526673155971831    0.03511611470963754     0.8102985068523214    -0.7460370007985426
                  24000      2.488103384489148    0.03485196824926158     0.9119973618750853    -0.6353531304625445
                  25000      2.555332457481577    0.03456193732273904      1.144955945450904    -0.4162254023878834
                  26000      2.688610531653333    0.03429984376558258      2.656858187295564     0.4179405291112444
                  27000      2.728327873128218    0.03399832430524453       2.13529391688738     0.1905709792345419
                  28000      2.466830315385317    0.03376848858666662      1.032495061530347    -0.5428382221012072
                  29000      2.568654164448339    0.03351634125244396      1.311991348747204    -0.3107653471882373
                  30000      2.732791657055864    0.03325373258621735      2.171823910085414     0.1853897828918095
                  31000      2.633136268595513    0.03300447256672054      2.243048442327826     0.2101343748049269
                  32000      2.418205240720103    0.03281230439749788      1.049385082121994    -0.5553366265637848
                  33000      2.572762992978378    0.03259178336783322      1.456741875670396    -0.2340819995477757
                  34000      2.553179546767473    0.03238030751454773      1.448805209957529    -0.2460548933347848
                  35000      2.562630106383685    0.03216870031251658      1.622269687045329    -0.1395244123053688
                  36000      2.562410825664466    0.03196180918697392      1.736808063172766      -0.07775385295692
