#! FIELDS time e sigma_e height logweight
#! SET action OPES_METAD_kernels
#! SET biasfactor       1.927441707340398
#! SET epsilon     0.01821196306674905
#! SET kernel_cutoff       2.830433390657354
#! SET compression_threshold                       1
                   1000      2.670435408410285    0.05785834540142751     0.1509064987297364     -1.927441707340398
                   2000       2.48000899530076    0.05566206205584254     0.1568608852123671     -1.927441707340398
                   3000      2.657350551599793    0.05142665737705036      1.151812384410267   -0.01285120993284762
                   4000      2.709573859124661    0.04856041694216379      1.306544760869987    0.05585023614534601
                   5000      2.608585899100794    0.04636464802645404      1.143353330633913    -0.1238418266545904
                   6000      2.616024583890987    0.04475214199506616      1.561456596453508     0.1524138484602124
                   7000      2.630436467664496    0.04346564989119912      1.783921337648486     0.2564403461944214
                   8000       2.66977823783179    0.04229997424095909      1.709549775612226      0.186671961601415
                   9000      2.531001042868447    0.04159900600324348     0.6299379123568648     -0.828402305660762
                  10000      2.700858036309324    0.04066566149702056      1.497148664059474    0.01460188474692925
                  11000      2.539579025802083    0.03998087136625114     0.8785319911104796    -0.5354463947448745
                  12000      2.725873971347524      0.039243273451519      1.361215798581442    -0.1161862397714145
                  13000      2.564679371770767    0.03859738857834963      1.229310704595294    -0.2347063319185901
                  14000      2.651684376274883    0.03800705133070117      1.813951103674722     0.1389345379784583
                  15000      2.675561803679846    0.03746540906218465      1.853893869405436     0.1463617414373742
                  16000      2.648552080985398    0.03696768725434452      1.911855893045099     0.1637740934506046
                  17000      2.675441409753314    0.03650528990703568      1.939423130135482     0.1655031900810667
                  18000      2.726471851151605    0.03607280479856368      1.472130390690507    -0.1220947134425423
                  19000      2.614037456060583    0.03566219300296043      1.705497514835382    0.01360341160943988
                  20000      2.605598810797329    0.03527817033006615      1.709854362086147   0.005328004695821442
                  21000      2.710413301130823    0.03491765713678634       1.76168429932403    0.02491841387674321
                  22000      2.074748344634724    0.03482534092847047     0.2507139942939432     -1.927441707340398
                  23000      1.841713671695826    0.03473396270629938     0.2513735734863812     -1.927441707340398
                  24000       2.26299294328473    0.03464350654581402     0.2520299241440432     -1.927441707340398
                  25000      1.952977812170589    0.03455395690108549     0.2526830820510425     -1.927441707340398
                  26000       2.54890119336986    0.03423525675124309      1.664286039287221   -0.05169232376975729
                  27000      2.386743182783719    0.03415122496983305     0.2556628740122131     -1.927441707340398
                  28000      2.370938743702603    0.03401207035556938     0.4597854785273919     -1.344624339451184
                  29000       1.90578920390982      0.033892633570742     0.3934212463819242     -1.504021237660689
                  30000      2.571576916306036     0.0336492019085348      2.426709995855653     0.3081812049750876
                  31000      2.466822054068193    0.03348043113327824     0.6675226433897914    -0.9875654059474368
                  32000      2.420289149581715    0.03331332233486097      0.682281333139813    -0.9707003693895904
                  33000      2.757105821660385    0.03305938374489693      1.985278254451574    0.08971997237188752
                  34000      2.143031069455505    0.03298028103561255     0.3076329698832212      -1.77728258655051
                  35000      1.591926765997516    0.03291190716599848     0.2652900144250965     -1.927441707340398
                  36000       2.38920390328908    0.03271601632166281       1.00519534198571    -0.6012979157015357
                  37000      2.568266938917108    0.03257419065855669      2.931091518201077     0.4645506004677035
                  38000      2.715732391936676    0.03246376228900372       3.23353397424419     0.5593555473451194
                  39000      2.664457699478139    0.03241404177686268       3.73209196059178     0.7012160786487006
                  40000      2.662216870089686    0.03235427962932366      3.897113550501853     0.7426379053125398
                  41000      2.361566448994084    0.03219918375045634     0.9986014595155279    -0.6238029787127303
                  42000      2.473159803805762    0.03204615736314305      1.017182155477009    -0.6101310694842517
                  43000      2.330960756967498    0.03190896824403636     0.9030770661911713    -0.7334048403535424
                  44000      2.154841148064982    0.03182216196199147     0.5227354691139585     -1.282861336194073
                  45000      2.667028319738361    0.03178135284234377      4.141396713726103     0.7855682683712968
                  46000      2.728148459086583    0.03162145093633646      3.255957987727999     0.5399777001962291
                  47000      2.704387981255569    0.03151595723764335      3.919956658285158     0.7222300314958189
                  48000      2.486274770658519    0.03136856648431613      1.297215287247894     -0.388318357903264
                  49000      2.710535745714769    0.03125702667622973      3.934456802461484     0.7176724720879866
                  50000      2.634988475273048    0.03111252508642215      3.569336853677366     0.6156457350490258
                  51000       2.69453534853072    0.03101453445161203      4.253990847134295     0.7879689508487949
                  52000        2.5130511437224    0.03086557887540782      1.705044206049833    -0.1311119137752058
                  53000      2.590814447787335    0.03070231501882711      2.808749467122278     0.3627328521042004
                  54000      2.503835381916994    0.03055937794870148      1.782076738348726   -0.09689356204485164
                  55000      2.623016493587311    0.03041869410734167      3.442752312606177     0.5569840372919562
                  56000      2.628450306590026    0.03028895108445667      3.687246275656515      0.621318345811032
                  57000      2.700686051368651    0.03017950675055985      4.122966302024161     0.7293914279199082
                  58000      2.701668010728309    0.03007261890697208      4.219215854593939     0.7489198190013558
                  59000      2.547927440685309    0.02993535502339925      2.386313260832166     0.1744452681643777
                  60000       2.65514123598689     0.0298270322089987      4.172232533404323     0.7295218134702802
                  61000      2.642428664300886    0.02971427043497103      4.075271890477666      0.702220320272717
                  62000      2.282310018497297    0.02967097653327536     0.5268160915103172     -1.345078979119152
                  63000      2.538653458194922    0.02954644226153618      2.330933677395974     0.1378876843642009
                  64000      2.755731146394221    0.02942306029924392      2.455582258087788     0.1857980740525323
                  65000       2.50470198646457    0.02930998237919493       2.07309564379372    0.01262656156715795
                  66000      2.631208879544052    0.02920363239217186      3.978412986455855     0.6608315289615869
                  67000      2.700282173552538    0.02910695168595478      4.279415167435414      0.730448830112108
                  68000      2.688127641478797    0.02901802501436174      4.520378334127888     0.7821683194821526
                  69000      2.648681947487991    0.02892325683423861      4.366430060693268     0.7442471995165273
                  70000      2.655873845992749    0.02883392952429243      4.552004948914512     0.7827760239960138
                  71000      2.650522184646843    0.02874473865251745      4.572687876660246     0.7842113737115141
                  72000      2.707691245601893    0.02864747246564453       4.23858034974892     0.7049490459581551
                  73000      2.628131429741768    0.02854997067573468      4.167369358504228     0.6845963342217807
                  74000      2.713451412266238    0.02845347757607456      4.150304119787926     0.6771074389743363
                  75000      2.569231598338657     0.0283565186136354      2.626234752812508     0.2160635424550348
                  76000      2.501794018993668    0.02827280782555845      1.995901369952244   -0.06134831089300165
                  77000      2.575636101223284    0.02817729030109348      2.836694761534062      0.286811340866743
                  78000      2.483934186721443    0.02810079786600316      1.825766890710919    -0.1565464796201397
                  79000      2.547839120265436    0.02801059766397276      2.638704747124011     0.2085265350160898
                  80000      2.607360753367139    0.02791930739968938      3.659822537333078     0.5323885679332728
                  81000      2.472350458066121    0.02784933694617151      1.735736911852505    -0.2161033478876837
                  82000      2.670780298047391     0.0277764556577584      4.775688642165571     0.7933823626392988
                  83000      2.707968399112894     0.0276962678751323      4.375591795381564      0.702994886321587
                  84000      2.523085113158309    0.02761615985614505      2.483766262594897     0.1338326036556005
                  85000      2.334845634962851    0.02757806990063363     0.8686105288940051    -0.9181841114254434
                  86000      2.693323210979057    0.02750657066389853      4.729369884938253     0.7738723240578498
                  87000      2.676389700746529    0.02743853590864873      4.904362223488158      0.807728941884105
                  88000      2.472568550628771    0.02737397116151943      1.875013139831808     -0.156136290624426
                  89000       2.66970924593892    0.02730768093173376      4.944166636843037     0.8110318776577616
                  90000      2.634921683066787    0.02723357942755085      4.414934983444438     0.6950992951031327
                  91000      2.671256040211788    0.02716934068789079      5.039125847754392     0.8249772188762208
                  92000      2.609165256584618    0.02709257177770737      3.736220114892803     0.5229894598400778
                  93000      2.610596750842304    0.02701750827533638      3.900291628021892      0.563191875024305
                  94000      2.674579986520857    0.02695579699740698      5.105587814927043     0.8301894038759929
                  95000      2.397907097708293    0.02692382979901186      0.896328916866137    -0.9107806402811807
                  96000      2.509978528170955    0.02685885925034685      2.424621551929632    0.08192660891879146
                  97000      2.346865369444885    0.02682418360707601      1.010375293977516    -0.7947188681703971
                  98000      2.670059485676727    0.02676501293542115      5.137414375305172     0.8293008979954637
                  99000      2.555491231703873    0.02669894698156574      2.747318310635182     0.2009048396455372
                 100000      2.416790119026179    0.02666627772501226     0.9904321845765895    -0.8205586826711359
                 101000      2.505221761585245    0.02660432050177022       2.49080897392549    0.09933661209291497
                 102000      2.595185279031789    0.02653657771978064      3.487540871556573     0.4333763768777287
                 103000      2.607207033239818    0.02647006281860423      3.920790135503101     0.5479630258843038
                 104000      2.513681167780145     0.0264094331891602      2.628964151775394     0.1459666118450504
                 105000       2.69906221965643    0.02635050759257436      4.803206313334731     0.7464266529129828
                 106000      2.731757308208888    0.02628654572709328      3.519690963798411     0.4330858681337542
                 107000      2.699072991642817     0.0262293141968029      4.853750128939312      0.752284714186844
                 108000      2.574986534866673    0.02616822924479964      3.189977331832186     0.3302152992397573
                 109000      2.663423485338559    0.02611446463827207      5.073057412218655      0.792088475027077
                 110000      2.725126965487433    0.02605382290418423      3.925190449532292     0.5332348200010684
                 111000      2.507116918123265    0.02599995322026374      2.565702774568614     0.1059826038591039
                 112000      2.621948094971028    0.02594172306541531      4.253224186062824     0.6091853668307324
                 113000       2.56377284220165    0.02588544341347887      3.058563269724424     0.2772815041250121
                 114000      2.608373704847947    0.02582796877677065      3.993735982269884     0.5418405328714496
                 115000      2.711523750202215    0.02577299096635295      4.499310031929219      0.658906578376351
                 116000      2.735915736697412     0.0257172204746788       3.49095046894331      0.402990302479137
                 117000      2.464284316197142    0.02567740970485546      1.782753884502827    -0.2705736618163415
                 118000      2.718857552217248    0.02562367147815458      4.383002967663562     0.6269061276589872
                 119000       2.68391103745144    0.02557597557173568      5.175838979588623     0.7913103420812534
                 120000      2.380058073092424    0.02555019478667639      1.070137872728897    -0.7859121286661367
                 121000      2.447955554818172    0.02551725287246635      1.462392564238912    -0.4749159185269271
                 122000      2.683554653274802    0.02547113619361892      5.241684399476307     0.7998442318287186
                 123000       2.64997990540465    0.02542265726159738      4.937885958634339      0.738233528373289
                 124000      2.668398661035747    0.02537710630935153      5.258201432958981     0.7992919143397272
                 125000      2.566725775239829    0.02532801565986975      3.117366310035319     0.2745550731422037
                 126000      2.357015358917248     0.0253032169501084      1.114149334905794    -0.7553218369950411
                 127000      2.620340487530464     0.0252534903261975      4.348126326397716     0.6043648374329994
                 128000      2.495385491549052    0.02521059152606589      2.464910665785218      0.035075208425114
                 129000       2.52237510384853    0.02516583408593693      2.735967537619223     0.1376278569241827
                 130000      2.513153110715282    0.02512117639465525      2.786224308442617     0.1540539941171074
                 131000      2.719086172725886    0.02507368700136017      4.406200540361437     0.6104871700308255
                 132000      2.718807308772789    0.02502686108157389      4.462885622434093     0.6214006864711327
                 133000      2.682516857336605    0.02498494043906512      5.276926681147806     0.7872725589899279
                 134000      2.662693744580889    0.02494252272246682      5.183451153603174      0.767700604874449
                 135000      2.586565436275521    0.02489720379619613      3.442187244607732      0.356518033855087
                 136000      2.143448137423698    0.02488593965654507     0.5241881481169288      -1.52594618848319
                 137000      2.497923512370501    0.02484553811165599      2.643205430015771    0.09032598002459401
                 138000      2.504081891985268    0.02480450406706454      2.784311790345841      0.140681419926218
                 139000      2.585197275284704    0.02476053228326792      3.484459152652436     0.3632192223146313
                 140000      2.527490085814548    0.02471947615440504        2.9218444648338     0.1854619618801516
                 141000      2.697076889046945    0.02467939921031682      5.167109384996321     0.7539377123435316
                 142000      2.578750637558772    0.02463690298006043       3.44582900939155     0.3470653946481302
                 143000       2.66294324750276    0.02459767415927937      5.204807602288403     0.7578900672418176
                 144000      2.477987026473239    0.02456238624454625      2.366650339106924   -0.03165270748218058
                 145000      2.591403872996381    0.02452060898026585      3.656308592297683     0.4016234417139823
                 146000        2.6851088243471    0.02448317380760065      5.343334607063077     0.7794914523523062
                 147000      2.619383955910908    0.02444196677925579      4.288007086338001     0.5577791189910399
                 148000      2.498786024439422    0.02440489269683154      2.814383511993585     0.1351823068769029
                 149000      2.443255965967133    0.02438113905321905      1.442973499590205    -0.5338288036348929
                 150000      2.565307762625125    0.02434205554100047      3.347835556704716     0.3061750074684897
                 151000      2.605009088271387    0.02430212216554424      4.055184919214565     0.4962154055198091
                 152000      2.764465125970701    0.02427291091694516      1.983335795253477    -0.2202034385892557
                 153000       2.55900513134328    0.02423477458141058      3.375429463017946     0.3099665701973526
                 154000      2.545014756782683    0.02419749224300448      3.236717987342375     0.2664642887857615
                 155000      2.466061268195785    0.02416707708858836       2.19510022893741    -0.1231255983270166
                 156000       2.52154055019162    0.02413087629640757      3.121403246100338     0.2274302914719444
                 157000      2.670313811950953    0.02409679101654974       5.36963073445588      0.768493258191651
                 158000      2.670690844354058    0.02406317936948526      5.426793251453206     0.7776866810334867
                 159000       2.72020102740077    0.02402613968124507      4.435301526211544     0.5743934301361248
                 160000      2.357129253214334    0.02400857087486472      1.130271659981105    -0.7934756649461916
                 161000      2.687733508846288     0.0239757018809481      5.462445956645031      0.780593000506141
                 162000      2.642194312335781    0.02394056001980982      4.926100233198019      0.675777177552648
                 163000      2.525172836875169    0.02390647666294869      3.147587496322501     0.2264411353084653
                 164000      2.756721800071999    0.02387652924254424      2.456879900743199   -0.02255641396485832
                 165000       2.63806294077655     0.0238419754092635      4.850692751984022     0.6562246678790814
                 166000      2.703768981244544    0.02380856737785544      5.116640043896241     0.7081989097440009
                 167000      2.697670942555566    0.02377628571560675      5.335181547192483     0.7486670368555403
                 168000      2.658505006330173    0.02374411669299838      5.323383062826792      0.745099234692857
                 169000      2.544043661685283    0.02371144633689697       3.25049768843647     0.2504214566503574
                 170000      1.958249070806345     0.0237046605719291     0.4384841756433266     -1.753104440102741
                 171000      2.160751982075439    0.02369597967729452      0.571385779909272     -1.488729838238127
                 172000      1.763005800830388    0.02369019580460252     0.3717319011625257     -1.918865659135242
                 173000      1.929542752001955    0.02368242952792331      0.508518837467001      -1.60586417817507
                 174000      1.661745503439203     0.0236766272080404     0.3740309135637096     -1.913273022839612
                 175000      2.421356150951304    0.02366050654076354      1.154324857315649    -0.7870216607959202
                 176000      2.729065458376094    0.02362682365775132      4.283371765102736     0.5227785950714504
                 177000      2.660092546020617    0.02359752122514634       5.68027932199488     0.8037975193918365
                 178000      2.741724535904215    0.02356509489386375      3.583301050651763     0.3417064817885527
                 179000      2.687898097215114    0.02353741239825672      5.910462838961053      0.840970752856122
                 180000        2.0448523757326    0.02353139002263492      0.408664714580203     -1.830869514628582
                 181000      2.655704286491738    0.02350238339747945      5.658161713622503     0.7958563288363415
                 182000      2.519806777625433    0.02347161543419506      3.304004789888184     0.2565825804022854
                 183000       2.68872164806022    0.02344446254802957      5.943994178620927     0.8426710941526232
                 184000      2.690748424830998     0.0234174232437604      5.960457192318032     0.8442829543994529
                 185000      2.390546338348487    0.02340251997537831      1.165774745811066    -0.7881149705464022
                 186000      2.553309985905702    0.02337193735077748      3.535849233185624      0.320144988134467
                 187000      2.579460078546903    0.02334096589523626      3.844535947208599     0.4025183532074906
                 188000       2.70100419854374    0.02331331763994379       5.73659737695889     0.8015464506845366
                 189000      2.404813976021348      0.023298430066493      1.207341339179659    -0.7575378812541349
                 190000      2.410540035696379    0.02328284669421084      1.280679095558774    -0.6992371855069524
                 191000       2.38821598668073    0.02326610669874606      1.404379822477145    -0.6077511109534769
                 192000      2.570042388179417    0.02323617769224192      3.728154797264478      0.367279303993499
                 193000      2.423486983683353    0.02321957535119228      1.410686782111409    -0.6052722088649379
                 194000      2.697430598183781    0.02319281815827954      5.755621656455953     0.7996751629584832
                 195000      2.680625536935669    0.02316739950175009       6.01245354791045     0.8422344438320613
                 196000      2.655362485178787    0.02314010592669942      5.592371143667985     0.7686261103767397
                 197000      2.703032945704636    0.02311314579252522      5.648564930944057     0.7774584937405348
                 198000      2.668437258524055    0.02308766634747514      5.966404646745158     0.8310984976265865
                 199000      2.707650330378256    0.02306045540655886      5.522413973920504     0.7525897800015424
                 200000      2.760225758670586    0.02303747298100966        2.4079641569987   -0.07844076968486483
                 201000       2.66740736943972    0.02301241639285904       5.99173934811956     0.8320710965006515
                 202000      2.681041252797681    0.02298840443788389      6.198848633231563      0.865008942192011
                 203000      2.681401519780599     0.0229646121794101      6.240640018413483      0.870692612125108
                 204000      2.541208231482607    0.02293813791012122       3.35880463332325     0.2500415207856869
                 205000      2.670730731160955     0.0229141799641955      6.170911495620709     0.8572579263682025
                 206000      2.690725455526955    0.02289050369063601      6.225206561616806     0.8649842007229357
                 207000      2.522002116343739    0.02286500429184959      3.242353396612367     0.2115624057056006
                 208000      2.732512853647536    0.02283770961804352      4.144663133701282     0.4558900528834736
                 209000      2.528780970404733     0.0228122120109322      3.352412955581996     0.2426318166670188
                 210000      2.327421018568421    0.02280218556230573      0.926159413389855     -1.044197079323627
                 211000      2.735144552164368     0.0227754730518835      4.022086009887394     0.4231403273496454
                 212000      2.425650987735894    0.02276113816437679      1.426237588733378    -0.6142500268632557
                 213000      2.683831998390971    0.02273870304148123      6.318834201810038     0.8732586196428108
                 214000      2.622436244447313     0.0227121340806108      4.483641651236713     0.5289903452529605
                 215000      2.430554942624886    0.02269738447356281      1.515975384166551    -0.5560358160709974
                 216000      2.456575256493524      0.022679695986915       1.93179606241915    -0.3144243154447492
                 217000      2.460642736774562     0.0226610948007977      2.085487292619049    -0.2386924521136941
                 218000      2.700642763666247    0.02263782822800964      6.000018323628141     0.8170402833484102
                 219000      2.726619150545982    0.02261196892236171      4.640284471386492     0.5589104750503671
                 220000      2.702371990315677     0.0225888387876997      5.983310065340953     0.8120853005739637
                 221000      2.658488951811912    0.02256540148289975       5.86998275917751     0.7919249599110257
                 222000      2.656268637647409    0.02254191205465493      5.824462129985974     0.7830984291792823
                 223000      2.561981777543457    0.02251794848101826      3.554987013526488     0.2883195494860935
                 224000      2.504752081585747    0.02249553860910707      3.087467116055084     0.1463234945146676
                 225000      2.643539263391936    0.02247133614993024      5.361774050844805     0.6971908858898116
                 226000      2.652130451377987    0.02244809181556218      5.733411680096213     0.7631718114650617
                 227000      2.659398369029585    0.02242579490338858      6.022926163461678     0.8114405071812609
                 228000      2.727559870232326    0.02240134194310677       4.56148152267729     0.5324237691020847
                 229000      2.713229940127603     0.0223778219690316      5.456022862236723     0.7104459263321696
                 230000      2.680060726099352    0.02235705884892025      6.379520414491479     0.8658904655283318
                 231000      2.435586569042732    0.02234304746383229      1.645185741943101     -0.489976074121812
                 232000      2.453396295972031    0.02232708190633483      1.963007351669339    -0.3140665249176945
                 233000      2.711078123637406     0.0223042667475376      5.605242180519976     0.7341356954458497
                 234000      2.614596285064785    0.02228075614577377       4.26822262893018     0.4605762850151514
                 235000      2.536117881091837    0.02225911748299775      3.336350541411419     0.2132846943091461
                 236000      2.565022879609631    0.02223707149533006      3.539432882657959     0.2713827327946776
                 237000      2.502124552959209    0.02221655983616311      3.055957213598858     0.1235862575686909
                 238000      2.548281547181876    0.02219485382244529      3.501776446792232     0.2587862859429533
                 239000      2.433896696450019    0.02218092834162065      1.729043291403803    -0.4475434814849387
                 240000      2.676016638550144    0.02216100089027807      6.343035728796798     0.8513469405932446
                 241000      2.427757296476053    0.02214716136740387      1.740646586395262    -0.4423785833376526
                 242000      2.490489327630728    0.02212783531978751      2.865866615574244    0.05536255855705293
                 243000      2.701803342337335    0.02210712924298503      6.017638684784035     0.7962505217809307
                 244000      2.063605681067811    0.02210270190439343     0.4850944033000419     -1.722056464060215
                 245000      2.629283529070208    0.02208030516759486      4.838686054497794     0.5769846876161651
                 246000      2.538018221776812    0.02205946895809927      3.486055428426564     0.2481682259637814
                 247000      2.397357361442245    0.02204670374214039       1.63005707754203    -0.5125664305538311
                 248000      2.424525471027134    0.02203290582296119      1.809617607029519    -0.4086919509888978
                 249000      2.515357571383188    0.02201260969795819       3.37272785601881     0.2129927647857203
                 250000      2.449120038546011    0.02199762920471242       2.04685137224527    -0.2871071816485422
                 251000      2.238995950544608    0.02199358052740271     0.4550898319625634     -1.790854392286705
                 252000      2.549572852938586    0.02197274002342923       3.70720104862324     0.3057351905427241
                 253000      2.557188671148539    0.02195187067246393       3.78801456153915     0.3263498173655036
                 254000      2.404207399169967    0.02193823478442912      1.841424610316525    -0.3955740503247329
                 255000      2.725380538562911    0.02191684759538299      4.912123480061375     0.5846174044140875
                 256000      2.718617825233326    0.02189599799514951      5.376440030903622     0.6739857688116409
                 257000      2.633915309193402    0.02187500385429265      5.148211903091205     0.6296494973211656
                 258000      2.559364933993261    0.02185466201512322      3.816764442139466     0.3294727601288657
                 259000      2.453936352736808     0.0218395419093453      2.213135587061364    -0.2162120587784734
                 260000      2.550324015675465    0.02181936620756388      3.834189540545374     0.3324114515249749
                 261000      2.343042239813371      0.021810861881766      1.084624659449695    -0.9307024739042423
                 262000      2.316230417774271    0.02180394339877975     0.8606375752837629     -1.162335516735404
                 263000      2.731059061291348     0.0217832801979892      4.615232336092865     0.5161603602807656
                 264000      2.488029078248699    0.02176550682639801      2.964546127393266     0.0727058427823932
                 265000      2.579137370119315     0.0217456598792928      3.884075542881019     0.3419546296243705
                 266000      2.454154378506417    0.02173060896596815      2.296259008153373    -0.1843414636176351
                 267000      2.293991342692124    0.02172496225862419     0.7051144255635015     -1.365277811880834
                 268000      2.007790043563404    0.02172125515724811     0.4501275631315178     -1.814277543502337
                 269000      2.747095577557631    0.02170209808664353      3.619162367928908      0.269306988658939
                 270000       2.28908796358155    0.02169626385977967     0.7366497874821959     -1.322847175180482
                 271000      2.599739160859987     0.0216765171563991       4.09589695947462     0.3918706847190538
                 272000      2.481950666086806    0.02165961205669396      2.852201716161071    0.02919599662139443
                 273000      2.495330297917273    0.02164168423166056      3.221494377731274     0.1501220626486383
                 274000      2.533609795282471    0.02162268664577993       3.76160791544432     0.3042450120331989
                 275000      2.454685480688028    0.02160776771784368      2.381684804953693      -0.15348355713115
                 276000      2.711324025044506    0.02158915159206749      5.730903620657536     0.7237196034282742
                 277000      2.680499606663796    0.02157226756056331      6.418924959278852     0.8363146701717474
                 278000      2.506412511234243    0.02155413725558146      3.507467410010484     0.2311174613549105
                 279000      2.486998042179921    0.02153697008936218      3.143801536644582     0.1208591833345783
                 280000      2.169492026384252    0.02153240964445023     0.5953427942370756     -1.543403251354742
                 281000      2.457275375990626    0.02151741422791809      2.505933153887646    -0.1068208091513779
                 282000      2.514210399119307    0.02149918639616223      3.700532043160404     0.2821471349178843
                 283000      2.581080939849927     0.0214807581015812      3.889030821910454     0.3309729807153503
                 284000      2.389934405608817    0.02146964013469905      1.682964879585618    -0.5071476645345271
                 285000      2.239561631372616    0.02146564424868733     0.5269770950670444     -1.668489041337095
                 286000      2.615130379508385    0.02144689709465742      4.407471072880375     0.4545364872064608
                 287000      2.537062693607085    0.02142875048685292      3.878557456271555     0.3258522337206189
                 288000      2.429446316448338    0.02141583987221062      2.095603823232544    -0.2903720000889286
                 289000      2.320138568805278    0.02140881736686911     0.9927633055533727     -1.037804704902166
                 290000      1.792050156320056    0.02140547225918979     0.4444299901046261     -1.841660698846832
                 291000      2.571558666527166    0.02138728298586066       4.08404574977718     0.3755400326080546
                 292000      2.728964997520954    0.02136889020968273      4.864577898428492     0.5495715225586146
                 293000      2.603844959167194    0.02135074420596409      4.249881099084824       0.41363304012628
                 294000      2.515951802766058    0.02133311278555405      3.857931404330674     0.3160470284530557
                 295000      2.626372414674305    0.02131501976775829      4.943849628885626      0.563211720228742
                 296000      2.619598036102119    0.02129697678101166       4.76131294836844     0.5247440249542952
                 297000      2.575844550363627    0.02127929538437548      4.138872370470133     0.3838133665206845
                 298000      2.491499288422891     0.0212627584893937      3.432734322243059      0.195969674577892
                 299000      2.749224098101093    0.02124622278028507        3.4699849925341     0.2059848348639441
                 300000      2.331247534531856    0.02123864915954288      1.147800062954984    -0.9006748452219208
                 301000      2.471111506711305    0.02122349322369561      2.939314513453195    0.03894057229223859
                 302000       2.52882416650911     0.0212063029362234      4.010130466052345     0.3487776595453015
                 303000      2.422730687724186    0.02119412396086442      2.113852315242302    -0.2921085659524347
                 304000      2.359736018537276    0.02118542343371311       1.37516857218945    -0.7224548693529369
                 305000      2.468573386290268     0.0211704910543434      2.937657502791746    0.03587621442512116
                 306000      2.490609356411964    0.02115425148143251      3.532760893343585     0.2195760267466189
                 307000      2.482216031211432    0.02113839987810605      3.372102229153597     0.1722830804338433
                 308000      2.698649267822385     0.0211230616146653      6.260985093761836     0.7903583848779132
                 309000      2.712864151994091    0.02110680373254068      5.775921423325244     0.7089486755657504
                 310000      2.725389791230727    0.02108991209819424      5.139518604830045     0.5914096827553774
                 311000      2.671154515070315    0.02107493893215888      6.361250990708504     0.8039650986799746
                 312000      2.660001971926749    0.02105945968999159      6.119764916367301      0.764528971836903
                 313000      2.308746470075687    0.02105302700033939      1.019884240417713     -1.027611080871657
                 314000      2.667151324190435    0.02103810584309331      6.344800398665714     0.7996264377462609
                 315000      2.517745722408302    0.02102186585337077      3.991624868414868     0.3354169481048181
                 316000      2.659496897803501    0.02100667664985499      6.176472173661518     0.7712430234671855
                 317000      2.698763658590299    0.02099189582997657      6.351427327779164     0.7984714518340019
                 318000       2.52937780827728     0.0209758210992821      4.054376074875151     0.3488226460338645
                 319000      2.553798223526427    0.02095977128874691      4.103152732052525     0.3600160226247175
                 320000      2.650662449306817    0.02094431890152644      5.908569325955535     0.7239265985064127
                 321000      2.741757306936852    0.02092848644191244      4.040063087096894     0.3430269638446494
                 322000       2.53978308982473    0.02091264733055234      4.117979445713689      0.361372166426898
                 323000      2.545804831667449    0.02089683403743038      4.168779686005514     0.3728764555487526
                 324000      2.396347439314999    0.02088680756238129      1.864428100190362    -0.4322724622857117
                 325000      2.634309821300219    0.02087099322362949      5.301283868306221     0.6119647792346294
                 326000      2.378260565869414    0.02086192002345367      1.655975548711691    -0.5520287829915189
                 327000      2.671970024229525    0.02084817839979134       6.58270965219688     0.8273684771056062
                 328000      2.331273939869534    0.02084098709550538       1.26061650002011    -0.8258220939989187
