#! FIELDS time e sigma_e height
#! SET action OPES_METAD_state
#! SET biasfactor       1.927441707340398
#! SET epsilon     0.01821196306674905
#! SET kernel_cutoff       2.830433390657354
#! SET compression_threshold                       1
#! SET zed      0.1761089902251436
#! SET sum_weights       440.5493004451064
#! SET sum_weights2       738.3581031477642
#! SET counter  329
                      0      2.685493985113519    0.03026603036379893      363.3008217143736
                      0      2.562457800874106    0.02985356062522306      144.3446502819891
                      0      2.636165610883089    0.03134464493679089      203.9192278917597
                      0      2.059350279669116     0.0283750329689192      1.144473112174188
                      0      1.841713671695826    0.03473396270629938     0.2513735734863812
                      0      2.293210602244262    0.02749488178210087      3.240494469117771
                      0      1.956321957125043    0.02827421854480235      0.691167257694369
                      0      2.410633928708002    0.03059488520419759      35.07664910958697
                      0      1.919181586483597    0.03091983878904393     0.9019400838489252
                      0      2.507857999000629    0.02921082726893604       129.008709022607
                      0      2.725041268223986    0.02591276320325733      109.0312114296748
                      0      2.155830489004757    0.02845664488706331      2.521285161260456
                      0      1.591926765997516    0.03291190716599848     0.2652900144250965
                      0      2.339225484853988    0.02775184713248798      12.67425397279082
                      0      2.459777171667305    0.02444540926047301       32.5509971656301
                      0      2.751297305851943    0.02351684440696926      17.97739030055528
                      0      1.763005800830388    0.02369019580460252     0.3717319011625257
                      0      1.661745503439203     0.0236766272080404     0.3740309135637096
                      0      2.239299494866562    0.02171371835291714     0.9820669270296079
                      0      2.007790043563404    0.02172125515724811     0.4501275631315178
                      0      2.601829937118356     0.0216089445746377      8.345778058559445
                      0      1.792050156320056    0.02140547225918979     0.4444299901046261
                      0      2.378260565869414    0.02086192002345367      1.655975548711691
