#! FIELDS time e sigma_e height
#! SET action OPES_METAD_state
#! SET biasfactor       1.927441707340398
#! SET epsilon     0.01821196306674905
#! SET kernel_cutoff       2.830433390657354
#! SET compression_threshold                       1
#! SET zed      0.1325533290128928
#! SET sum_weights       1044.012210434103
#! SET sum_weights2       1969.950090414272
#! SET counter  703
                      0      2.691119901689922    0.02587905947459622      869.7076115529586
                      0      2.478243016488114    0.02649216375002758      251.0315660360232
                      0      1.464068693445957    0.04791960021738759     0.1822051996931532
                      0      2.572009641380791    0.02816429608775303      329.0266948604139
                      0      2.431173070626758    0.02674407676962983      131.6371091485339
                      0      2.648058394670959    0.02683776683153933      633.6254674136239
                      0      2.356406666937618    0.02269480210419654      15.88940748193662
                      0      2.728056904329264     0.0232336951587375      209.9834104088371
                      0      2.207771675002766    0.02328849320437257      2.902469386851323
                      0      1.869079160700856    0.02245854151752611      5.350274373683804
                      0      1.975460876864248     0.0254554716829478      4.715909780761742
                      0      2.058056890230273    0.02262716043655649      5.048108755461302
                      0       1.73525190022087    0.02460968821886093     0.8200564855709154
                      0      2.015947796818539    0.02490080676230533      8.476870002424857
                      0      2.169135927190013    0.02307353999056302      5.029535375997818
                      0      1.585329452236966    0.02406112559544275      1.300855053823992
                      0      2.526585397883648    0.02376228067006356      289.0615004472799
                      0      1.903671393375341    0.02290016312398164      6.356904826538597
                      0      2.277785013718397    0.02376669139428264      5.616742059240432
                      0      1.660542720284187     0.0254503147711507      2.523394716397166
                      0       2.31066924647984    0.02178619161186483      8.398887994287081
                      0      2.112719801347691    0.02358709054993757      4.402336016796498
                      0      2.763484865261611    0.02179588412033802      32.72950105171519
                      0      1.937846713386667    0.02211709778591323      7.557999271831219
                      0      1.786852923519828    0.02077533104783047      1.549022305014487
                      0       1.69848428234517    0.02155522843644149      1.061051096646508
                      0      2.386227555490625    0.02030109937811477      24.53076963531019
                      0       1.81100729119321    0.01981255829236782      1.684792393322444
                      0      2.612568806037609    0.01991090851386669      83.54992586528387
                      0      1.834122313766418     0.0182806245699353     0.6561917170121124
                      0      2.140755706676767    0.01827896831995388     0.7546175256473308
                      0      1.535789475096357    0.01806447209911331     0.5004966671615516
